x,y,label
2.4539935325120688,-0.13600605831036106,3.0
-2.013653883560149,5.807620104544238,0.0
6.126936824556555,-0.012895446848501635,0.0
3.114813901248443,8.962395701902697,1.0
-0.935818381729888,5.029010917871981,0.0
6.9360742637774955,-2.723224157968258,0.0
-0.6902482027176777,0.6772659624878301,3.0
4.7762171618253095,-1.7653928221962012,3.0
-0.3137713812503655,5.85488075370276,0.0
-1.0427726955302852,5.182972659395798,0.0
-6.32830974237349,-7.858175231470577,0.0
-6.626153835661508,-1.3313945437690737,1.0
7.811772667230812,-6.036564999167995,3.0
-9.944554716476135,2.9035846408344064,2.0
-9.198608254643938,-4.13415372019675,1.0
-8.270113952584193,7.932715681798818,3.0
6.7259286538881184,-6.223798680553929,3.0
-4.3396690138017435,-3.3358624881552057,2.0
0.6527177893990359,-8.115386184595474,2.0
3.0960144095265925,-3.387377078267928,3.0
1.0705830249521995,-4.429619763751321,3.0
-5.656345708754726,-5.312874909423895,0.0
7.449004994526376,3.231192461336489,1.0
-3.103526119548321,-3.0832597682872613,2.0
3.528418679247027,9.94920085127099,1.0
-2.8382103525088898,8.327691487210515,0.0
2.197265970875698,-0.15702548617666423,3.0
8.889634183189237,-5.849287511321579,3.0
7.529990567777016,-8.409494980535221,3.0
-6.350940768876314,-4.122252069348535,1.0
7.131751508400086,7.721820769062418,2.0
5.3865858822067025,6.838923372522785,2.0
-5.455929739968419,-8.561418443221152,0.0
6.42209350812632,-0.5534177248968337,0.0
4.405075677553896,-1.1640654115861189,3.0
-3.849969285186585,1.5441264662961451,3.0
-0.2300070339773459,-9.473926500952288,1.0
-5.126918768889286,1.6122788676719715,2.0
2.7396835323623954,-6.584020635576873,2.0
0.8075756914904915,6.178002479555715,1.0
3.875535241258106,-4.6638625450003595,3.0
-7.754718581391582,-4.119766137637171,1.0
-2.0003792207595517,-7.8746933140227116,1.0
4.3154570118313895,8.99546260225155,1.0
9.717784257267997,8.383267470000188,2.0
-5.897614275396363,1.611381495029411,2.0
6.7644415125242965,-1.1147556732958037,0.0
0.05092104889585869,7.080036890990694,1.0
3.0195386702553595,-4.656736361487608,3.0
1.066928676116559,-4.490397643106638,3.0
-2.5769305651070917,-8.557826418714384,1.0
2.4670400957128216,-4.117886282411813,3.0
7.133868986246988,-6.264223140179615,3.0
-7.984817442267136,4.794425240997359,2.0
-5.235539935986124,7.09044624750311,3.0
2.244250444765841,5.157287614974194,1.0
-3.408794016503254,-0.6966120819381967,2.0
8.328496375450843,-6.760667958717315,3.0
1.0506905918621907,-0.0481486684370207,3.0
7.607550010248289,-6.684354995264867,3.0
-3.098838179998391,1.4885598872840848,3.0
-7.835146871926872,-9.157389326660713,0.0
-9.196941536138208,2.3929578090715893,2.0
1.1191747415780124,-4.691646146066548,3.0
-1.5573446066633316,4.101440445878165,3.0
-4.670577960552844,3.5755226683015415,3.0
7.294215624198387,5.447377065074781,2.0
-3.0189602048771835,-8.809045969513242,1.0
-3.9215812385307336,7.028690435404915,0.0
7.018550806926761,-6.02879576450545,3.0
-4.579883594877463,-5.078186782399801,1.0
3.3310770059393935,-7.349299687424143,2.0
6.232669935777327,-6.568921190921115,3.0
7.26629675538139,-4.938078126649426,0.0
-9.82646673337783,-0.5748434826764282,1.0
-6.767954277577339,-4.73664941629705,1.0
1.6009550881387682,3.9799507506762595,0.0
6.5895746136437054,7.305547487405061,2.0
5.637175884387268,-1.589970588988578,0.0
-3.1531835598344893,4.312167366379914,3.0
4.019273978575741,-7.250686478861033,2.0
-3.4951776539503987,0.9536645697015302,3.0
-4.185508647682052,-0.9913123949674372,2.0
-9.312453874402154,1.4613086956077304,2.0
3.1751367357947444,5.820718058133551,1.0
-7.153158786771343,-6.000429805946306,0.0
9.917731611427293,1.7728194513857236,1.0
-8.079345844417725,5.032895936073789,3.0
-3.840230229451736,9.851859882515864,0.0
-8.181424256063481,4.003468244249095,2.0
0.3007527686577198,6.3909935961287445,1.0
6.718559181154465,6.40770205972915,2.0
-8.509159156698484,-8.63918573124412,0.0
-3.776895852696917,-6.999559458572122,1.0
-5.404059334958653,-8.225299142787945,0.0
9.213872438092096,-6.467456930769062,3.0
-6.9307743106314845,-9.173340349929846,0.0
-4.193797309798331,-5.442861492713693,1.0
7.682251805897398,8.324700799568816,2.0
-0.14626960461482774,6.662666875290274,0.0
5.446681660405057,-3.14899778961715,0.0
-0.2912348442938075,1.5719705351224604,3.0
-6.904406247932304,-3.298101504321167,1.0
9.109662920213715,0.5004024110021632,1.0
0.5568316461607754,0.9232494610067317,0.0
5.486453625800895,0.2958007852945972,1.0
6.277752361153507,-6.210225142370143,3.0
7.265157029826291,4.692156883164172,1.0
-1.2285862814929445,5.811602691415773,0.0
-9.040748907161731,5.830871057062364,3.0
0.6912169517294569,5.322615592312555,1.0
4.013175989103754,-6.834512081133493,2.0
3.4097694689388547,9.14149805339055,1.0
4.679257144499232,-1.6853677086371448,3.0
5.141865673754509,5.953713616297387,2.0
-0.7974912562422638,-2.3786399258782627,2.0
1.628268283754915,-8.031417265605354,2.0
-9.0064058426357,-0.3864094805530378,1.0
9.29787755120159,-8.240014997638834,3.0
-5.42905084338665,-8.852212719420079,0.0
-8.433104554620199,-4.223021449743014,1.0
4.015442783351675,-7.694750984976206,2.0
8.123435177000903,6.3708006518222895,2.0
9.498715746589216,-8.598185120273294,3.0
1.474294053125572,-2.64354753998727,3.0
-9.013291003939099,8.414513631703162,3.0
7.294738255629927,-3.710208990968196,0.0
-3.773853637513751,-2.0544201623661307,2.0
-6.114093357942525,-5.686221077381592,0.0
-3.308299919960966,-3.361780459299877,2.0
2.9969641144909325,5.9813284987089155,1.0
4.103315768624945,-0.5310506715585745,3.0
9.382995714438653,2.48029137917551,1.0
0.8812509718638672,7.0962301500616505,1.0
-2.8458131576620254,-0.5232466421226363,2.0
4.51304284696803,1.3214492465372167,0.0
-2.0245052738557323,1.2190241942329862,3.0
-3.2648431591530596,0.8930817612648116,3.0
-9.58563666666012,-4.1628154968178155,1.0
-3.9971028329519402,-2.188028635533401,2.0
-6.7002469201264265,-7.519517926052122,0.0
-0.5285041027454938,-8.85131837510209,1.0
5.676504964125595,-7.00651943163489,3.0
-6.467252276038138,-3.474134139902924,1.0
-2.195858523815401,-6.786150703165146,1.0
-9.299398068664768,-7.535135574305258,0.0
8.15012913945501,-2.8626690496250156,0.0
9.416510862092032,0.8883047174610006,1.0
-3.719928428002479,-2.7754026014143456,2.0
-3.3728357693077555,7.050860748897126,0.0
-7.894549184187842,7.8656694863514005,3.0
-6.203413720857533,4.266176318761868,2.0
-2.80644978776158,0.8762270114608928,3.0
9.04787917413839,-6.650743218441444,3.0
-4.379478702356576,0.8021986298084371,3.0
6.422801653393613,6.131373252677623,2.0
-1.3173811867246386,-7.779034996532164,1.0
-4.055592589302788,-8.744377790266498,1.0
0.9766226971234531,-8.321483036555147,2.0
1.7298616675081657,7.26974111244137,1.0
8.8987884550043,-9.85771727227066,3.0
1.6825713299871108,-1.1649377128373484,3.0
-2.4973844952307207,-3.317003134436092,2.0
-3.9325364377672,2.762255431961867,3.0
9.119525782233307,-9.526838319489531,3.0
-3.1973133979216994,9.898734202983878,0.0
9.577431636574179,-3.457019857524415,0.0
0.7754084441233786,2.2059861607086653,0.0
-0.12348726991725556,-2.3359635988207206,2.0
-2.081880373447486,-1.8120141788120812,2.0
-5.249965383676352,-7.033555660731212,0.0
-9.942875744913994,3.1045862479284274,2.0
-8.484539589311673,-1.5164489316192036,1.0
2.753046260835843,-1.857141281678011,3.0
-0.814522870980646,-2.274000377391639,2.0
4.299454707025527,-7.404847029289834,2.0
-4.96455914956819,4.035395260890741,3.0
-9.468358812552966,2.116440482792461,2.0
-2.716901530578202,8.581175371909172,0.0
-5.689634979301285,1.9064271057448945,2.0
-9.006940814679371,6.391119988520849,3.0
3.997418278931992,-0.2513609795469698,3.0
7.56595716225868,6.731271674175034,2.0
6.815021413996284,-5.464792659967623,3.0
-3.887081398103305,5.709848232154091,0.0
1.5053298138362319,-1.502724958824686,3.0
4.053791195112273,9.622929617778244,1.0
-7.8232955912331,-2.7478334166080876,1.0
-4.603903782167502,-4.999762105173162,2.0
-0.21263959224199525,4.322967811578852,3.0
3.200365706744135,4.3152592840122495,0.0
7.436513507577423,-7.201026654103919,3.0
9.408688581454125,0.5814457387632004,1.0
0.5803262048449689,2.2699306864632707,0.0
-1.4372219120026344,3.98039664602544,3.0
9.208718370747807,-1.3973928943772922,0.0
-4.7130955544101605,7.749212150003473,0.0
-5.4233745728828575,-2.9068907523319565,1.0
-0.6345355920535418,8.201684464225249,0.0
-8.996803208192537,1.6224456230603579,2.0
-7.526400894124441,6.545187658540392,3.0
4.697929078601996,-7.395924678990131,2.0
7.247569899167299,8.392465979949954,2.0
1.7948465627155645,-5.279630614978592,2.0
1.6255794553911773,-9.309426767376827,2.0
1.4728698374449927,-7.031564456093477,2.0
-9.204259573246802,4.306455058713707,2.0
4.912894815719852,-4.739247211196995,3.0
-0.48769487110432763,8.886890693641384,0.0
1.9330857597658522,9.404816749505539,1.0
-0.1455224751684021,3.3341980103286932,3.0
4.968265062665553,-1.2465447097857485,3.0
-9.336324831551801,3.3935992774448565,2.0
-3.3870690016277383,-0.06938843162408226,2.0
9.976260273059722,3.3091561272744947,1.0
-9.725315084344661,-1.1736008010436283,1.0
7.259494002058336,9.34590539081794,2.0
9.891035530708045,-6.691612909584823,3.0
5.1818780424542314,-4.557588252635705,0.0
8.518759475093965,-0.7743589979840628,0.0
6.806380901224745,7.6957171722078925,2.0
-3.3535550069718916,0.0011877414575263145,3.0
-9.2846717662366,7.626753548657874,3.0
9.032966756089454,8.638905455777383,2.0
8.102497474305615,-1.514517007859519,0.0
2.6583923494349655,-9.357888294025036,2.0
4.668495263841299,-0.9397599865820538,3.0
9.488010240260078,1.500763648534626,1.0
0.01186736624760698,7.011255106577103,1.0
-5.599622855183433,8.757120125771348,3.0
-6.877498760735983,6.531901376797112,3.0
6.908636940655086,6.83171482943019,2.0
8.355982424721152,5.523977578133746,2.0
3.4752694118164467,-8.385007628106937,2.0
-3.464109640003235,8.830304071999201,0.0
2.7770288909233294,7.141427241915494,1.0
6.689219247176702,-5.28956703054458,3.0
5.586104334788054,-4.318121443633438,0.0
-1.2908212395710716,-3.7927288255318174,2.0
5.9535912360014915,-5.712838141525818,3.0
-1.494438785143295,-3.124657200163437,2.0
9.338119749380024,7.978181681312488,2.0
3.162579047285192,2.0509777467584946,0.0
2.3491784106919145,-3.7056570578456522,3.0
2.560106006280577,-1.3940546735009995,3.0
-6.944539704487848,-9.796283380691088,0.0
3.945531311165187,-5.592973745258796,2.0
9.716179325348968,-5.156624967099182,3.0
-1.9573295514126325,-5.579244275221762,1.0
7.200078846515819,9.316726919482218,2.0
4.031904743468429,-6.64714150353362,2.0
-3.8815217355516314,-9.71041108772235,1.0
2.476391252823502,4.335639847312168,0.0
2.422861111813157,5.145266000364977,1.0
-8.082854035941114,-2.577949239557416,1.0
-5.804207569478621,8.471063137190665,3.0
-4.912746592382082,-5.627429756320906,1.0
-1.660130559728362,-7.2532296598429085,1.0
2.683876140550945,-6.731587159725518,2.0
1.831610286616371,-5.704150127836993,2.0
-7.496001243807293,1.116109961289622,2.0
-6.086117037081626,-0.5897593655764606,1.0
-2.2619036663337377,-3.489191939495555,2.0
4.365622760323122,6.034736780961715,1.0
4.615238703121543,-3.0988714633614816,3.0
3.941208936934352,8.867126970762229,1.0
-3.5044908760509657,-5.770923127709304,1.0
-7.286116999462404,-1.4597565142804374,1.0
-9.264191094419562,2.0230590019098855,2.0
-8.994774906778176,-3.1489380758341206,1.0
6.412458958175751,3.1438435681606656,1.0
1.1043750459417012,3.9906718059998454,0.0
4.886822311168132,8.608999159108478,1.0
-3.8928703594296143,-7.228578842259772,1.0
5.4441587370881805,-3.6133061355502116,0.0
6.151915170183564,2.231237609833732,1.0
7.904514485277467,0.9887728823630741,1.0
7.648396534540975,9.70447118530143,2.0
-2.6291814634044997,8.690309371257918,0.0
3.667492521502698,-1.3541195338409793,3.0
-2.2361410014151666,-5.487889050674182,1.0
9.181757619946293,-1.0409130034298286,0.0
-9.312492692271217,-0.7521338139852816,1.0
-1.3860859788461521,2.889562047322956,3.0
2.446631444305929,-7.450167900527065,2.0
1.6212785681931763,-6.636670917941903,2.0
-8.088170242903104,0.5837840796311422,2.0
-8.385114636032947,7.89709854205713,3.0
3.1318557731583425,-2.8387476201929918,3.0
7.621162303336394,-8.547569142365896,3.0
1.7938182533114233,9.009894297593576,1.0
9.278988470312356,-1.4771467232295876,0.0
-2.484556367060444,9.246434291950315,0.0
-8.310151058675753,-1.9025205755238055,1.0
4.136471204483156,3.2023891812434595,0.0
-1.5637987024859754,-0.5061727571278283,2.0
-3.9823319416688596,-6.570987960234616,1.0
-3.5592156182549184,-5.8542382944255795,1.0
-6.6720093678937475,5.892579022988972,3.0
7.584935301597618,-6.865236772288553,3.0
8.13425048306027,-2.827443954224278,0.0
8.760470672615032,0.14256722793311916,1.0
9.251496065053871,-7.1215486869953715,3.0
-9.143983205867647,-8.72037583883494,0.0
-0.6331131951451336,-9.37016936805195,1.0
8.10478614246049,-2.4621734920700833,0.0
-9.135943110426146,-7.974243706264463,0.0
7.967462084573704,-2.2848722299435487,0.0
-6.328982460560127,3.351142975249479,2.0
-9.528560837010076,8.99984427705989,3.0
6.541044181276007,6.205940752481116,2.0
-8.845316847514466,-5.380631702258825,0.0
-9.721939796936043,6.877896343354511,3.0
-6.591787900212598,-8.333558048557236,0.0
9.482015461459554,-9.754114572358416,3.0
5.8965312816722,3.341024119799741,1.0
4.362364890205912,8.211477587038594,1.0
-4.606044306700332,8.734644790072355,0.0
-0.8789109115904221,-3.724916372969009,2.0
-3.9574996003422536,-6.517998583058786,1.0
8.068828439830153,4.895485113815051,1.0
3.1155896983059606,7.125556203965665,1.0
7.608096054951552,-4.16715060770737,0.0
6.337250464659366,0.26409380986016906,1.0
-2.3742438964428185,-6.232280551739036,1.0
9.584730146701514,5.956067150544968,2.0
-2.021329144209661,7.4230542461254565,0.0
0.26781993718529584,-2.6886320713290264,3.0
0.03711895913865604,-2.22648373662434,3.0
-2.363954740776089,1.3135103273942619,3.0
8.001250515216057,-7.753632823374401,3.0
-4.59136714722113,5.3974369164601335,0.0
-8.538168785890221,3.1673285329372884,2.0
-5.309803923593995,-1.146497454966532,1.0
1.6231979479275243,-0.7670839157172225,3.0
4.611259825181932,1.9692853700117539,0.0
1.510379385699963,7.97412443024454,1.0
7.935929289173956,9.738661856389335,2.0
7.446713782816335,4.2322397649981,1.0
-0.726513639501869,7.964386407809297,0.0
-0.8426820443752163,-5.016949003005391,1.0
2.074471393872436,3.1764764513327144,0.0
1.3541905181333842,-0.3803103303944262,3.0
0.6750757432614272,0.820759689097283,0.0
-6.880969220242523,-4.821504720834795,1.0
-4.9212698967385515,8.34103440357325,0.0
-0.8040073414077735,7.592492078177656,0.0
-7.727378244509513,-0.8809815949290858,1.0
-9.929728024650522,-8.4502721148335,0.0
5.993768958139874,-0.8207568462722303,0.0
-9.237274128573132,6.3016000581383125,3.0
-7.5833167967730475,-2.6902375629557396,1.0
-2.271419560089365,-5.671125168816291,1.0
-5.274977724270999,5.214280552747695,3.0
7.111921018042075,-8.269591590063017,3.0
-6.427275215639961,-6.078815431504559,0.0
1.0636466031702412,4.448621138694367,0.0
-8.688859846033006,6.329395966587917,3.0
4.525917960445781,-8.484384448194689,2.0
1.2816384682106339,8.116132682857412,1.0
-0.6012114216144493,5.687640543745205,0.0
-1.8537433548244167,3.032692245665288,3.0
-4.221940209875086,8.103836481644308,0.0
9.142623668197103,5.377029081756227,2.0
9.404076005160245,-4.967263330138449,0.0
-1.8641311460197088,-0.10965170032788585,2.0
-1.6669446484416923,9.544243464553524,0.0
9.19551727142871,0.3101453376735126,1.0
-1.7521649098734215,-0.3220022881179787,2.0
7.871493070419042,3.4135715537285254,1.0
-1.9029350945685426,-7.97746921833054,1.0
9.217591574337671,-1.6913068533404143,0.0
4.425859323343509,-1.2684752179973025,3.0
4.899774445536167,1.3670030825860575,0.0
-8.87723530923424,-4.6773173739711,1.0
6.884067766670782,-2.7195151539065616,0.0
-3.4623167232260066,-3.8680203285880355,2.0
2.4411690391997976,8.266108947260605,1.0
-0.8700169178153061,3.5816367517895547,3.0
-0.7573025642127451,-6.781705742687465,1.0
5.4625958394160605,5.250008787435739,2.0
0.7712806779489707,-5.7660741042521995,2.0
-0.5630076412898717,8.792042746984883,0.0
-3.3518152177504295,-3.052097461219512,2.0
-2.6314795345998787,8.986448070328382,0.0
6.976042961665712,9.976795198147201,2.0
-1.5985039045577132,-8.333637104328279,1.0
1.6701361521064406,5.891307266965919,1.0
-0.379808369025767,7.05130142245428,0.0
-7.23343757176949,9.455097201590515,3.0
8.403139899943888,4.462118459077576,1.0
-4.755581507329536,6.413848337796015,0.0
6.55367370746972,8.154088533734559,2.0
-4.052175465372196,4.451905061199087,3.0
-8.45688423752825,-4.535990867764495,1.0
-0.8969735430338837,5.2669771224765185,0.0
-0.7757628516345036,-0.1776642885821449,2.0
1.0739127763433558,-6.137199318251256,2.0
1.763562940322668,-9.254580638490967,2.0
-4.282565134786838,-1.172167231460719,2.0
-8.33590909282253,8.813553076162176,3.0
-3.194602337435171,-8.007985967779076,1.0
-7.992826635421821,0.6263290777946899,2.0
-1.4902015464484482,-7.401752832071624,1.0
-9.945353863235573,2.4251589106790927,2.0
-8.754444617899477,3.731285150182149,2.0
-3.5116784036974042,5.7184677160932615,0.0
-2.4212831109409994,-7.639246827170494,1.0
7.6027628243879555,-6.308698999425603,3.0
8.72043385980011,-0.06566680864412255,0.0
-4.289479617593443,2.9419604518524842,3.0
4.585493304837222,-9.171501462629424,2.0
6.719424458664992,-5.472495595445794,3.0
-8.014720600160853,3.4800521477393325,2.0
-4.234978706786208,-9.475626066207061,1.0
-7.00290445792983,9.332176303803262,3.0
-5.544117457819522,3.104162781542268,2.0
7.329437855016931,-8.061421878869039,3.0
8.220573475567086,-3.479346973349551,0.0
0.3506618812028357,9.396735557447798,1.0
-6.234186293688748,-6.596220994797974,0.0
-2.399958640709703,8.069395928221851,0.0
2.1097842610421225,9.93927652420614,1.0
7.257659043506301,1.4219742923647374,1.0
2.9591621279305276,4.598066849820654,0.0
4.516856123946404,-3.28002750788386,3.0
-1.7251629789357352,-0.7369832534512994,2.0
-1.3296458853867819,2.7936674772306986,3.0
-8.075981454287577,4.8945815328669635,2.0
2.1391886013788657,9.693515464122399,1.0
4.841762155976838,6.8400269527473405,1.0
1.4526399070331735,-3.6222875433628055,3.0
-7.998925292619212,-5.039549174743829,0.0
-0.31463532796228755,-6.431934853486762,1.0
7.614336380298557,6.484974638528961,2.0
2.1986482803211977,2.1824060533528673,0.0
2.8272313489778504,9.924811363797446,1.0
4.6799633467717,9.139942879068105,1.0
3.412987558352789,7.345033774898056,1.0
-2.9400032387273267,-5.1743170780853465,1.0
3.4150617989445244,-6.841204319842991,2.0
-7.293959754864556,-1.4712886000165266,1.0
-6.5716644692309245,4.509793032188938,2.0
-9.696622945082181,2.2211830175268084,2.0
-8.025975028577243,-6.05479327211315,0.0
-5.527612777649294,7.705900511088551,3.0
1.2797886222370387,-0.775080343291151,3.0
3.007425169939669,7.29115846241352,1.0
5.583262243604199,9.4694758453618,2.0
1.728090810804412,-2.56159496556966,3.0
-4.25331316763661,-4.067564572177796,2.0
5.410739015175395,-7.598849901476461,3.0
6.356453320969592,4.3741511856465145,1.0
2.4251840047268143,-3.827683929719332,3.0
-5.802919629937275,3.7708513616072423,2.0
-0.48324653981408794,-0.6958040348071126,2.0
-0.20760242103149196,-9.091067081011232,1.0
1.5886870220016913,2.745729160770958,0.0
8.803551984882677,-2.284417484630734,0.0
-7.510642404375645,1.3283020542215063,2.0
-8.98257500151136,4.095299666405555,2.0
-1.824562921431541,8.295040425830425,0.0
-7.452872587722668,3.649036817695011,2.0
-6.631268599022473,0.21551951970993066,2.0
-1.3205138995925676,-4.651034639864074,2.0
1.3695645506008383,-7.9344083872558135,2.0
-3.847600454761924,0.10741726340004654,3.0
-0.30710435745588427,-2.8249845010611203,2.0
9.333745962282691,-4.649106217266084,0.0
2.3494110042946943,2.426239956290699,0.0
-8.458644059734404,9.351913686782126,3.0
-6.537110573407299,0.8909930160762656,2.0
6.643670086181835,5.146102489991014,2.0
4.121284154968519,-1.2150008776152603,3.0
1.8944531467861196,-1.6138459896439308,3.0
-5.637422705189108,8.022367442274145,3.0
-7.068313431109008,-5.7250648273269045,0.0
0.9256255337492565,-4.28247916058308,3.0
0.06719393235155735,7.047820344984753,1.0
-2.5626430371026583,0.8070417968515429,3.0
9.654939549676126,-5.511571732912943,3.0
8.48462680396775,1.363823069941354,1.0
0.4691918901823229,4.53143264815054,0.0
2.5704134618005305,6.312877741003266,1.0
-0.30460922633798404,-6.842729821456426,1.0
-6.557214462683274,6.644380896568514,3.0
3.0177411005439136,-4.951572290091195,3.0
-9.408940642107302,3.802766856788695,2.0
4.3503367370609265,9.631455940946026,1.0
-0.5622135802405701,-7.3383745437106,1.0
-6.521902089675056,-6.748309096072271,0.0
7.582460508029506,6.198863765995267,2.0
-1.0556375058734435,-5.50137377340719,1.0
6.548661407094279,3.1177327289503953,1.0
-8.712833150814932,0.792618046897335,2.0
-0.2619831245115396,-0.45448278096379013,2.0
3.5166612011237888,-8.136049162550417,2.0
4.2090030093062545,-7.697376823241608,2.0
-3.614196827139475,-2.458088392775764,2.0
7.6853233485737675,4.077987509387404,1.0
9.998936466703782,1.9636268238691308,1.0
5.948779286505548,-1.798585955938801,0.0
-5.777132596239454,0.18476232405232906,2.0
-8.930713880896224,-4.499457336295389,1.0
4.806674532586053,-5.1881827768150774,2.0
0.2565296979442202,3.1083969723027476,0.0
1.9648978987996308,7.7968504235729235,1.0
0.7970638901211302,-8.072742512079556,2.0
8.826385063241936,2.333676860943946,1.0
6.615801093348857,-4.513460240594231,0.0
-4.172840697240225,6.501373371300446,0.0
-3.7075221403656915,-0.037539617454619645,2.0
-0.6878904789693401,-4.253547500628512,2.0
4.437630043273478,4.662586455459429,0.0
0.3029479733073277,-0.3991709839962514,3.0
-0.6940554072006684,3.8254071266961276,3.0
0.7451851808972627,3.931940858503866,0.0
0.7933376940555963,-7.10437478911925,2.0
3.0038485147257035,4.77640307964948,0.0
0.5322142827941594,6.628675962853819,1.0
-1.8435565449877238,-0.9908745368405789,2.0
1.8605832034465877,6.230379842283352,1.0
4.837945602631175,6.1560305253315875,1.0
0.9524494338280665,1.9615304599286265,0.0
-3.637864075791608,-0.0757719765991478,2.0
-5.362324397846727,6.534953775505166,3.0
6.2212262216910865,3.43119049284377,1.0
3.210556708148548,-9.583773730396224,2.0
-5.23917723768732,6.680667850214931,3.0
8.61238449534818,4.845089189267792,1.0
8.81599161241683,-8.60422197314556,3.0
0.7940796796812926,9.748095464358656,1.0
0.5771288640677241,6.877764552619144,1.0
7.809036781652949,-7.874457187765092,3.0
-3.5246888990398695,-6.439702832833481,1.0
-2.586929943137191,-8.816564006584658,1.0
1.414660559891697,-5.185558662266279,2.0
5.559349428367394,6.071028604928269,2.0
6.397248544397552,-9.725580179368619,3.0
7.249535269536679,-8.64425474631312,3.0
-6.2506982062786065,1.819531782620949,2.0
1.05228510335888,1.5949885088584956,0.0
4.823083212382484,3.5181426976835155,0.0
-5.104734061278422,8.98862877881259,3.0
-6.209262349393363,-0.397516157637396,1.0
8.962429763352453,7.51858565203182,2.0
-0.6650755207671253,-5.267587067996944,1.0
-0.1754156268682472,1.8093756618587733,3.0
6.433477059981541,-2.5233225872599485,0.0
-1.7718063106598354,6.829587165197573,0.0
7.503360925069465,-0.2633714348497307,0.0
3.088007171979939,1.3887333890122626,0.0
-9.623786128906996,0.43778448069892306,2.0
8.492685801980567,7.923673019386314,2.0
2.0804784138705834,-2.510201468360722,3.0
4.951836119639081,-4.37913870444431,3.0
8.200970348393088,-0.8843446612517383,0.0
-7.129996139718491,-6.343711143221258,0.0
-4.394482802239937,-5.437494105180624,1.0
-5.588586232447536,9.873726126986096,3.0
1.7036130390037378,8.920569480054656,1.0
-5.266788544938354,0.10102817028286815,2.0
-5.7264125891964905,6.4983442024316,3.0
8.841118037816543,-8.2490080197834,3.0
-5.22657318712292,-5.1406764860839615,0.0
0.5570774593340673,-8.428483823987651,2.0
5.974374449618287,-6.038854717362572,3.0
-2.098114800134341,-3.1658936676527123,2.0
-0.3043643030127541,-7.818622254769485,1.0
-7.084310194197494,7.069581269538986,3.0
-4.933484633714718,5.75976657249152,0.0
-0.9640576594778683,-4.450374727222124,2.0
-3.6266424042454055,5.855461306827312,0.0
-0.9361104878968938,-4.651510956956972,2.0
-7.367987227608408,8.769152145755054,3.0
-6.432797197462521,-8.683790739191881,0.0
-1.3742845963192867,-8.40888512882107,1.0
7.465472440673384,-1.8551878447533117,0.0
-9.234896415711194,3.2542948117389,2.0
0.15730328215558131,-1.8994924357608323,3.0
-2.1046133596005774,8.833401855129047,0.0
-6.414970100970456,7.327510633199989,3.0
-3.82405294906566,4.731515591467508,3.0
7.687192974779318,1.048165913415854,1.0
1.820954401027473,-3.5876046681068274,3.0
-3.3864559461118198,2.4174673627731593,3.0
-0.7916796041391088,-5.4182180030214555,1.0
2.332446924621138,6.7609913416773715,1.0
5.500933899449045,-9.292296129517863,3.0
8.89554634084454,-5.07444122300752,3.0
1.4611714425128337,-6.971046716528628,2.0
-0.3910605386103647,0.6999878319615576,3.0
3.782804717571553,-3.7360180219887518,3.0
-8.09316257103818,-5.067522048072006,0.0
-1.8299211711900405,-1.2975182080709118,2.0
-2.7668683158030305,-5.704132054800491,1.0
9.860440636216413,-9.770965262934103,3.0
-7.10259019629156,6.866468802614026,3.0
-7.811260415780373,-1.3931150718040897,1.0
4.000797715796461,-1.7436059462941458,3.0
-3.264323469594375,-3.2100224973034326,2.0
5.275053797616227,-4.07202439615717,0.0
2.396707687842161,-1.3137108468219942,3.0
-5.26211075689144,4.38875513266456,2.0
1.1987580978058059,4.0149632346634245,0.0
-5.160130596222943,-0.08743283578757399,1.0
-6.8415184974840715,-9.677064464733977,0.0
-5.254675885104396,1.4696032705291824,2.0
-5.712848518695384,8.676920828372815,3.0
-6.309345473707328,7.471164625812605,3.0
3.8982598047161883,1.5942904093693961,0.0
9.334069043987949,-3.9972899816215257,0.0
-1.1498952173364074,-2.483052437689775,2.0
-2.540363868647808,-3.717807383525857,2.0
-4.257672312449767,9.95832716957284,0.0
-2.6526987559406745,-6.027851128804691,1.0
-8.401632898037443,-8.729152920194778,0.0
6.329765188105053,-1.9785110633802887,0.0
3.7712421819141966,-0.6296025633147178,3.0
9.14246015750393,1.6267497542747922,1.0
-2.6590553548305262,-1.2857331985774323,2.0
-7.933114572203863,7.542791791314144,3.0
2.8998140536878267,3.2365822895713876,0.0
-9.244925357860055,3.776464556357464,2.0
-3.4511585767663266,8.539687721002082,0.0
-1.67507578260512,-5.660173381066977,1.0
-9.734337192598897,7.9889001617532145,3.0
-7.575426606662217,-6.318134187566338,0.0
-8.854854389746922,-6.102278672604447,0.0
-0.04558582737088912,-2.6643746779780964,2.0
8.985197318379917,-0.5733541310659831,0.0
1.7402883145907477,-4.395473666352494,3.0
7.752934952181949,7.5538112729603455,2.0
5.893261388695024,2.8046517547353833,1.0
-3.993401305044446,-9.311855109837657,1.0
9.413075295943894,4.7679141636810485,1.0
-9.900876161378747,-5.652441781141569,0.0
6.674595596926906,1.1401788020488173,1.0
2.618459417767058,-4.427513972927146,3.0
-1.3205777604593312,0.0939076666025187,3.0
-1.824656108511176,-5.553188493084205,1.0
-4.955988254429511,7.100691780227699,0.0
3.5512596947522628,9.46775897017256,1.0
-4.483319674013191,2.031920211335734,3.0
3.8166106960315194,-4.247081974758604,3.0
-7.2027631785445205,-8.848923240937076,0.0
-8.104270587152591,-3.7597227803150997,1.0
4.675477231778062,-7.0651323833705675,2.0
-8.247639697342372,2.856913298853332,2.0
-9.042469715294185,-7.868197922526383,0.0
5.845823380380061,-1.033023154588225,0.0
1.5500110997682004,3.667079147907099,0.0
-5.822151441287319,0.8669236606681601,2.0
-3.5363944650300594,-7.145623258302094,1.0
2.6685394619128893,-4.527790555661088,3.0
7.40980838255399,-0.7530902363702161,0.0
3.4029754986920118,9.031623184611764,1.0
5.142707562720778,-0.6935191971988779,0.0
6.463031194638159,-0.06187309572458055,0.0
-9.371256637957115,5.139217106849758,3.0
6.007749000939604,-3.7305382965670075,0.0
8.249955806971517,-1.078414829302325,0.0
-2.3574413697720864,8.216118882736119,0.0
8.493994989603195,-7.474091346015664,3.0
6.7363288901873055,9.630528567111067,2.0
-4.751327944235335,1.8160830727796764,3.0
-2.345325914775815,-2.4985463086591286,2.0
-3.9908595396645303,1.7324250072542426,3.0
1.7848947568952855,-5.155188346756194,2.0
1.7460251616579026,0.6046808251311617,0.0
5.1122285139796695,4.207207960599252,1.0
3.651520106251917,5.821587741163967,1.0
-6.496019062651275,-7.350493097245305,0.0
-8.989091430278437,-6.530518104240873,0.0
6.402440769940956,-6.868241857127931,3.0
-7.209083635896514,9.748094943315746,3.0
6.666726345779914,9.873464179399551,2.0
4.849966298519927,9.284568256168736,1.0
1.0012235231555007,2.3100908697151006,0.0
-7.462927107189634,-4.898115427832595,1.0
-7.115006054300221,-9.033321180617211,0.0
-4.22590014994308,-2.22657348019327,2.0
9.709339306083521,-7.716363903899857,3.0
-1.246554984320177,2.373426067532021,3.0
9.48554743256246,-2.5227322687323923,0.0
-8.920498470657998,9.956625677319405,3.0
-6.732873238344242,-9.095711128453354,0.0
-5.57928116965236,-8.281875109717733,0.0
2.149088341685939,-4.200730106238555,3.0
5.3301828790669745,-2.764969869535019,0.0
-7.469740293055764,2.302556651425121,2.0
5.838281402366757,-6.5971342496416945,3.0
-3.9778408228097977,-5.6649242788603456,1.0
-2.248208729121936,-4.400430681272316,2.0
-6.804517836303203,5.70512863275799,3.0
9.962468792326927,-6.557189992725001,3.0
2.3997538562409755,2.5456723844103806,0.0
3.148930897797534,7.783737495230092,1.0
0.4875644797336154,8.468467465840636,1.0
1.673877087774251,1.9610105238765776,0.0
1.84027656834931,2.690498423339047,0.0
8.059947985423403,-2.099727616809421,0.0
5.201524801960124,0.8405132464851643,1.0
-5.4576624908938225,8.290183579933274,3.0
-7.598202816903264,-6.288587879154319,0.0
-6.243160071035354,-7.54446730665689,0.0
-7.057312850464401,-0.22538302860318637,1.0
-9.797059767077481,-8.916864818995997,0.0
9.883739791946748,-0.8767996743466373,0.0
-0.3180682807309907,-9.397239225187628,1.0
9.190085428924451,6.445736528633855,2.0
3.0775946154011873,-1.4201001259180508,3.0
-2.1145553644013093,5.862397080231663,0.0
2.2360792828530602,-4.303665595495072,3.0
-2.0919603964362565,0.23531782224688058,3.0
7.9046448782108065,-8.666474471640145,3.0
6.7472054025313675,6.5173620921082325,2.0
4.634715845167271,0.8967906176347302,0.0
-1.0192029242482228,-8.63301391146545,1.0
2.882332908822402,-6.263995716420161,2.0
3.655948006409023,9.332978067808458,1.0
-5.954103267530078,8.047107573996367,3.0
6.680027662531529,8.16793442009335,2.0
4.373282130192786,-3.0557030606506697,3.0
3.3730022879100314,-8.338095396002212,2.0
-5.596281614104144,6.377504928946028,3.0
2.6566200420411796,5.753055572236331,1.0
-4.299999700711776,1.1958725182532781,3.0
-5.928020176551179,-9.616090561475056,0.0
8.050516614166742,-0.25778706129830553,0.0
-4.591122939103968,-2.712276082843788,2.0
8.001268641812473,-0.6418243262741079,0.0
6.931772110240551,3.4467914797017603,1.0
-2.0247503014933477,7.639906562047301,0.0
0.056533868512193663,6.292928601801467,1.0
-7.177440919889322,7.035249640946176,3.0
8.787538613466939,6.082969139735443,2.0
-9.057459245779542,9.952543517451073,3.0
-0.638880918784503,5.520980325533078,0.0
6.472089779368414,5.920836316756269,2.0
-9.4377401755544,3.0395214949977074,2.0
-9.24468732622826,1.511692437979688,2.0
9.626169617198059,-7.652749161019788,3.0
0.7466985897045042,-6.499251700870445,2.0
4.1453966834188645,-6.984301070231198,2.0
0.4925968873219233,5.155096036109839,1.0
3.7013098106846094,-5.755189680328225,2.0
7.162116442105713,4.070989020139857,1.0
4.599928551765348,1.9043196117364065,0.0
8.448146452634028,2.3951776415553816,1.0
-4.968904386850328,-3.4715630123760866,2.0
-0.2985456321753581,6.40886514720917,0.0
3.0192664966868676,4.278767808095827,0.0
-5.7587960542241134,-6.7868779211532,0.0
2.239516387493323,8.937370155043997,1.0
4.1888054317902,-3.1905240949124325,3.0
-3.3374006886070573,-4.631759376834674,2.0
-5.424819183589086,3.752161510545264,2.0
-6.6443813889770915,7.703116089248713,3.0
-2.7622744909893555,-5.665981017213799,1.0
-3.9508400475207157,8.946994288968192,0.0
-3.378246468422623,-3.6220820389659014,2.0
1.513139735739621,8.533350648271956,1.0
-7.863048104483679,-1.264120002175451,1.0
-1.8736085635225805,-9.007714289102749,1.0
6.445436199499326,2.515660257997645,1.0
-1.9873878689520037,4.457029152442454,3.0
6.087002066330587,-7.779666747852363,3.0
-9.150399727926866,-3.650742782142813,1.0
-5.910952975299728,2.0255379247545395,2.0
-4.282037434094697,-7.2355185698759055,1.0
4.676045345360677,0.368801772423728,0.0
-5.563092364333116,-2.149715776509753,1.0
1.9845679512868628,1.9047565468041547,0.0
8.027492244275027,-4.081794669165706,0.0
4.0588758702166245,3.926368177933986,0.0
4.0193959633251275,7.375904073764559,1.0
2.116267306755679,2.259732343271512,0.0
-1.6836655790041561,-0.4812648636678496,2.0
3.289686871401944,-1.1647683035612424,3.0
7.22539847343587,7.9917282671563115,2.0
-7.789019409530534,5.0611588214872665,3.0
8.13575577410423,6.08719153112817,2.0
-8.302037734504903,-4.597101100982314,1.0
3.4200553621006318,3.6871952604363223,0.0
-1.2431899721747008,-4.87654407684553,2.0
6.187243914305473,6.856118196449685,2.0
9.35138371567168,1.9999693620823695,1.0
-4.381845039168015,-1.2220893993635933,2.0
1.1883141781328312,1.6127858838268843,0.0
4.823507519947958,-7.001183549408463,2.0
-0.4834376266065359,7.8761310512737985,0.0
-9.574178122256761,8.573758458455952,3.0
-5.562659190208303,-3.240679774117945,1.0
7.787121820382762,9.327941181375959,2.0
-4.2227722885204955,3.945690085523051,3.0
-6.187311883754692,-4.963283662048903,1.0
-9.743540773866243,5.871719056631537,3.0
0.4874551371736615,-4.709732005229938,3.0
6.766130576747113,0.9976785248618807,1.0
5.472473094727322,5.015740434308869,2.0
0.6213853010292762,-8.481740220637505,2.0
4.3847388580867275,-2.227852976106357,3.0
-4.127134509592194,4.427108602082576,3.0
-7.158106748520867,-4.121340002651046,1.0
5.488729815088291,5.478343257456084,2.0
3.2488748309781883,-8.57633258742203,2.0
-2.1460186475171934,2.276264143432167,3.0
4.837927281068939,-1.8186174488062434,3.0
7.353484873095596,6.191769952197841,2.0
-6.899900629459252,7.393118537414811,3.0
-2.6895332172577158,5.783129976105128,0.0
4.883625993325635,8.79658282636506,1.0
7.154497035411445,-6.63243214816712,3.0
-5.088359916836596,1.7870706172341766,2.0
-1.1452992830538555,-2.0913520131080503,2.0
4.748325473276216,-3.8280208665469795,3.0
-8.454923007709251,-9.631432118057896,0.0
-7.964674787963815,5.91213669162974,3.0
-6.576459131275283,6.744613929501117,3.0
-2.885697926108552,-0.1641753561080801,2.0
6.4629764309467745,-1.5057040244150794,0.0
-6.207629328192132,-2.6362215038502423,1.0
-4.576262885366125,-6.820037079853374,1.0
1.4190943272553973,9.437716504903499,1.0
8.12739953923058,-0.488633335190336,0.0
-8.623384025662721,-2.7878923254001364,1.0
-2.004159406685977,-1.857202239733681,2.0
0.2570491293142858,-1.9899930041967284,3.0
-9.53355371172339,2.775065577133173,2.0
8.802364502809962,-0.07415808873143348,0.0
-7.169110108679739,-7.289296514409484,0.0
-4.152595726616662,9.703706406755796,0.0
-0.6171003336365715,7.800513978020337,0.0
-6.5883236681325315,-7.665940940658751,0.0
-4.921484395460269,8.999649861210145,0.0
6.84078337598973,-7.686525547026211,3.0
3.0148356526361475,6.059552165112002,1.0
-6.70721921761028,-0.8789380323651503,1.0
-8.152264929341884,4.478944535616485,2.0
-2.759167508234799,8.20394539820595,0.0
-8.430900665681577,5.529342785383848,3.0
-7.1671655087676855,-1.7579323633253026,1.0
7.6454778444095695,-4.632110460913044,0.0
-8.443464860644967,-8.210329548604738,0.0
-3.6187604521701537,-1.2393356491763257,2.0
-1.687575710855075,7.561232706537318,0.0
1.852331604702604,5.236979645371791,1.0
-0.8909315469599672,5.128917410206977,0.0
1.719874952812022,4.008260610242157,0.0
-2.489044303441357,5.668744614737433,0.0
-6.795238598183886,-5.526581763087477,0.0
6.536373275942275,7.412271841440884,2.0
-5.004903334378408,9.843053987878548,3.0
6.4442930523590505,-8.604221913946235,3.0
3.9284335652385813,-5.033675903499553,2.0
-4.18275672190783,4.620693573564964,3.0
8.326829437213995,2.245337162020446,1.0
5.106403956774466,4.67013190467928,1.0
-1.8355837762022311,-8.897659768623054,1.0
7.090038339237168,3.5115065667087553,1.0
1.42769356591125,4.81594989164212,0.0
-8.90822881774948,6.299374810412775,3.0
-6.855312843443507,-0.4713370721440313,1.0
3.4774877019554964,-9.846897212362224,2.0
8.064181223142938,5.27225639668028,2.0
-0.10868420808597001,0.3303334845931545,3.0
-7.650441530549847,5.809044673426387,3.0
-8.850797626546026,-8.961603183399586,0.0
0.8426332829768661,5.9737572172298385,1.0
6.119241215718599,7.174463411315063,2.0
-2.0200693315585205,-4.2812153543496345,2.0
-5.198143799067269,5.880124500085756,3.0
-6.544790260364437,-4.81266369781104,1.0
-7.270516197643637,-2.33633936913135,1.0
-3.456857025301206,-7.485450617077786,1.0
-6.9923637771662595,5.625695598070378,3.0
-4.164148056603139,0.19568332503418873,3.0
-0.8747843837407956,6.284222824750557,0.0
-7.778440661758575,0.25074974677357886,2.0
-2.039951854585558,4.324864061335003,3.0
6.914417591810061,8.933821133475565,2.0
-7.659950023814619,-3.1302145653060993,1.0
2.698826469495316,-3.566599508283095,3.0
-8.30757589525348,7.146476240506555,3.0
4.673190949793899,2.369017939436633,0.0
0.2578469053200809,-8.356202889755785,2.0
5.0501786043066375,9.807910748573338,2.0
-6.618741081483281,-2.108189571494705,1.0
9.660199840158946,5.141357225410729,2.0
3.843673604286309,2.533705407545188,0.0
-0.7445899790936767,-4.058994355772203,2.0
7.75453683432891,-1.0357721049418487,0.0
-2.1012860412036822,-5.990099049872439,1.0
1.125669426495266,7.484799834810122,1.0
-5.777965269486797,8.551988771812574,3.0
5.8894575150407285,-9.9804450490381,3.0
-9.683229643356324,3.1946601428779644,2.0
7.309865520842987,-0.7923508260319174,0.0
-0.4059827534177991,-3.8915374138517267,2.0
8.195939421533858,3.366023042842226,1.0
0.7435523116937723,-3.284162590552418,3.0
5.265768044566155,0.40273562580570754,1.0
-4.073002679403663,4.526601771006893,3.0
9.564028988676249,2.851755801990162,1.0
-3.394927253149291,4.265024738133107,3.0
-7.7260939552734325,-8.980115768385375,0.0
2.893336012151895,5.928481858576131,1.0
2.072712264248196,-6.88368306437984,2.0
-1.2975204905040076,2.698830186583834,3.0
-4.960569799974019,-1.7017094199475906,2.0
-9.947569130836113,-8.059793811397927,0.0
0.42815542888385494,5.896924325437766,1.0
-7.699873774821646,-8.857408377937402,0.0
0.47825076314127024,9.112166228906819,1.0
2.6312443248778994,2.9179545324390155,0.0
-7.444762017725672,1.9756763203439665,2.0
-5.046260116654933,-8.779189085018498,0.0
7.365289616897368,-9.383833830296538,3.0
4.84068322318933,-9.170336126935378,2.0
1.5515699069149917,-2.0928773819511797,3.0
1.198838120723435,-6.019034478295482,2.0
4.289478540937628,-9.363313603649626,2.0
9.551703999841731,-4.775744828377695,0.0
-7.902271434637771,1.9688003594018966,2.0
4.60729419965859,-4.024169034476623,3.0
-2.7838188137762216,2.0197434116936748,3.0
6.620540313291777,1.1741080721815162,1.0
-3.904554778301195,1.0697372803519034,3.0
-1.9072150632158085,-7.327975390099213,1.0
2.619196601072213,8.556430058575458,1.0
-7.152563997005297,-3.848776892223089,1.0
0.005556484208126378,1.664604517055018,0.0
9.432220925280895,8.329761131007892,2.0
-3.797965089131175,3.184859364640637,3.0
4.9930045266403855,0.42061688249551565,0.0
6.663343839104044,-9.668999880846162,3.0
-7.042461543877836,-0.680421476127723,1.0
-5.788272727955968,0.16184974217178016,2.0
-1.5228562468514344,-4.958321573451963,2.0
6.700519501217208,-3.906919280747463,0.0
6.227827466060692,-2.562335895054777,0.0
-5.140444029161657,8.276740433275545,3.0
-1.0730070392434286,-1.4405627642821823,2.0
-9.030092913573075,6.690470377598928,3.0
-9.643616599372402,-0.6664109163010501,1.0
-5.83776037457435,8.133721663407893,3.0
4.696817658826863,-7.698611319056665,2.0
-6.630607190553544,5.285847086090115,3.0
-7.406534503004947,5.553999548952513,3.0
-4.932861027119917,-9.963461952296633,1.0
4.0021006452732415,3.3799922956204753,0.0
-5.744040020944765,-9.115839883866592,0.0
-0.3278140005933743,7.790438191930505,0.0
6.633824466724754,6.854394956991317,2.0
9.424054819939489,-8.461190184619342,3.0
5.859457540342163,6.114015652521438,2.0
-1.7929937029930691,3.453618152279155,3.0
6.20446516096148,1.902626231236706,1.0
2.5231280145150947,9.962177159050022,1.0
-7.099058438300771,3.4507124833686813,2.0
7.423418293607099,-4.63270724298217,0.0
6.474029820231589,-2.9004493024039224,0.0
-0.41502516123547295,-9.827317948466266,1.0
-6.33928621300784,-6.42641673306877,0.0
8.588390177535072,8.27217148817234,2.0
-5.947870369998041,-7.622123875084446,0.0
2.767751116361712,3.8904774191657854,0.0
9.160088190649052,7.165197415181122,2.0
-5.1741799997589055,7.832594631812718,3.0
-7.810336467502442,-5.531918019699386,0.0
-1.4592406609459179,1.4254753005101701,3.0
8.859473716396366,-2.7268266730901054,0.0
2.3054365582464964,8.025161713953636,1.0
-5.145262052044148,-4.925991723971325,1.0
-4.510132875315962,-0.38152338699208954,2.0
3.7071531432553897,6.746176290385858,1.0
7.707383362166265,5.969550877254171,2.0
-7.797472093119991,7.043495209606206,3.0
6.858391747935052,2.6145897262326816,1.0
6.338705103598944,-5.164335218196947,3.0
-5.903349281796483,6.5058868242166525,3.0
5.645226375430559,-1.9560458799617209,0.0
-8.100968368894502,4.436502698870017,2.0
6.05414835930744,0.484982088763644,1.0
6.683119734148619,-1.7212487827998046,0.0
-4.287648198645703,4.6232733269424475,3.0
-3.739812683218604,-4.033606849105407,2.0
-1.3826667564992832,0.35933337208927796,3.0
3.348377471374622,-1.7675546192577318,3.0
-6.878893941683371,-9.194040625008654,0.0
-6.524084672969548,2.094366176653695,2.0
3.805757701730313,-3.822303782818219,3.0
-9.002633001716374,2.1688099638556224,2.0
2.8913755053981856,7.001753240050547,1.0
7.025743907137073,-5.969085931077247,3.0
-9.281809365141205,3.0127098015862117,2.0
-3.134209326778354,-7.600589356720713,1.0
-4.046557474047203,7.615066398823352,0.0
9.84505818447245,-8.674129380137392,3.0
0.9226572842582907,-8.476268775994548,2.0
5.536103559771577,0.576618805532771,1.0
-1.0040506646953862,5.575644242916136,0.0
-0.2915873297334155,-8.57799302807293,1.0
-3.4925418908979555,-0.14946185428448722,2.0
-7.6253692528226775,0.45829407243529374,2.0
-2.1059005714701273,4.9711222082771815,3.0
-6.562641314120182,-1.5613266338145628,1.0
-6.133529552312222,-2.1029216178384713,1.0
9.052807826729051,-2.366502060919271,0.0
7.889318486689515,-6.142019641418559,3.0
-4.899455071509067,1.5261176480183014,3.0
-8.783458493370663,7.510908388468181,3.0
-9.932440805553266,4.550996925639952,2.0
1.1642168388687537,6.303270671985256,1.0
5.1376114069668155,-0.7970646863804518,0.0
0.8491922894240016,6.541160374298194,1.0
-0.4829055589072784,-3.9780342898933707,2.0
3.7803671210027296,4.30548920545357,0.0
7.350085503613613,7.093380165655649,2.0
1.9153639146292978,-7.346339182480593,2.0
0.14135379856639219,-2.9419545040656736,3.0
3.143343182895954,4.522972160484205,0.0
4.083224655764264,-8.070056120669785,2.0
-1.556357519180903,9.736685255297495,0.0
-0.4939305679335746,-1.5514556710051792,2.0
-3.36592908545406,7.521613421011281,0.0
7.973303093521828,7.759671818671656,2.0
-2.8959530097476938,4.532031652416048,3.0
5.207448095072875,6.473444442356101,2.0
-5.8486598326061,2.4123630207161018,2.0
-0.096464662541905,1.4337695903574463,3.0
9.286774369838628,2.9991380525875293,1.0
-4.899443196042482,4.18981560856845,3.0
5.678399649407545,-2.3366543636861348,0.0
6.461073221808384,-6.2440540092847225,3.0
2.048545422364448,-4.134188460154407,3.0
5.470953967820284,-2.6825835032144063,0.0
-3.3328646767406633,2.2050502823174174,3.0
7.539820906421845,-9.832002580972013,3.0
-4.438642958521932,2.76495887788853,3.0
0.815315202093597,-6.392819995273172,2.0
2.1994504803131285,5.568540685770957,1.0
8.178787124191025,1.95062592248882,1.0
-4.970854629349546,-2.0770976610819307,2.0
7.484095077421941,-4.648175709736197,0.0
-4.81113387925312,3.5294978679649347,3.0
0.10549931043637706,-0.8164362208960654,3.0
8.886747482202026,-3.0669963979082997,0.0
3.0434550678297363,-0.8857864396673634,3.0
-7.7325217059197,-6.294998061320561,0.0
-1.7873121622027206,-3.0493032123407353,2.0
1.14730046891877,-7.4444811768809345,2.0
-3.4364408915547546,4.569273521185265,3.0
-1.2429595509503422,-5.381153261185981,1.0
-2.787339265698103,-5.233945483426277,1.0
4.956453938415562,-7.3442538552586445,2.0
6.481011161838204,7.269271214066549,2.0
-7.655258472288169,-7.023248293352589,0.0
-5.990574075317672,-7.4249907008399685,0.0
-2.536572869429124,0.1603839157909519,3.0
-4.432736394168759,-2.9190165791214984,2.0
-9.780874094482135,-7.349765036944347,0.0
-8.515741438595096,-1.5526797861561157,1.0
-2.0312101421816813,-8.877563983271132,1.0
-4.929830229474237,6.604141262602322,0.0
3.2509772018590954,3.2275661567190532,0.0
-4.283582929741798,-4.752911708854515,2.0
-1.958215187621379,-1.707348279061252,2.0
-8.831157491734583,4.991424590299863,2.0
9.861155990773803,-4.009934959525534,0.0
-9.368839029650808,2.471379470758844,2.0
5.567200647142096,5.264013818095755,2.0
1.9557035666671556,0.01143061739746365,0.0
-5.535904194219857,7.323308620276357,3.0
-0.2534698325327067,1.7269581130081164,3.0
2.5824348728374,-7.939687991860458,2.0
7.1325463597033405,4.7040037062838085,1.0
2.3134338199150672,2.8419366137015913,0.0
5.19418632852638,7.120398548069151,2.0
9.563114303698711,-6.265603483809581,3.0
-3.210800297405778,7.428460730623524,0.0
2.8838097854702323,-9.752772565052537,2.0
-6.672659330693018,8.336284367847274,3.0
4.525637548167211,8.652451627466036,1.0
3.781853414991211,5.488902842446329,1.0
-5.808241777603684,-3.1695664498968164,1.0
2.709585207883279,-1.010917655604299,3.0
6.504800157961423,-1.1831000610317677,0.0
0.9457096230333271,-5.9081171322055726,2.0
-5.816296479033502,9.30913390755725,3.0
0.7979218965220642,-1.6659219001199084,3.0
4.795159598828038,-7.899139233508887,2.0
-4.86987489737232,3.8385665643311206,3.0
3.769114211247553,-6.526912736287209,2.0
-2.9629411193563593,1.3163918630463591,3.0
4.736035633498549,0.028120748898457393,0.0
-7.592528646781862,-1.1467366824067504,1.0
-5.20053219423231,9.174993521055281,3.0
8.57558171838463,-9.181407180953318,3.0
-3.6192031647422773,-8.76446897174343,1.0
7.2631421613633265,2.5678851413544646,1.0
2.6375803357921903,-1.4952568591835185,3.0
3.0109521978254588,1.5925510639254234,0.0
4.562684989510455,-5.420108026162493,2.0
2.8947080137156647,-4.3457857559350614,3.0
1.494916062649887,6.765948311966195,1.0
-0.725321748748673,-4.585649226740265,2.0
-8.098881809222098,9.90344926340769,3.0
-0.4282794167962862,-7.8744911925303684,1.0
-6.26957164832614,2.427805620270707,2.0
2.771719400520489,4.236535943944229,0.0
0.2635847125968027,4.796136621007555,0.0
1.36687011201313,0.7367915190858749,0.0
-8.768134549742419,-0.4547254526089439,1.0
3.356700523245914,3.9629424198443903,0.0
-2.2889338600399833,-1.7048500837041836,2.0
-1.541146513584943,6.2280017847721005,0.0
-8.296474808557374,5.874691107191378,3.0
1.7356996008217926,-4.167001586994603,3.0
4.704055137219852,-4.069463537124172,3.0
-7.142449061410372,-9.057005387824113,0.0
9.305842718501491,7.143253354451534,2.0
5.42417648827816,-7.099038234904254,3.0
-1.160240838046791,7.186832336870886,0.0
6.3264202114211585,-8.352126180921871,3.0
5.960444033109054,4.045901818581822,1.0
-7.361944991239042,6.18233569481232,3.0
-1.2130125188047725,-1.5353886399357712,2.0
-9.229659338978243,0.21141219409147283,2.0
1.215850641768597,5.237441190529214,1.0
-1.9134460644269051,-0.4911864212708359,2.0
8.69777236264158,9.002123182691037,2.0
-9.2887951491085,-6.84293393508447,0.0
3.678708547256054,3.0492483144958733,0.0
-8.647580492004117,9.307268013744945,3.0
-5.3435356533254215,9.53570422961263,3.0
-3.781046742580698,7.159821003845504,0.0
8.243963326438209,-5.850300797830473,3.0
-6.2587195725077915,-3.627113220377378,1.0
0.4428311130713798,0.8187843069435718,0.0
-6.122399304914225,-2.8893920137621754,1.0
6.5146451154403735,-5.783962892998669,3.0
9.977465052658083,-7.6791170353727285,3.0
3.4519077041722426,-1.0186317969556775,3.0
5.333677966300117,9.391092925056384,2.0
-7.223904997666503,-3.793100944691748,1.0
9.146389540240289,-4.170324323372245,0.0
-8.933224873751628,-2.781755770094694,1.0
-1.2003213771930206,4.4611907975215885,3.0
1.0913961620349983,6.094059751378726,1.0
-0.5547958079160225,9.053508655506857,0.0
-2.307111515041025,8.824291314629885,0.0
-6.92629915833127,9.734181813485826,3.0
0.3670177859327417,4.452497873786726,0.0
8.962242723610366,3.349166925666612,1.0
1.176872479463027,3.2239196095314604,0.0
-3.9461606955402884,-2.756267495415341,2.0
3.2921866884992177,-4.682709213549002,3.0
5.879686126009432,4.061799038936787,1.0
-7.619931592851943,-4.320984916140671,1.0
-7.3289014888332655,6.587510992999899,3.0
-1.8049959439469987,5.522284834305154,0.0
6.038668687914022,3.526060972434749,1.0
-4.217352253452155,4.614486866469907,3.0
0.9786325700155061,5.3363989382829295,1.0
-9.043197158308054,-7.168511864145158,0.0
-0.6211295525088047,-8.2360003729347,1.0
0.5823001597622657,4.4554653453552095,0.0
-2.396944537356158,3.0727162857395296,3.0
-8.438188955421307,-9.945603810261384,0.0
-7.690894518477309,7.612146686736448,3.0
2.9068478372001074,-7.094253668951063,2.0
4.738814815793207,0.5647833484232478,0.0
3.9817765545341484,-0.7896068725275036,3.0
-7.635274942715866,-6.219789490947369,0.0
2.3221716767034906,9.10500058621566,1.0
-5.242747720262669,2.473803275315433,2.0
0.6191427191313696,-1.8884443534209279,3.0
-8.337323695927042,8.653901756086032,3.0
4.26169212425733,-1.557331707004689,3.0
-3.9199739124493105,-6.004763892137266,1.0
2.776615226433819,2.3489194826910413,0.0
4.4435949683770755,-4.151843593593714,3.0
-1.7998899488827362,-4.024741396423412,2.0
-8.716875452327262,1.1584307280098436,2.0
-2.8086805323441073,1.490552720052456,3.0
-0.1256807267988691,-2.2719773143458832,2.0
8.046353868038125,-9.341748489564555,3.0
0.6008022791861336,9.922050664301576,1.0
0.11592760774665223,6.007855922337203,1.0
-2.612372335906155,9.067362241696785,0.0
-4.751570946099348,-0.40837171928863825,2.0
-2.3150929909227074,-1.1731817196197305,2.0
8.816299279051872,3.589956204663734,1.0
-6.352696647634817,-3.1734281723490465,1.0
-2.6973416467454907,3.1160622721961495,3.0
8.271334456499652,-6.375155887824118,3.0
1.5885705323914792,8.027137274479045,1.0
-2.7131891153588743,1.6920270545401337,3.0
9.052531967796334,5.541573079221024,2.0
-6.231500586607421,5.798569418398426,3.0
-6.476312832434097,-7.538383157928756,0.0
-1.787073106895992,-7.497664665343729,1.0
4.188643008905919,1.7858649187408044,0.0
-3.8516614099119373,4.881894889542409,3.0
7.673658852093251,2.4437810512952733,1.0
-4.617387160187039,3.176164295968695,3.0
8.249287735646494,-3.8999454048535913,0.0
9.646875280482902,-4.153569489182973,0.0
9.653061619487985,1.4143409088154115,1.0
3.4341390449976945,9.15548142293476,1.0
-4.059683819842375,-0.31788947561567404,2.0
-3.4930914138065194,1.01435832228049,3.0
-0.3274177783834773,5.003176718571375,0.0
-7.699631278457568,4.253881369026445,2.0
-0.80838419394874,3.647489319982748,3.0
6.081125399069215,5.687647635091096,2.0
2.0576460609518037,1.3497603051995455,0.0
3.3186432292202124,6.679945262996856,1.0
-8.877902946106015,1.4144391676890713,2.0
0.7881122128214173,4.925317413694101,0.0
1.2742783623653668,-5.471494969032924,2.0
-5.633982363317345,-9.188574691854186,0.0
6.892509701506775,6.478550533105334,2.0
-0.7686588243205055,-6.524816227848258,1.0
5.634539658065602,1.8107329475574296,1.0
-1.6686432024740796,8.341320840918979,0.0
8.754089510131582,6.500562031905485,2.0
2.1237824575916555,6.3164827520700655,1.0
-1.6211580941762733,-4.855397231809279,2.0
9.079538091342279,7.315805249029751,2.0
-0.7989137726467987,-2.8488475457275246,2.0
-1.2669134830682083,9.642274572969527,0.0
4.516373265577769,9.543844290500619,1.0
-6.9124021225653465,5.560352678987638,3.0
-2.7354696115718387,-4.361227640646521,2.0
-2.587567154944807,-6.908782626454164,1.0
9.22941135888204,-4.593042050170757,0.0
4.799980982412997,6.220151161781864,1.0
-3.154380702223487,3.5332678130618866,3.0
-1.101336917917891,-1.3152251673154645,2.0
5.213754359356322,-2.293745350068537,0.0
-9.152156961002708,-7.280389023743812,0.0
9.753902084414111,-0.11466436847339878,0.0
-9.078632117156445,-7.4469769414337605,0.0
-9.665560826731525,1.0638862595620946,2.0
-9.59369436847387,9.498297215278228,3.0
-8.816285388754274,-0.7858574207236497,1.0
0.18887167354091972,-7.541179080922536,2.0
7.982353315527245,-1.7236431599121982,0.0
7.5408442319528035,-3.6004606509326713,0.0
7.155970909119528,5.387127375980128,2.0
1.8549670448892783,-4.266233446358189,3.0
-4.6093043155205855,-0.5159768744544522,2.0
5.730083132516391,4.067324250482638,1.0
5.630209066913398,-1.3911893821834873,0.0
-0.8469331143132806,5.715094690253061,0.0
-5.227500578250039,9.693717227770513,3.0
-7.453559480355496,7.761340916238222,3.0
5.344887734610948,8.261258326878128,2.0
7.271876526700236,3.381223687293641,1.0
6.750352541434211,-1.006530754591406,0.0
5.239885773867998,-7.406885944003463,3.0
7.747793000434168,3.4701268706317823,1.0
1.952924551710236,-6.35425933722056,2.0
1.061987928341603,8.2120840396569,1.0
0.05405042496920842,1.3198653482770144,0.0
-5.295684189663252,-5.604176133323322,0.0
8.548078541713092,8.501092653722374,2.0
-9.374109625956118,-8.275505018267612,0.0
-8.330759331998578,4.040531064394502,2.0
-7.9940369325816585,-9.310299143357096,0.0
-1.5276095653448962,-2.0862867579062776,2.0
-3.85656461066427,-3.6945404361172374,2.0
9.827320214776933,-4.977063274192963,0.0
1.8311900913809325,-1.6009764274050582,3.0
-5.974865101085085,-7.412861415843606,0.0
4.578166163818857,8.96115970068842,1.0
-5.148854165347634,-9.84884028836171,0.0
-4.230467830813891,-9.651426993682676,1.0
-3.045117735109355,-8.40003933150963,1.0
2.5988135844496867,-1.5216148277903034,3.0
8.386398675919985,4.86391094390121,1.0
1.7619721394063586,-1.3384110019023048,3.0
3.436225295072049,4.219708035593541,0.0
-4.6771056618334095,3.747416784966946,3.0
5.0274330111833,6.244913821981687,2.0
9.96911364633156,-4.707402055053464,0.0
-1.2879379044524093,-2.3384912000698073,2.0
-9.697528512066683,-0.8117571278433218,1.0
3.7267974741011933,8.774679126158805,1.0
6.527714516054399,3.849693193234046,1.0
2.5819152604849265,1.0576833968910666,0.0
1.8835391864486457,1.3617263300676896,0.0
-0.625844667323479,2.351869030470077,3.0
-1.2811536930090313,0.5295724100977477,3.0
8.472024826419002,-6.110562741222658,3.0
9.87435200659175,-8.387000601890826,3.0
-8.218748312153657,-1.7238068300298632,1.0
-7.118072333990213,-8.723941410868568,0.0
-3.6927661067878486,0.4495862715088723,3.0
-8.956641796695415,-1.8516851011271882,1.0
6.174290292382718,2.599992388281777,1.0
2.054312692581542,-5.356725699232903,2.0
-3.6137394026265612,5.263739088278168,0.0
-2.3331617355728174,1.0869012293574531,3.0
-3.8477219003080183,-3.3529154562825747,2.0
5.256414253523982,1.223567765926962,1.0
8.486810044747823,0.012933412612934347,1.0
-9.974000664120137,-6.738401231786022,0.0
7.445404920739538,-5.989549885173078,3.0
0.9817610942940114,8.997106375086997,1.0
-1.0590353434437372,8.01844049369581,0.0
9.141362287262574,-5.1644548561092884,3.0
-2.021219464647772,5.012366671229376,0.0
-4.398481936804903,6.427316997507816,0.0
-2.604656577192559,-4.82249999702735,2.0
1.6889672310875596,-4.347831912727205,3.0
-8.40923668530689,-4.713294939070503,1.0
-8.713922685697288,0.04573651136334966,2.0
-1.4744926869294606,9.93625817054502,0.0
6.2485520210562555,6.853396924891836,2.0
6.455386869655744,-1.7879226010570726,0.0
-6.346930899338892,0.5600267941163253,2.0
1.894865368443634,-2.5483118287706326,3.0
-9.82955714879276,-7.632133544595803,0.0
-9.861979780992911,8.00624126726872,3.0
3.3424685992428813,-4.040424980548421,3.0
-3.775021315628404,-3.340145491457866,2.0
-9.908717216223407,-4.851453418765375,1.0
4.066416467615156,9.157938822795835,1.0
8.5457706902797,-7.301955687217932,3.0
3.354052194945929,9.827262607335047,1.0
8.287001651090755,5.5619548610487755,2.0
-0.6643321963318627,-0.03597604880332561,2.0
-1.3553597438172975,7.670598629207699,0.0
4.659022277461489,-7.647521608556289,2.0
-3.2290448693903446,2.6342646133984537,3.0
9.553984633098246,8.883353560391953,2.0
4.250987435907357,-2.7515969946989083,3.0
3.240028124854108,2.348276226766801,0.0
-9.903492282912733,7.982180115847296,3.0
6.848867199550519,-1.1118899782426457,0.0
4.859053781209202,4.166265753553134,0.0
-3.286174036851925,-9.196027906051622,1.0
-6.660251869134484,-4.9226926978321295,1.0
-9.863742603629,-5.890022392237655,0.0
-5.710884023241105,-1.2841222512410155,1.0
-0.984643561433554,9.591424939173155,0.0
-3.86827271201843,8.888659572204276,0.0
-8.666210662177008,4.113967952457887,2.0
1.4767789045614403,5.100474073329334,1.0
-0.6478320650386813,-5.46227838624376,1.0
-1.1862163582880854,8.899209519177298,0.0
-6.007957133679998,-6.6955199449726415,0.0
3.315244896702472,9.472202695340329,1.0
0.1954894957654414,-6.967905159201173,2.0
-1.6282715957971412,9.25073676346517,0.0
9.912826876061953,9.592615515973378,2.0
1.8680297292306474,-3.840683520065884,3.0
-5.181382556439802,-9.696825620340196,0.0
7.242286007271591,-7.854714096298263,3.0
0.2833459993870555,5.672055586995226,1.0
-1.997755876196214,-9.136622629424412,1.0
2.292128559571564,2.768968741052868,0.0
5.951602400798732,4.635427322922469,1.0
-7.345169379848691,0.367136142796598,2.0
5.432243766242131,5.764901703858527,2.0
6.259611208252711,6.901837543336654,2.0
-3.132715425929562,5.292438110316411,0.0
-6.680061566508222,3.9618936717598388,2.0
3.981644641857244,1.396748226010052,0.0
3.096286547183853,-0.46933562477435586,3.0
4.369537289386544,2.4761026064508425,0.0
-5.567123883185077,8.968348429068552,3.0
-9.584594364868725,-7.231097907117898,0.0
6.932407797055596,-8.570703644725535,3.0
6.149309458454681,-2.6083588653944467,0.0
-9.66114320409859,-9.970722859006907,0.0
9.70281304613681,-2.436486629875123,0.0
5.441542992054313,-4.109833564792562,0.0
1.6384140557389077,-4.020203867613567,3.0
-2.6276709524195896,0.8886166383641267,3.0
2.1776075105517005,8.212473611116735,1.0
0.8526737932362121,-5.6230492410240585,2.0
5.103405675253514,-3.36884575234534,0.0
-9.942712491100076,2.891842169959162,2.0
6.8235261401319605,-6.079689260792225,3.0
-1.81714816942414,5.674075188672198,0.0
-6.084049254827171,-3.8183060703482186,1.0
4.089890515847374,1.101184114791609,0.0
5.000134438302524,-5.043657491328386,3.0
-7.923838528533958,8.140478612250167,3.0
-9.074341965133392,2.3543220144643193,2.0
-2.290859717671747,-8.994522701974326,1.0
-0.7828010798410645,-5.425504463473847,1.0
-1.9233127407971118,3.147875690633006,3.0
-9.625577989042085,-4.747181745859523,1.0
-2.6902848185550106,-8.68260562261977,1.0
-0.6050967999839294,9.14842154051713,0.0
-9.02740871796368,9.406820693794103,3.0
-7.883269054665558,5.664779570877252,3.0
-6.001987257556511,-7.565319420142691,0.0
-7.547991719566472,1.3276397840642655,2.0
-1.3147816717458216,-0.9700617252941228,2.0
-9.970645722894403,-6.685215657529637,0.0
9.786529954987582,-2.9150635129974862,0.0
-7.840012408549377,-7.134876862628228,0.0
8.397029039826325,6.97140730555644,2.0
3.3299758874886383,-1.9890671880817319,3.0
-6.310201408771439,-8.303945933318417,0.0
-7.971124768209352,-8.98799184616883,0.0
-1.573412744286955,3.078244803474032,3.0
-9.811618688755537,7.249809283968336,3.0
-8.173991637488351,5.739533271120083,3.0
-2.822611667630614,2.505007394307345,3.0
2.4015682509686354,-1.112593190870907,3.0
7.545104592724321,-3.92356060603017,0.0
-9.551753708592951,-5.542901672982734,0.0
-4.5321848943675525,-4.760149741474979,2.0
-2.415375112447567,-4.780429483288787,2.0
8.54967861660396,5.711964935165913,2.0
-2.459545161684897,-4.65637527541201,2.0
1.543969905021747,-9.71865438242763,2.0
-6.562579620075352,-1.9296902683973087,1.0
-1.3746029013746526,-5.165952195821597,1.0
6.140392914597285,1.140940694715912,1.0
6.225327872840268,-3.2903563016771287,0.0
-5.505745171402355,-4.434511461313866,1.0
-1.1475387420012577,3.3592895803963447,3.0
0.1406620050204932,5.020554069427332,1.0
8.918449014571998,-6.722332390116506,3.0
-2.881775560827573,-4.925658000225321,2.0
0.08146110717537525,8.066379308893172,1.0
7.180389252391986,8.00466637053977,2.0
-1.4172612132539832,4.31450523612466,3.0
-8.561445456281778,-3.8930462048546506,1.0
-9.224826743984945,1.4752045974037014,2.0
8.651826427861383,5.086730214654944,2.0
5.010488088024172,3.3839873995674914,1.0
9.789792625357503,3.002354915219394,1.0
-0.34114947829048603,-0.07537344334145324,2.0
-7.718552320129753,-0.08455952055568439,1.0
-8.73994139903206,8.484375986388471,3.0
-7.788165040835178,8.173402852063198,3.0
6.553999753557527,-8.574759215287841,3.0
8.678919026673036,-7.495548603924771,3.0
3.526323135188898,-6.187177516585254,2.0
-9.471107981151519,-7.940385885633409,0.0
4.834756336342185,1.6436047725525462,0.0
-7.803474813191434,-0.7949484048926987,1.0
-2.0960956493993743,-5.083182856756161,1.0
4.4826308858591535,-0.5251482424986733,3.0
0.3039807603941078,4.153475083581991,0.0
-9.888099549575921,8.582461790844203,3.0
-9.655720294945704,0.14851022326997132,2.0
-9.633768971743738,-3.083484449222931,1.0
-2.219645805497324,2.1350716036139143,3.0
0.6499730460783368,-7.525018031782533,2.0
9.820374283485158,4.155567556736994,1.0
-2.9884748140230943,0.14851215315355226,3.0
4.320446985456673,4.6692695177780905,0.0
-3.267558575836089,7.196172694034736,0.0
-5.095854238956252,-6.343115426488916,0.0
6.37573243509409,5.790034777247936,2.0
-6.518750369962925,3.1821601836675466,2.0
-4.748419842141343,6.079507206849094,0.0
-6.455483759386402,-4.566991726603269,1.0
6.390303635533364,3.6858532816042793,1.0
-3.747524822440809,-0.16916076692037052,2.0
-3.5568926529221496,2.3084996737180585,3.0
-5.468496784584791,-0.3513375105521348,1.0
0.9387678490795679,-9.291209538100627,2.0
0.49806518767613284,8.41919422638492,1.0
9.04056686782723,-1.038732417400185,0.0
1.2310150885089417,5.1166648420757,1.0
6.0434393410944836,2.861090373815504,1.0
3.4104704019265775,-8.973650776162984,2.0
1.6237105374063319,-1.6844300470348017,3.0
-2.8909450974831064,8.476866205170754,0.0
-1.3417575956773184,3.6508260075910304,3.0
5.822021239480426,0.6432480649614725,1.0
-3.6111392077451576,3.853245763996796,3.0
8.599306803576049,3.6512898064967914,1.0
4.956762238251306,4.946716147109061,0.0
7.438480912698093,-1.151633874161579,0.0
-1.1060902948720361,7.500995672443068,0.0
0.6963443227310346,6.054949785618138,1.0
-2.1998476047333764,3.0918086871889727,3.0
-2.179353538667974,0.9782092408303811,3.0
3.9498309909889944,7.997854648230383,1.0
8.367253890476253,-7.413343057870048,3.0
-2.0670677224496874,-0.7296221687077349,2.0
-7.479932774417377,-7.962865535441934,0.0
6.315021241441286,-2.812342818894786,0.0
-9.143088178309092,-0.27574565552764696,1.0
5.6701362000499955,-2.4861115219309955,0.0
-4.933114578086317,-4.4618075070056085,2.0
8.027836855140695,7.72900201931456,2.0
-2.933670817489893,-8.162246683424488,1.0
-6.7972851606604,-1.104134068829767,1.0
7.731334561198576,-5.403502001016493,3.0
1.8801110778813186,6.534402331562379,1.0
-6.516470794495895,-2.562685768106756,1.0
-0.5780853809338087,-0.8115695652350556,2.0
8.102229297288424,9.278592773981064,2.0
-7.31944768755876,5.675115486873013,3.0
-1.771617381087701,-0.8403085434964837,2.0
6.506548574781647,-3.6546530223282625,0.0
-9.429634895874715,-3.2198994971459616,1.0
6.665607066880764,5.742731123513629,2.0
1.2667591217339478,-3.640579198557818,3.0
-5.791945826715976,-3.3426803418666573,1.0
5.521288553820947,2.9263581753840384,1.0
-3.895503133674394,2.5592171119709413,3.0
-1.0132299343616538,5.847385900472634,0.0
-5.202834379037402,9.011672781955504,3.0
-2.3843597008928485,1.2826841958195079,3.0
-9.858694166665192,-9.634697157676106,0.0
4.899252679468978,-5.877090121174444,2.0
-2.56166608902888,1.277532230541599,3.0
-7.891278458034403,-9.086094461945027,0.0
-8.20413363353418,7.566261420520728,3.0
-6.408069425407572,9.480158675988893,3.0
0.3603916892522019,-0.14089772837708914,3.0
-7.942060035072263,0.3657389287693249,2.0
-1.1560547978283502,8.14167585777351,0.0
3.0044141006604637,-6.551082664439328,2.0
8.628116038395916,-2.2702785934432868,0.0
-4.5108372631475095,-3.4542710448175296,2.0
7.041294278022544,0.24604968563482643,1.0
1.0908733237444164,8.805324292935573,1.0
1.9980757176991695,4.958873702377943,0.0
8.348402427468216,3.8358981942886476,1.0
-7.183416983087185,0.7744980677454336,2.0
9.058871973974153,-9.587908413458624,3.0
-6.943472903908083,-5.814286766808829,0.0
9.959261815659751,-6.4300192788002715,3.0
-7.142423938332277,-6.902266429141008,0.0
-0.6693787270200957,-9.300845139866611,1.0
1.2520876603391606,-2.8388016996548027,3.0
-1.8971534940140415,-5.342630432049386,1.0
-2.3873060743384533,1.4318985245638238,3.0
-1.5780285591305088,5.86269748554612,0.0
-7.680231126088448,-0.40527317504042415,1.0
8.891339443271182,8.001154569926033,2.0
8.71344041297828,1.6864862762663169,1.0
6.371563971022557,4.758995324239201,1.0
9.08413162400981,0.986459050041228,1.0
-7.7060047888548695,2.6859218951171666,2.0
-6.124952081243194,-9.155227946955165,0.0
3.3870123617423715,4.626439397359546,0.0
-4.554471916159151,9.239818640463472,0.0
6.559574234465728,5.251570294545404,2.0
9.70934133797914,-6.67641804420922,3.0
-8.540811047630996,7.399860177828955,3.0
-3.7600257275043365,-8.741501836873073,1.0
-9.427881715013815,2.3290666502973583,2.0
-7.23788600321253,1.1285228916617118,2.0
7.202380618784513,-7.419869421272514,3.0
-1.7773243855287184,2.7222355961740963,3.0
9.931048748417147,-1.402851152317508,0.0
-2.7104880498078714,-7.69782832898388,1.0
-0.5925647635663704,-5.8367388794151775,1.0
-9.779977952433933,-9.066368682541375,0.0
-8.985996336390532,-7.418908332287513,0.0
-9.820236504731344,-9.457454441936475,0.0
7.2230856668331676,3.609499319112148,1.0
7.017640939002536,-6.107462471141785,3.0
2.546918913552334,-2.883797819722438,3.0
-3.3905297994354067,0.9312073810399326,3.0
6.02828645878969,8.469788477873376,2.0
9.94050983662683,5.339594987474065,2.0
5.749537653999841,2.4768191106601822,1.0
7.534338354592624,-9.61794728351112,3.0
-3.6824081558779076,8.118931199315071,0.0
-1.4296571144101655,-0.3653825962984065,2.0
8.335440645429404,7.960953177730207,2.0
-4.3901393061385825,3.1165202181824974,3.0
9.850522678780028,-2.9579732627410653,0.0
-9.090156467647779,7.891573750869959,3.0
8.94597454312392,-7.48776991196487,3.0
8.050880008367738,4.371665632445865,1.0
4.598087408138918,-1.3583523181211241,3.0
-3.8050985136568993,-1.612057765006206,2.0
-7.010436874352504,-4.668716504463086,1.0
5.823057669104097,-2.415115695626639,0.0
-6.789586464220219,2.093009394791018,2.0
8.596510255911351,9.298616975029578,2.0
3.9916220427988858,8.487776007254915,1.0
8.312849198499276,-9.716901513712465,3.0
-1.3075513584938783,-5.451119625277938,1.0
8.126133880355447,-7.613698434656026,3.0
-4.6468140138913805,-6.3758688223887505,1.0
8.431967363463734,-7.525635792719587,3.0
-8.183666768438302,-2.9937782640403166,1.0
5.92021703609122,-4.1758508950789714,0.0
-8.828804557416474,-4.673969370624052,1.0
1.3214578964249881,-6.349476274074222,2.0
6.144872515046117,-0.7226516451134106,0.0
-9.841038823972138,7.136126009675962,3.0
-4.986167465760698,-2.335273637960176,2.0
-3.903645107445872,-1.0114724398814428,2.0
2.5655313870500063,-0.7089044980908117,3.0
-2.449911098118182,2.318269110437061,3.0
6.609892050500616,-2.744745438326424,0.0
9.327613116525985,0.12282332939576435,1.0
-2.0952027122134975,4.400017676818921,3.0
-4.894593607990401,8.179566679469275,0.0
1.5474807418193208,7.192992730620325,1.0
9.541567170998327,0.5186999128915897,1.0
6.167046446302905,-1.407275078037074,0.0
-0.9569675152491897,-0.6003558006648717,2.0
3.823000698319351,2.4376185903351804,0.0
-8.368528756527983,-5.884898645087144,0.0
4.753304619457099,9.315866609654279,1.0
5.75925439965814,-8.778793595990852,3.0
-2.345025448648965,-5.007740235793503,1.0
0.5029239189817787,-5.29869805984516,2.0
-9.239489927774319,-2.998717905332537,1.0
-4.005387119804677,7.551706060943989,0.0
4.194687331927739,-8.781430229786483,2.0
4.264992297389352,6.048321470404215,1.0
4.635363496995144,0.8720066436772633,0.0
-8.89310286850243,-8.42811657127585,0.0
0.22062523672937218,-1.0488434878458808,3.0
-2.586953886126744,6.397113024853592,0.0
-4.230521118783104,3.8642856178178064,3.0
7.1408649243007005,5.6896434020835525,2.0
1.6470099429729874,2.9039505645355863,0.0
8.131304913371732,1.23000366724259,1.0
5.149925534035702,2.0182574280244214,1.0
-7.760818046284081,-7.478482223980865,0.0
-0.7833441284796088,5.695028640754465,0.0
7.405899275426179,5.425925651207795,2.0
0.30577317687680683,-9.208458633097486,2.0
-2.1842343745722452,-2.9309545997022557,2.0
9.604687535508557,-5.2389539342333125,3.0
-4.716170059222686,5.751213957077134,0.0
0.8694892760453428,-0.014635890683328157,3.0
-8.633822821213428,6.206567213850448,3.0
-2.8115585259595655,-6.527543845357668,1.0
-3.436274388893274,0.2576461771559977,3.0
-8.000451192418856,-9.008271169656208,0.0
-7.2627278143500025,-6.65047724037281,0.0
1.6321904501748552,-8.185470234093483,2.0
0.08158099090295323,-2.1445500180698023,3.0
9.936737862780546,-7.462715720990738,3.0
2.506475793013836,-5.096464956016029,2.0
0.4101130639058219,9.522308660811248,1.0
1.0429366204602886,-4.230332609779186,3.0
-0.7307953130572127,1.7429329645972267,3.0
0.43274121242875374,2.751060092250837,0.0
7.240818344427332,-6.99833119115028,3.0
8.221772874093432,1.874076753868568,1.0
-2.0807785456585943,6.272974964931176,0.0
5.895960420163387,-4.799040394146552,0.0
-0.8167289838881047,-8.587051199631897,1.0
-8.867371098914507,2.502281906853625,2.0
-7.812968641095736,7.889267558944624,3.0
4.65554259699365,2.2584671121413162,0.0
-1.464992467885736,6.10485602229711,0.0
7.157908137557669,-0.2944961009048992,0.0
-5.576354022674508,-5.413878012745219,0.0
5.724462466229177,-9.499055823442886,3.0
-9.91577848427072,-6.364825143978454,0.0
-1.8913067943772894,2.375266247371563,3.0
7.2895379604663475,7.611068699214691,2.0
-5.083101539260671,1.563626032500725,2.0
1.7393552226026827,-9.134028518540276,2.0
8.844107913563771,-2.8810971858971834,0.0
4.311274022297987,9.13910407392245,1.0
1.790538972072941,-1.5938361497263198,3.0
4.198032818113687,-2.9898572129050205,3.0
-1.5429254021279633,3.459873474764457,3.0
6.910305756878962,7.296795144886744,2.0
-2.087633234440518,2.05118992324609,3.0
8.708461531284122,-1.1517103905823571,0.0
-6.57070396850306,-4.469477156827379,1.0
8.787002568877593,-1.9079538112438676,0.0
-7.057904066903118,-7.285715256474232,0.0
-6.354480330951051,-6.136615566123584,0.0
-7.85624079828831,7.066737566543786,3.0
-4.641516731592303,-0.6742186506782115,2.0
3.5653864983836474,-8.695498920742619,2.0
1.1620184888901086,-6.040468413004973,2.0
-8.98069526243123,6.48402901243578,3.0
3.907726236480034,-7.486185782495694,2.0
3.333466034000928,-3.511820939299257,3.0
-0.8767846264907142,9.478862973487928,0.0
-5.207757946317029,5.303989071536549,3.0
6.305652144360941,0.8796402289549619,1.0
-7.234113321436244,8.247637516614134,3.0
-4.482889627707443,-6.070033981649137,1.0
-0.2680053855223292,-7.010653856790423,1.0
9.821001587529292,0.5913018046618177,1.0
5.298573223519094,7.4774977541606376,2.0
4.537570553749774,-2.0164741742035837,3.0
7.806678736487672,1.8553277743030439,1.0
4.35539781424869,-6.123110533874314,2.0
0.04391140793729775,-8.70014159225071,2.0
-5.9012355256831235,-0.5236022705935088,1.0
-1.5265973054069608,5.966247480694234,0.0
0.607846373207364,6.274432505970683,1.0
4.287666729115331,5.843664288045558,1.0
-8.036364252174158,5.909077198164299,3.0
2.5754466662700164,8.94649765749466,1.0
4.41601631047137,7.098940646430627,1.0
-1.3684719756872248,-1.1611792568363004,2.0
-0.2514096543574613,3.4755046189391656,3.0
1.4064847777163951,-1.2586224669623984,3.0
5.778717945379681,6.265097450874627,2.0
2.3843219574831505,8.567021003944792,1.0
4.826005928202104,4.060923601423514,0.0
-5.373592284451827,0.2619272158180692,2.0
6.223750163844013,-5.391198752646105,3.0
4.556395556261609,2.1366238097329333,0.0
-9.74510381351193,-8.380192134527446,0.0
6.232085183076897,4.874288604253705,1.0
2.09674858862628,-2.9750294646405777,3.0
-3.564713575802571,6.4515262815212004,0.0
-5.954668739557274,5.991115730009515,3.0
4.901039980769074,2.6283237880124233,0.0
-3.747337646733911,3.1554930993223618,3.0
-4.309522073681822,-3.664990465917888,2.0
4.915409884369822,4.3074776294812835,0.0
-1.474161662342837,-7.347735655782119,1.0
-9.904280369645184,-4.127568176998208,1.0
4.961680495138388,9.442626329817074,1.0
3.64582854618887,8.068411085090176,1.0
-1.8013093772871471,-9.545228334271528,1.0
2.837821730262256,6.550728064578241,1.0
1.8486988843766952,-9.69524368170153,2.0
-7.064900327107447,-9.810831693071789,0.0
-9.22007271241629,4.422427445239386,2.0
-6.623775067719608,-7.188655989709758,0.0
-3.2615613451303904,6.887761985628217,0.0
3.277243576074289,-7.8243658077131695,2.0
5.737862001441767,-1.767525854154293,0.0
3.308388795583747,5.872777748298022,1.0
-8.002905180966213,0.5919105820556947,2.0
2.4414493982246626,5.617428957856438,1.0
-7.402946760640967,-2.6375372487231346,1.0
-3.201981908313165,1.5020565549017952,3.0
-6.369272289339582,9.260354549959835,3.0
-6.869767327861296,7.760275649238785,3.0
-6.85510732004138,5.489497236238847,3.0
-0.6790179221479988,2.896079909884108,3.0
-7.805395266032069,9.824660639927053,3.0
-0.9243014045154379,-7.455260435913626,1.0
0.8349345293475636,-7.544772634802208,2.0
-8.282594036269318,-0.3739545181694517,1.0
-2.2918228516308776,7.656687539231374,0.0
3.4176360089882927,1.5292216107030505,0.0
-7.953242056233048,-2.4489833051619687,1.0
1.4370780708284325,9.261997988158946,1.0
6.551604484324361,-7.927737468291096,3.0
2.9084868707757288,2.3084596961622843,0.0
1.0769973548157274,-5.698839592952334,2.0
-2.8440935571017034,2.478532230762198,3.0
-3.940959666212727,5.6070165093843265,0.0
4.600606958166205,4.244769534468606,0.0
-6.668654876136366,8.780603367024916,3.0
-6.348194315745435,-8.902753581879011,0.0
1.1907288101931695,-3.6159418854498977,3.0
4.112872490646783,0.059517066528565366,0.0
1.854167476497235,-2.63519329213743,3.0
-8.251431423704073,-4.1515451318984375,1.0
3.4718745978054404,-5.927306999531304,2.0
-7.735754122045035,-8.61806629465354,0.0
7.5934648020914395,6.163288930556842,2.0
1.6277026101662333,-1.766631175404715,3.0
-9.36734174927987,0.8362464542031418,2.0
-8.316258812696747,-6.582859359401654,0.0
1.9849553322621087,7.371852325643555,1.0
8.29212057540009,-4.401892766930255,0.0
7.728253400639318,7.386726681556805,2.0
-6.772305667544107,-6.337881675843504,0.0
3.179335010448929,-2.955437683201092,3.0
8.439426936383871,-3.965103390788296,0.0
5.383922569814352,-5.456830319867169,3.0
7.072438519299034,4.723726378084901,1.0
-6.9530705337710685,-9.604683300138365,0.0
4.583554544127878,-4.83650424018016,3.0
-7.728130100304583,7.1777952843582575,3.0
7.248906740432453,5.795337495924937,2.0
-9.615629693843445,1.1442728627032945,2.0
5.62624797061501,-9.244307959205935,3.0
5.897762176603852,-4.082122632826348,0.0
2.430297463648376,-9.299239663873687,2.0
8.013725867935829,5.360382734699883,2.0
-3.3300558368679507,8.775888240657842,0.0
1.1382975591687696,-5.431380338087182,2.0
-5.346516623544355,-3.116726930210902,1.0
8.635422323462556,-1.4415526240050074,0.0
6.628012131451239,-8.245550124480896,3.0
-9.67344414885675,2.305297936341331,2.0
4.8263280925649,4.9791156343114515,0.0
-7.564585990383364,-3.8405846228018277,1.0
8.9541532758264,9.718183928406262,2.0
-6.280135198686554,-3.8376517211324774,1.0
9.590411229291227,4.266756629155527,1.0
-9.892168652121956,1.6015359607653963,2.0
8.945660319604276,-5.50375302658005,3.0
-9.415899137788715,-6.091260946175268,0.0
-5.553785685107158,-6.469399537989828,0.0
-6.782355333796062,0.5842747397204544,2.0
4.96504696596922,1.3016352956097599,0.0
2.6205474206481725,-6.624884444731398,2.0
-4.7789958392960274,-5.856499805309589,1.0
4.374867065948877,7.579641018613408,1.0
-7.453285296021872,1.8542485251687708,2.0
1.4067718574131831,-5.513942274516504,2.0
-6.154882959831742,3.7625877468215805,2.0
4.930053252955513,-1.4753510071867915,3.0
4.191123919002429,7.268234219759215,1.0
8.211651898653237,-7.45621588463059,3.0
-6.283288359520778,-7.547994207145758,0.0
-4.658738774395861,7.74148493739462,0.0
-0.2857253433021967,1.419031200762726,3.0
-5.189342263412648,-3.7618693325426484,1.0
4.857177762245099,-8.382908401804759,2.0
-0.5591296690555083,0.30208673563005384,3.0
1.21772313519463,3.3342149734756514,0.0
-2.198753995189149,3.191438453509363,3.0
-1.104638702560596,7.318887967540768,0.0
2.096589458450106,-0.32386974074073294,3.0
-1.2541626341315908,-8.48939303582876,1.0
1.2654852909132703,-2.56500423273311,3.0
6.386509254809127,-5.115921644307127,3.0
-8.534892996660622,-3.020097533637898,1.0
-5.928416972913002,-2.0051476106354382,1.0
-7.08628736691214,9.025149904047073,3.0
9.265688389913606,4.538428029597561,1.0
4.410736428129509,2.397348776813823,0.0
-1.056425008230926,-2.441088450566367,2.0
-5.308264217299554,-9.948188797030431,0.0
3.027177781196679,9.454850882093417,1.0
-3.9613786055414817,1.1917946997320694,3.0
-5.588352154294116,4.8486877914234725,2.0
-9.460873933232625,-1.0937123762164607,1.0
9.136365453569947,-6.701518716733636,3.0
-9.221213680847054,5.920520326787113,3.0
-4.663920680640599,-4.6370815375392915,2.0
7.026309136055595,0.3446968615094228,1.0
3.371524385981033,-2.2311906804786874,3.0
-5.5866894817342345,-6.092777400479308,0.0
1.4834820022544193,7.566433044776105,1.0
2.412871825527077,2.1845041192381043,0.0
2.0009201006069333,-3.0204188172172852,3.0
8.82354222821316,9.71022280005431,2.0
-8.093465758848026,-8.557427357704466,0.0
0.277289529753709,-1.3558143715400135,3.0
4.017569541357343,1.8932700848085222,0.0
-3.8257650388161046,-5.4670792890989155,1.0
8.593325352798072,-4.505209197694606,0.0
-4.781034655377596,0.360845085293235,3.0
-7.9378923267858,0.12738601599662225,2.0
7.903607792554197,-9.618900974820557,3.0
4.87639102180462,0.7077555684263324,0.0
3.300538650035298,-3.292181171015418,3.0
4.715431204305702,-0.8920750713976329,3.0
3.336182965988016,0.3717671848211097,0.0
-1.9927496234150226,3.9434479532791364,3.0
-9.124594195117934,4.991905603272464,2.0
6.729200313727208,-6.363752671770588,3.0
4.123330769806069,5.064223630271659,1.0
4.059459548169887,8.711262403596617,1.0
6.415025518775597,-4.249025322840727,0.0
-0.10136879374721808,7.820663622154171,0.0
-3.417155643547469,5.435460737199357,0.0
4.82952719257983,-7.639193169608922,2.0
-1.2424984194840167,1.2803944629580393,3.0
6.3728304157880125,-2.1447355556395475,0.0
8.483236755113438,4.254908702886858,1.0
5.4588925900593,-7.704713605715076,3.0
-3.740770842553715,7.885105691826979,0.0
-3.887986228618507,-1.5524640843525344,2.0
7.872683561857723,-6.116615417934456,3.0
-8.51635006067986,-4.455154870145261,1.0
-9.468932147136861,2.596115871835247,2.0
-7.704702751311148,-4.6374994906375715,1.0
-9.555002247429897,-5.436956844470366,0.0
6.605952107855938,-2.2540430123123434,0.0
-2.09913349873891,9.519928002717723,0.0
-4.450084489637602,-1.757170785729139,2.0
-1.982955219286298,-5.652073420798169,1.0
4.588115291584707,8.277385679173864,1.0
0.1803961698254568,-4.518472915424098,3.0
4.5759697324921405,-2.620066622197492,3.0
-7.180358984838646,-0.47658499341567584,1.0
-4.075839864486548,5.594436666729374,0.0
-2.508221281518641,-1.647081704144151,2.0
7.077364577782209,-5.302889329696288,3.0
3.510162624022236,-1.807999727343141,3.0
2.0407969200596625,-7.720263863979985,2.0
6.547373744914157,-8.329114403120688,3.0
-7.561346759480532,-6.250635782810587,0.0
-0.19713116801941588,-2.6301349953708613,2.0
6.393769555584299,2.4050451269258826,1.0
-3.6005381717397844,6.772948200506345,0.0
-0.28710571928586326,-5.685819594838448,1.0
5.079516260353355,-4.688697495914907,0.0
-4.764372064566786,-6.6753327806670315,1.0
5.705955508817034,-9.266391055371257,3.0
-8.966074242605565,1.9735851058286755,2.0
4.739666203642708,9.106130857551268,1.0
0.0643604083992333,3.889876852192094,0.0
-7.4750029873364525,4.812805126406106,2.0
-4.0924455596230835,1.8908728158427834,3.0
1.4264526511953015,-5.123353772301886,2.0
7.834391610343211,6.749400665858019,2.0
-8.465257702211652,-9.915763441593622,0.0
-9.498389303333227,3.6609553904453165,2.0
-4.5071703134481105,-2.799383265409916,2.0
-2.6204909468403192,8.290540703330155,0.0
-0.8452243653219842,0.5894708353137279,3.0
6.874562285994106,-4.774766621720885,0.0
-1.157663455014939,6.521969403108926,0.0
-9.964978413883053,8.154565815929676,3.0
9.644263871202398,-8.599723283760131,3.0
-9.014700617305776,9.590838067052513,3.0
-3.931235405384581,-9.159928530242707,1.0
7.8400916061897945,-9.016067646810066,3.0
6.032876368058247,-4.0238495959676435,0.0
-7.3141495911786585,4.653769389335377,2.0
-5.444988609328969,9.01847450329534,3.0
-2.9626288429408287,-0.42382674552698774,2.0
3.6910438107894255,-1.0973397983209594,3.0
6.052440668110947,6.903743284469332,2.0
3.8875705177274185,8.843950845777652,1.0
2.0150610502615365,9.551849739552821,1.0
-3.734748985169749,9.260010957375101,0.0
2.326109226812658,-8.245532671824948,2.0
-8.603554254331552,4.749108756846708,2.0
-6.45020535562669,-2.936572029340163,1.0
-3.7989855731619038,-0.025413262851701646,2.0
-7.778470526117262,-8.256055378799905,0.0
0.8869167603610073,7.623665180119168,1.0
0.5459554430152131,0.8017922489436629,0.0
-9.623505644805405,-1.6667971559937822,1.0
-7.273334670464502,-8.940434260748592,0.0
-2.2406595046499174,-1.399697385809585,2.0
4.342323678539602,8.20687306511616,1.0
-7.194841926019198,-6.353647888626925,0.0
3.645254225186804,9.627705867819223,1.0
-8.411374905614837,6.73601831811262,3.0
-7.289081244063233,9.107635695284035,3.0
8.948811374092635,4.594487035620283,1.0
-4.888608385773317,2.8087692867266956,3.0
-2.2002847809629245,-9.642067622482438,1.0
5.088927019975866,4.630110823257796,1.0
0.3116160951741609,0.6340146372201279,0.0
-1.2177862140269635,-5.297466300540403,1.0
0.6790034580018833,-4.25944808110726,3.0
7.972907510853563,3.7036580175797553,1.0
4.803024074645057,-5.874201223723139,2.0
9.630924323848586,-9.80242308080709,3.0
-2.176541636843945,-1.7102546025926575,2.0
4.553591891003945,5.738567597547338,1.0
4.165957733587051,-4.407295310947323,3.0
4.494861789124631,9.050989769311151,1.0
0.9181672651506485,-5.585392817680477,2.0
3.359614592402508,4.680305013816625,0.0
7.290498910867008,3.081480151039571,1.0
-8.810062845755425,9.300505195212558,3.0
-2.2282343722086084,1.0503990038007398,3.0
-2.1051089036551023,1.087671991855256,3.0
2.2046220225867685,6.41095599687095,1.0
2.442157901673177,-8.344073291368804,2.0
7.044290582032755,-7.999010585834865,3.0
-1.521663327230403,2.1982802490665243,3.0
3.6790576917833597,2.7548396244703426,0.0
2.230125034219668,-5.3389820025130375,2.0
7.91354386009359,-2.6420063430934704,0.0
5.03904691163717,6.662349621624152,2.0
-8.894577241373657,-6.631581087796697,0.0
-8.573512406470718,0.5288376271250161,2.0
3.4751640737448497,-3.3790466634380723,3.0
-3.6092935026946655,-0.25284651761492327,2.0
3.3220651679613837,6.605322468647703,1.0
2.7106965815317725,0.11484956807271729,0.0
4.604748224471539,-7.999817379650773,2.0
-9.452661295957501,-2.3831283542858035,1.0
3.026502930162332,-8.203273702966356,2.0
3.516015103220937,-4.843724530607125,3.0
6.5882021527582495,-4.557390231546288,0.0
-9.345268249346518,-5.592753212056207,0.0
9.916536907517902,-5.149111548657004,3.0
9.369671935772487,6.041744482396457,2.0
-4.848967269580453,-7.509172903479091,1.0
-8.105493717823851,8.596726751879078,3.0
6.846145868395567,8.080675598389043,2.0
-9.180552887778102,2.3127212296815447,2.0
-1.5691600158235666,-5.729581056886959,1.0
-6.027608303957324,-3.1214153133886713,1.0
-8.233065745833684,-2.3166192078337966,1.0
6.858340378007735,4.9996305950385285,1.0
-1.7637616593729035,-3.1990720437381492,2.0
4.4293668758572675,4.228592631170333,0.0
0.4143919576156563,-2.8625753179114755,3.0
-4.531867066696266,-1.1492061674084848,2.0
-9.540189693924532,-9.244409361199633,0.0
0.7087008544142499,2.8896153203072217,0.0
8.067268437890998,2.4852045459414374,1.0
-2.1459684582276424,-8.146301893206418,1.0
6.165733817048743,-5.445000683549623,3.0
-2.5315399785482784,-8.403968985756944,1.0
-2.289222119275318,-2.133979034744433,2.0
-9.666813179873902,5.232713275645082,3.0
5.869279401753227,8.976848016693559,2.0
0.5914286379500329,2.722661048674551,0.0
-1.7212997077283418,4.30554933561522,3.0
8.606877170362019,1.4222891833981866,1.0
1.1043106007249115,8.750486736723598,1.0
1.013190645042787,-9.739960240320773,2.0
-3.6606854917620453,-1.9424788790059573,2.0
-0.3938059325890553,0.9871220505103508,3.0
-2.4633141830509775,-7.84484508594077,1.0
-0.9972503144074718,1.685997059750079,3.0
-2.5810525622152847,-3.5117005986745964,2.0
9.824638027579653,9.091279945328644,2.0
2.7969028124048947,3.976947098287054,0.0
-2.823424893659043,7.037990048790107,0.0
-4.486685018613099,7.532767031765946,0.0
-3.307966557187716,-7.126300498027915,1.0
4.362204963952042,-8.75801237491495,2.0
-5.735356139062944,-5.293014906583052,0.0
-6.852357637108701,5.363818970179896,3.0
1.757665519317369,4.941672157847975,0.0
-3.8327885626999088,4.683268159450229,3.0
-0.13147341241460175,8.977166975884682,0.0
-2.2538825292453346,-4.965560635977355,2.0
0.5798377679663567,7.148587127601392,1.0
-5.12634087125956,7.5434558858063525,3.0
-8.283311441040615,-9.139585764936681,0.0
-0.07577826714011948,-4.402948273328022,2.0
0.7324233620671556,-3.581300706514634,3.0
-3.971670561228546,8.40652809297152,0.0
-3.7471692485559682,6.488658980087763,0.0
1.177338037200517,-5.176003216146046,2.0
-1.4404111227342735,1.8623882541038856,3.0
-7.755925941315227,-9.543362325986461,0.0
-2.8278141458285333,8.628316381144586,0.0
4.699550694571318,0.8823964634550272,0.0
9.588079758921669,0.8707226964631776,1.0
1.3719230602203574,7.38849238121724,1.0
-0.016668010272882228,5.947450544045463,0.0
5.50808245781168,-5.567044191457661,3.0
-2.008914106317654,-7.435153259052269,1.0
5.995084318347573,5.574297100102299,2.0
-3.965330213282206,-3.9065892226139383,2.0
0.5993086989735001,-1.1785831821011232,3.0
-9.086885470116453,-9.7059213800767,0.0
-7.445552445060604,-1.6805331378348463,1.0
8.461792955410019,-3.145051589852226,0.0
-1.7345950720321994,0.577978816380627,3.0
-6.613495805600424,9.158546140606344,3.0
-4.99599420651311,-0.8059804689265615,2.0
-0.08238560409607132,2.756285381552349,3.0
-1.4138993711085597,-8.348908136559423,1.0
-5.716885784094943,0.38846001721197965,2.0
4.740127533638317,-5.565187215834733,2.0
-4.092360065368704,5.048791831029277,0.0
8.658039684687548,-4.989695627974209,0.0
-4.417655854203881,5.060781622121942,0.0
8.708057960700597,-4.0125493570379955,0.0
-3.4266718426461935,-2.8287521678997862,2.0
-7.908180184868369,-0.7788437083006912,1.0
-5.322039822373452,1.0546575766326232,2.0
5.3767369688353455,-1.6757629436446386,0.0
5.800813487434883,-8.986655869360138,3.0
7.51226267308008,-4.904047242737299,0.0
-1.3599499542831772,8.942806543544553,0.0
6.8009617576047,-4.607899669835982,0.0
-9.420405605393224,3.6622596481691367,2.0
3.869737451594533,-1.3822494769118894,3.0
-4.551162815846537,0.024413876023878345,3.0
-6.036882380148816,-6.12559894640464,0.0
-0.9543785138411902,-8.42795621833362,1.0
-7.945914252676052,-0.06296610405147263,1.0
7.494625114655605,7.830673918011385,2.0
-9.934330605209228,-7.360339940284392,0.0
-9.872106217101324,4.417043481323104,2.0
7.510349143730707,-9.119554620236489,3.0
-1.5236333747681812,8.798867628904759,0.0
-6.922154040672506,0.3032949700728178,2.0
-5.956487301720676,-5.666317560401146,0.0
-3.3524364305792,-5.305240141778851,1.0
7.244798560783302,-2.232969150292865,0.0
-7.174217078543497,3.6470819220015205,2.0
-9.472383070587396,9.969338365699688,3.0
0.589126077722522,-1.4387723736866889,3.0
-6.543183851016449,7.652654701189224,3.0
2.512733039925436,-1.5862126654776247,3.0
5.584574503599427,1.7097490867979754,1.0
-5.1117457186929505,-4.1410398457868824,1.0
-5.182122448336923,-4.501613245036598,1.0
-3.8575800293421842,2.687102020874608,3.0
5.181937111039318,-5.684760864985526,3.0
7.108208595285465,-0.6595844121499166,0.0
-9.656893817855925,-0.9729520691317557,1.0
2.1295279332212935,-4.901246963780121,3.0
-8.572330292000158,-8.24575154430616,0.0
-7.3887786981628985,0.11631194645336862,2.0
2.4667275270167863,-7.389643800619059,2.0
5.607893415620458,6.651640354380547,2.0
-2.3250086327568216,2.738933057210442,3.0
1.3070954647901,7.573457350036225,1.0
3.49188355956165,8.191767657317843,1.0
-4.46879568270111,-2.1562080768723346,2.0
4.970737962076729,6.70776274951859,1.0
-4.544869638575264,-2.0339115933288205,2.0
-4.527232667172097,-6.706309425821891,1.0
1.2446244536455033,-7.710847161298641,2.0
0.9777787891008458,-7.031928184316538,2.0
-1.5526547956528862,-9.037472447254363,1.0
-1.7460099221841947,-0.9574245437415936,2.0
4.223202240613242,5.4035324195896735,1.0
6.9150783935523705,-7.224691687431665,3.0
-8.997505716577066,6.247694458928244,3.0
-0.208094928668638,6.057872174650051,0.0
8.571667492267135,-8.664978622959623,3.0
3.8149392353150304,-3.4972842680171627,3.0
7.9054373310771595,-9.934989427253418,3.0
-4.823010543822209,-7.572653058740563,1.0
-9.369246733817011,-6.0782493616452715,0.0
-2.423201869445066,-0.49827063357475865,2.0
9.775645315100366,-9.057266918208732,3.0
0.6142349690660236,-2.226925665542188,3.0
7.17904388461206,-0.3814646896971077,0.0
5.466379571624895,4.3612791265293325,1.0
-7.187496584011647,7.4744553842847665,3.0
0.6230220030932632,-6.932085283174523,2.0
-9.863671060474864,4.102244859708817,2.0
-8.338672673207629,-3.3850480780245125,1.0
7.46014518024927,7.907216911382612,2.0
9.2307143530181,9.754684033582507,2.0
-8.428439778089789,6.634144389403673,3.0
-5.415649078204989,-6.370767960194321,0.0
7.861004177743393,5.738124609594982,2.0
5.600134148025395,-9.711187270700615,3.0
-2.045035762522696,-8.82676211797327,1.0
9.872301033584964,-5.876731737673531,3.0
0.7831417826931713,4.250980858921915,0.0
-2.8363254451608295,-6.290706138238988,1.0
-7.21518637947169,-9.781908179388804,0.0
-6.080924270333656,-8.703012244134909,0.0
-6.904151777778724,-7.041334172463705,0.0
-3.6479182064802806,4.1835417295919335,3.0
7.470581948332445,9.067552681246141,2.0
-0.8617101393201061,3.943775920558764,3.0
9.518577237916109,4.0859830953372125,1.0
9.058322514091767,8.725807704116527,2.0
-3.3374914760685765,-2.3735951487982625,2.0
-6.197893709479008,4.5393457008733336,2.0
-4.808850550945431,2.6250963706061707,3.0
7.978451092872575,7.90953918581803,2.0
-7.448727359082081,6.824453720564485,3.0
-7.562864034451573,7.846793382280843,3.0
5.384075438902531,-5.777168508683685,3.0
0.20693331270898696,-2.3206487719925484,3.0
4.094900234097947,8.412971997303327,1.0
8.671698914630138,8.263536710816844,2.0
-1.099611191331526,-8.799637279414313,1.0
3.402915615950093,2.654561147703376,0.0
3.859075649144284,-6.386640299234479,2.0
-6.22462352227342,7.687303233148299,3.0
-5.56428707316088,0.7697320980642601,2.0
-8.483343176855605,-9.448785855112135,0.0
2.3368678733557697,8.10999269721609,1.0
-8.62555834600087,4.157238437918579,2.0
0.7923644539225023,-2.3752125061801905,3.0
-2.234430347737688,7.713862021332929,0.0
-7.330374850499881,-6.4185391430549625,0.0
-6.653155226769489,-8.601830322880401,0.0
-0.4022974330505349,-1.9654421728217137,2.0
6.518415985923632,9.073896624572157,2.0
-7.968811534390912,-2.6346098163849963,1.0
3.8174717338768147,3.1624238682154964,0.0
-8.618946780265315,4.1516466314702996,2.0
-5.241032062450357,-3.3074812274981173,1.0
-7.581672768217378,5.760440619475764,3.0
0.9192984341731325,2.7119569620069743,0.0
-3.2904949103940524,9.12834510287749,0.0
-1.4694473822841676,4.608632239772252,3.0
-2.8541281715813156,8.294961857460258,0.0
9.205850558319483,-7.35352958358286,3.0
-5.310418732646323,5.22611000195087,3.0
-7.684987411316526,-3.419358746613133,1.0
8.091416179324767,9.10622465614654,2.0
-6.069372243409383,0.12792919052507834,2.0
-4.650312785748801,-0.32232562709323176,2.0
4.097842551586277,5.913670147254702,1.0
8.208167000103018,-7.679363175971483,3.0
-5.4934782171589465,-2.3627069420223172,1.0
9.47515791897182,3.0834444696705567,1.0
-9.287220589665775,-6.099400092983769,0.0
7.7722781159161585,-9.115702368413999,3.0
-7.3654454990573015,-6.925195488758391,0.0
8.455357180302979,9.033663329288927,2.0
-6.604240118693559,7.8736240027198825,3.0
-4.12329812621393,1.1200552333371583,3.0
6.267339890896441,2.519489000792001,1.0
-9.465846422899983,2.6250905712490713,2.0
0.8223683509284498,-9.310219616804616,2.0
3.036395462980039,1.740102641045242,0.0
-5.627350741856523,-2.8780006433756107,1.0
1.6931141908651988,-0.38922673006470454,3.0
-6.506241941277429,5.268958828635256,3.0
-5.035352473124517,6.688168004234491,3.0
6.273704893046105,4.277356215342639,1.0
8.66955853444145,2.8287772805852907,1.0
5.935450509423877,5.857960051675493,2.0
4.449857230395477,-2.2746723487862823,3.0
4.636305102679577,-0.5385692772759754,3.0
7.961130904895526,-5.113122439307571,3.0
-8.178384149451976,3.862961189172424,2.0
9.558706998843817,3.7149006303135597,1.0
6.8366216904849,2.0268720595926766,1.0
7.78530341460791,4.403251707591538,1.0
6.915376893119806,-0.24045517665293303,0.0
-5.8627833286793996,2.7856662165049,2.0
1.1143461677046993,-0.18484025958174222,3.0
5.039801240182475,5.233207286055286,2.0
-5.585405540131965,8.023321232185701,3.0
-2.2293195725209447,1.8221529296156547,3.0
-1.6273197485743918,-9.811856435770181,1.0
4.487092028461635,-7.1741300328711795,2.0
3.497971806431085,4.523628742066366,0.0
8.184012910059593,-8.600861141117713,3.0
8.910633622377407,2.853891724833071,1.0
0.9862696483494489,-4.638824460524562,3.0
9.959449299884728,5.707350947960943,2.0
3.465443454674869,-1.647118455289057,3.0
-4.96658805637936,1.137382572849896,3.0
2.3466920976609433,9.506065671388363,1.0
8.9424548118279,5.82048175964651,2.0
-9.99566926120637,-1.6259338616928947,1.0
-3.667444735072756,-5.725648524098417,1.0
-5.480615547894397,6.962650335106094,3.0
-9.844205223020385,8.962886880388709,3.0
-6.901661684995355,4.808822815011242,2.0
1.9212499623791661,8.9055728468039,1.0
-0.5650855691467793,-7.44158686900948,1.0
-7.163206388378526,-4.2792303521482715,1.0
0.6623890245546793,-2.899306374473756,3.0
8.99782515044335,0.4017984087013904,1.0
-7.986212248867799,-3.2487670188696764,1.0
-4.007865694079942,5.858909915765269,0.0
9.152472901409723,-2.626432422643119,0.0
1.4997808862361044,-3.6707100091015583,3.0
-0.7420180303357107,-0.635707921251603,2.0
-8.540720173719095,-0.0932439441781856,1.0
1.028861117794806,-6.396528088859233,2.0
0.9715282499308593,1.1621250609603564,0.0
8.62086618285404,-0.8907361317375404,0.0
4.666102289793649,-5.463054563808751,2.0
-6.197659337135361,-9.528428087660913,0.0
6.105799338701392,-6.6069322485158954,3.0
0.5937928424205641,-9.74313160755133,2.0
1.5773692283214373,0.9942128180256873,0.0
-2.8373856090039613,-0.4314729612307584,2.0
-2.483518505101152,-3.829319178667685,2.0
-8.245773726306902,-0.16366276445391037,1.0
-9.022306871058056,2.352023315404633,2.0
8.288719946354892,-9.382453205163168,3.0
8.886700583765204,9.669893118323454,2.0
5.7287548994506015,-2.909349908108217,0.0
8.908169514755127,0.17663372513007758,1.0
-3.532350108146318,6.479748718623885,0.0
0.7275816998599627,0.35296217612772196,0.0
-0.3840782890140648,0.6307500454355974,3.0
9.66324591556003,-1.1212937018302434,0.0
-8.415635980451233,0.26291197958628665,2.0
-9.579677785884043,-6.403172410763571,0.0
-9.240775304065567,-6.7306377143248985,0.0
9.779796150232759,3.1464949546484746,1.0
-4.974209739841631,2.680073751881727,3.0
-9.713938860627218,4.548514106892457,2.0
-9.818882593848723,-3.182869374299444,1.0
8.963177629518842,-5.507376665030767,3.0
-3.7761772998661325,9.880172622960131,0.0
2.764647738304781,-2.6504864289324903,3.0
-2.279270821360539,-9.91515299898609,1.0
-2.360413667222325,0.08779633636966544,3.0
-9.238023663576358,2.9655253825847527,2.0
-0.9779742133742086,-2.8169750060363175,2.0
-7.119432181791787,9.212726835424377,3.0
-0.22652531738214776,-9.304965161887067,1.0
0.5010263638480126,3.789767328670079,0.0
2.3555257340015814,-1.8367973414788903,3.0
8.362312465175389,-4.949812410835383,0.0
4.534010446464055,1.9362855552759068,0.0
-9.370205045833554,-0.7010015467604287,1.0
-4.311859617192395,-5.477841152269134,1.0
-2.8930989221776855,4.588638061168668,3.0
-6.921372584397849,9.7738338011272,3.0
-1.2563123947180728,0.6324531243256715,3.0
2.1422359656149563,-6.6846570590558985,2.0
-0.5723339147782429,9.007578283007089,0.0
-1.8229422401852204,9.716229491216438,0.0
0.9000760202467912,4.491191642122272,0.0
-5.458644474146201,3.5155542875915877,2.0
8.699155672871683,6.333957559674889,2.0
7.405482931031877,1.5970130094303308,1.0
-4.320048405267984,8.307277887817186,0.0
5.501399045273693,8.326562135121016,2.0
3.2740947684918336,-3.0398964074474417,3.0
7.5675530695848465,6.253036429642769,2.0
0.8327080417655495,-6.1994295836775315,2.0
1.3846472401592447,5.477669656543473,1.0
8.65435584243048,6.803431934409133,2.0
3.944955992118791,8.70087436653374,1.0
-8.648450239048632,-3.1769556362539264,1.0
-4.615800884338457,7.220929033521031,0.0
0.32539563379670255,-2.895666949100997,3.0
-9.86361990077091,-9.723523279444738,0.0
-6.269457549188527,-0.4801830834197407,1.0
8.670879914867417,6.498425894068895,2.0
-1.982437861071034,8.365674586568375,0.0
-0.83077148239731,-1.7189348285767725,2.0
8.860518364809135,8.148995663597908,2.0
3.0880280237017494,-4.676613948796565,3.0
6.545323485219889,-0.5761662550925273,0.0
1.6179514243152155,7.046666911826989,1.0
-3.274175046709331,9.493504180986264,0.0
2.1584359780963744,-4.328435940333892,3.0
8.917908439910981,5.197701853804617,2.0
5.196024294027691,6.297008797861167,2.0
5.038555379481576,-1.4422169385103736,0.0
-9.108397317253665,-2.214792155549647,1.0
-9.264132861553009,1.499813273449389,2.0
8.504662973467376,-6.42186012454224,3.0
2.2078357258323837,-4.753626616637778,3.0
-3.8047643982443997,-2.542935762932119,2.0
-3.3907407506690053,-5.3603819933365005,1.0
1.7662776895535437,-7.689434894471865,2.0
8.72206253467277,-7.960577658774939,3.0
-6.240059482980829,4.426699579251444,2.0
-0.5509214259474238,6.746063576869904,0.0
-2.18128255601383,-9.87270396889059,1.0
3.586758002661689,8.61425596923337,1.0
-9.836409228948213,1.9990377791973852,2.0
-8.080940775370635,8.324933954016014,3.0
6.936311423158131,2.3969643129753315,1.0
-6.511151444353828,-7.491737783057371,0.0
-9.420991436265485,-6.978489419926444,0.0
9.214953473856966,-9.291723626761751,3.0
7.821636020370562,-7.9537488919666455,3.0
5.996981210493949,1.6009868715578808,1.0
-0.9858248784746575,7.952363147800526,0.0
-7.20985044047058,-7.1314153042041095,0.0
8.166498831109298,2.2170825096874722,1.0
8.494843949865206,8.955586296616914,2.0
-3.885182230286002,-5.995544545881783,1.0
-2.2843549361700948,-8.663740013944832,1.0
-6.7451373095505796,-3.185311609246413,1.0
4.258421821253089,-0.6510533931700202,3.0
-6.594037038512974,-2.4241261212233773,1.0
-3.938819435254608,0.6324147868263168,3.0
-1.3639578576856604,7.840472096636976,0.0
9.146127052274686,3.435618263829763,1.0
-7.972909288635874,9.22850528045361,3.0
-7.950438193713472,-4.646507866005485,1.0
9.568426239506696,-8.986588811996265,3.0
-6.32630576557699,3.752775162500459,2.0
3.968471754659287,2.7050433443625757,0.0
7.451259905472547,-4.411587682633636,0.0
-3.4845545964602787,7.879460701224183,0.0
-0.22239303675217137,-5.205065347045064,1.0
4.523386099446789,0.7463843093717095,0.0
-0.781286653871911,7.093300306334932,0.0
1.5940882952679214,6.001318056038926,1.0
2.076450836593729,-3.763400250516633,3.0
4.660740239249467,-7.038047580148223,2.0
5.504305947717672,4.568735187098989,1.0
-8.484691800249786,2.8234370811911482,2.0
6.704171120572823,-2.7179012627552783,0.0
-7.865364372019581,1.5347963210802877,2.0
-9.990127123685964,-4.239483543792943,1.0
-6.837481864611668,5.489370474019733,3.0
-1.0526346020563153,9.927739446956995,0.0
-2.4148475805300667,3.8725236457952033,3.0
-6.595317820749553,6.545247902881265,3.0
4.680697543032036,2.9422110537701407,0.0
4.00150776330497,-1.572121480726441,3.0
-6.18153690979804,6.339086217187521,3.0
4.332524384619829,-4.3167910087858345,3.0
9.150564622587293,4.591906878727745,1.0
1.7677362529713392,3.7242525177001813,0.0
-5.667667740949527,2.112623202311541,2.0
-6.453594350770453,-3.952229665420308,1.0
6.48938796831461,9.506099780296537,2.0
-4.275877572566817,8.705308000228968,0.0
-5.604038239086247,-1.3709537065066257,1.0
6.41845345944737,-8.03704515079152,3.0
-2.334264522191278,7.4492149266829415,0.0
-4.878400961953644,-8.85278772317778,1.0
-9.999094672562547,-9.93513756344089,0.0
-5.6566333660186885,-3.7631351018816357,1.0
9.387046656682966,6.856583249892672,2.0
-2.9487696493783506,1.6824175938119073,3.0
-7.1354488712914605,8.571551179258233,3.0
-0.5809654984927555,7.741603178051001,0.0
-3.400547449000366,-8.536474076972105,1.0
-7.339285138078435,-0.5971770311460016,1.0
6.445417096331514,7.65917291437415,2.0
-0.08591049831201758,7.109284754825843,0.0
-8.210296819390093,6.270045781629133,3.0
3.84544857124299,6.637457193606874,1.0
2.8615442963817923,-0.5344249386016529,3.0
6.631453306502465,-9.410041452471507,3.0
3.2150745352669645,7.926435811123071,1.0
-5.930611576657947,-1.209168091142324,1.0
3.311934913729498,5.773384337338786,1.0
-6.3614852731404925,-0.6219097681111929,1.0
1.2802930625083526,-1.382921649300057,3.0
7.569868185197382,6.7307576180741115,2.0
-2.327386001457185,-5.2679948150538,1.0
-6.419127053733417,0.6663518481858617,2.0
7.338964407016583,1.4501881859829702,1.0
-6.309331534051386,6.1346902772990575,3.0
8.414595737169606,-5.124719779087725,3.0
-5.997070901981569,-0.019087767343306083,1.0
2.6069587863115125,-2.716276542885838,3.0
-7.725257011558453,5.653138391244429,3.0
-2.599780218900987,-3.6134565177724713,2.0
4.2182282932857795,3.1131081587997436,0.0
-8.245199060717018,-5.568486340425145,0.0
-2.2947963625922796,0.29804160206008845,3.0
5.942684614616738,8.828143790268697,2.0
4.067684376356215,6.067024933224214,1.0
8.000946192825648,6.96388427933174,2.0
-2.677677084748174,-6.306222931248211,1.0
4.199232501321985,-3.8986325052606414,3.0
1.6683387875709208,0.0334374489762741,0.0
0.003188366203996651,-0.8649408418420492,3.0
-0.31994050687774944,1.5144260905598568,3.0
-1.3927047463940934,8.857609171904702,0.0
1.927080899284766,-3.286794616639524,3.0
4.579929747795006,5.802452472116293,1.0
1.2123397125549928,1.9720921399430438,0.0
-7.238376450258841,-2.423847851567098,1.0
-4.606676625187149,6.266502689174644,0.0
8.695238096119311,2.5149781821320243,1.0
7.61875249493762,7.8292174920101445,2.0
-7.7885081055292416,-8.35285474159737,0.0
5.529282532167333,-4.64088680842411,0.0
-1.058340330964116,7.373731962060038,0.0
1.021949214770384,-3.0742129754298393,3.0
1.7519383709016179,-7.7205750559074104,2.0
-5.155821297091567,-2.2052967260882372,1.0
-8.855817888829327,8.510731589734092,3.0
6.139019578356091,7.257637434263728,2.0
0.9559471731474094,-6.242911372440281,2.0
-6.970400910987449,4.7354027289522715,2.0
-6.58686013439576,6.7973248575147345,3.0
8.236033327939957,6.786400703745965,2.0
6.786336985921263,2.150058867071273,1.0
8.836298468809556,4.556160411058601,1.0
-5.888316277748979,5.398724948440352,3.0
-2.5049814350878403,2.167966021723135,3.0
-3.137463097433077,-9.172112336722577,1.0
8.97566835007148,2.340938584155408,1.0
4.752574883838989,-6.846795617511723,2.0
0.07275312940926071,3.034627662384823,0.0
0.633090564275383,-5.5281856210090545,2.0
5.915690574736139,4.956123598202545,1.0
-5.292726628605724,7.873555957559994,3.0
-2.79533830998494,6.9496083114392135,0.0
3.0645587781319534,-0.22349499633239667,3.0
-3.3659541927557335,6.360024614670074,0.0
-9.718840229051116,-8.239512954107049,0.0
3.7625282808576284,-9.65494688800585,2.0
0.1553614939777166,2.395051576685862,0.0
1.0592073536076558,7.930710764752934,1.0
3.5416339172274682,6.790274848161843,1.0
4.172236149222734,9.547102681590786,1.0
-4.004457489811277,-9.476725303896337,1.0
-7.932791690341833,-2.425093190190246,1.0
-3.041529039044903,-6.943079218269239,1.0
-0.6412300280603596,-5.950785162398951,1.0
1.2220090131946861,-3.6631982696399685,3.0
9.643281916285883,9.984404146674656,2.0
8.40825306208087,-3.1165367197160982,0.0
-4.539626951888729,-6.410114777682705,1.0
-2.0146480912078824,-0.8236238911445781,2.0
-5.493839510040878,5.4649396059618205,3.0
-9.300475834907795,-9.430237331810874,0.0
-8.335310181402162,-8.642640865602559,0.0
0.6295447622091217,4.506743948023155,0.0
-4.144408860390241,9.62958162259785,0.0
8.465304302681645,-8.228009676725543,3.0
2.175435213081647,6.813247799350808,1.0
-6.395726496318939,8.595655568309024,3.0
6.4570199123086205,1.1146901571520083,1.0
-3.58831136874604,-4.368467454459736,2.0
9.221607089981024,-1.9398851685693064,0.0
-3.754232101956405,8.488456901047506,0.0
-0.876279388004523,-7.327331419475103,1.0
4.835993622443773,-3.593370067642983,3.0
5.422617825815621,3.4394504241699924,1.0
3.4524438101150103,-6.193564948259571,2.0
1.6889815499099328,5.212186455938426,1.0
1.8351710316917398,-0.7072064177682229,3.0
1.771981666083743,-3.105129232094404,3.0
3.3781285173947424,3.1048828505574626,0.0
-7.279094061079232,-1.4486910062051646,1.0
1.2073623796429516,9.14012483636067,1.0
0.654879783089017,-2.607306092475321,3.0
1.0288842274442782,-8.044376129899128,2.0
-2.7326924852036028,0.5262049350630722,3.0
-8.211405310146208,-0.4318888654173225,1.0
9.168210073061182,1.0408810070738657,1.0
-5.175058298175141,-3.4961396221336516,1.0
-4.348711683778994,1.3578108526140493,3.0
7.249100716398257,4.826950710331628,1.0
2.4727132099457627,1.322032762702909,0.0
2.1291110218963745,2.3017231709070742,0.0
7.4555738074622795,1.5541814349753569,1.0
-1.5468881781114892,8.762275536420162,0.0
5.823534680774143,-8.421910131657512,3.0
-2.531258400821037,-9.839592506829169,1.0
2.741617294843376,-1.4210846872336695,3.0
0.32007517275653896,7.0764069334810245,1.0
8.933170387649891,-1.4487575303579963,0.0
3.6469684391915713,4.092629185106967,0.0
-4.216394619874024,6.942810064353601,0.0
-3.763333807095373,-6.242839868661498,1.0
4.981693849546424,1.5611270517655544,0.0
1.0465593050028499,1.1967958899402085,0.0
5.067578850781382,9.670966120058516,2.0
-7.264144561063426,6.241957911359766,3.0
0.7254829599242179,-3.456493174602741,3.0
9.9950684718195,0.681425799027755,1.0
-2.753594775367816,2.9461399191407445,3.0
-7.268587843241723,-8.985948661846816,0.0
2.792629395280514,-1.2267187852579564,3.0
-9.810639327019752,-0.7342617063275529,1.0
9.81923867953838,-0.4117606614177802,0.0
-9.962035192753723,9.867140662371966,3.0
4.897536862846401,-9.53062758525238,2.0
3.6177404627275926,-8.440036068793972,2.0
-9.562520407490275,3.1688734353843255,2.0
5.8014263524040075,8.74843028761456,2.0
-8.674672959358883,-3.9688275084930797,1.0
5.477968024494345,9.004922889971489,2.0
-7.4901480471602895,4.177711350136734,2.0
0.8407757031069263,-8.544488193335507,2.0
-8.908775397776559,9.96467607584687,3.0
6.6473694603014195,-4.262525548303541,0.0
-2.025487379494429,-0.15047552025513333,2.0
-9.86311414728166,1.6728960406401168,2.0
1.0079025743058345,4.395002082545004,0.0
-5.070204279862136,8.450636694152696,3.0
5.8261456869667505,4.54355533297549,1.0
0.9687791569935111,-3.70007761743566,3.0
-1.6256117275007007,-9.409403407355883,1.0
6.114640855323604,-3.503873927371979,0.0
-2.4668864843275635,-9.698893073084944,1.0
-9.563111975226823,-3.6363816467286547,1.0
-8.712172378256085,-3.0113849391099867,1.0
1.6992001601338576,3.257432935743365,0.0
-8.47544237138661,5.875486402919293,3.0
-5.689627731272009,-1.0783011420662536,1.0
-6.539779912975943,7.280648333666907,3.0
7.949216789323376,-0.70978678913254,0.0
-4.882210167458245,2.5769504932285674,3.0
6.048173356417422,-3.9113133546574037,0.0
-5.3944809502642705,9.864050916740187,3.0
-5.762993677447145,7.147589556564686,3.0
9.544142391376273,1.108766214554711,1.0
-5.670997699073448,-4.7769462391228235,1.0
9.508881761302383,-4.503448349646282,0.0
8.83515964675431,-7.323362546996681,3.0
8.169727966142805,-1.4538137251493772,0.0
0.5522442227028819,2.4131005951307056,0.0
2.1041632831040946,7.683658408679229,1.0
9.172764742022743,6.830423840832388,2.0
-6.674458311969033,0.2235108957597447,2.0
1.9358409315748055,-9.0223841095575,2.0
5.597653183989504,2.1181429855141616,1.0
-8.054372504136651,-1.9435954563749434,1.0
-6.42741381555491,-9.102906832128133,0.0
7.029045667218266,-1.3443463255147243,0.0
-3.3797201034781654,-4.939629544180755,2.0
-1.0143538819589164,-5.073561140776331,1.0
-6.334060289183981,-2.6275651722750792,1.0
2.242255278900993,-1.3871557859656676,3.0
1.727534910851304,3.548178833373445,0.0
-5.287149339301191,2.388885708216595,2.0
-4.980344382971231,9.918920958183499,0.0
-1.6599135597209909,-8.985800418574838,1.0
-2.742948518475621,7.141405309137216,0.0
-6.140036178817068,-6.957608588301225,0.0
2.562123196542764,0.28640468041582423,0.0
2.5109547814433864,-2.021499255459056,3.0
-4.867791637593224,2.2503215700321135,3.0
-3.520309136314994,-0.2579433240550326,2.0
-2.7362380719844293,0.7313250248675285,3.0
7.270443391655888,-4.229075062812724,0.0
-0.6009024342760867,7.57670995226939,0.0
7.164295127622715,-6.651320550840724,3.0
4.18571058809442,-9.770922958898751,2.0
1.1087094943438203,4.635424581527854,0.0
-0.09860057501096264,-2.1798737920563287,2.0
-8.371182309905205,-1.6804049138439012,1.0
-1.9258206066877435,-8.73041873077409,1.0
3.842631241576221,3.9359159942494237,0.0
4.834364551071877,3.289882274625448,0.0
-2.525774653756214,2.7004817628433386,3.0
5.731443666775311,6.239306867219881,2.0
-4.965225010130498,3.1969315623255916,3.0
3.8614834742331983,-3.9422164153608508,3.0
7.063325770355149,6.824466413374562,2.0
-9.191909554999707,3.616028248933622,2.0
4.304445594273789,-7.875482116143573,2.0
2.4499187201502455,-3.5589748895276223,3.0
-0.9287263214025892,-9.130969394963266,1.0
0.8820995494563242,4.550451900743926,0.0
5.051076526475375,2.4727997486177777,1.0
-9.57523286303986,6.7860793824668875,3.0
-8.620012563229164,-4.9451848007343635,1.0
-1.0768933360627848,8.499682992431119,0.0
-8.818629814471091,6.964638436975196,3.0
-5.8396241705683805,-8.012237978010333,0.0
7.458194980976074,-9.163711542240387,3.0
-1.20876797573478,1.2361651627777164,3.0
-8.11191577512123,-6.636672830089784,0.0
9.268036092054118,8.11988097762152,2.0
-0.3604928664430158,-0.7376710979139371,2.0
-0.9682551566995592,-2.0352100890972613,2.0
5.606727345259708,8.195521709093143,2.0
-8.261147837177436,-8.798577153117728,0.0
-5.391661974427116,7.9485929801442765,3.0
-6.805986533779931,9.814405533395746,3.0
9.042321543980425,-2.776931127369471,0.0
-0.9260343541498202,-1.2142166293787877,2.0
1.6644563740290241,2.93684712676777,0.0
-8.452913404691646,-8.625683127427395,0.0
7.758538879030013,2.3628648899679376,1.0
-9.995215372738311,-5.96847659691406,0.0
7.843262842294841,-3.361739496310605,0.0
-7.414023532152938,1.83658508880632,2.0
3.156215272268806,-9.186451314275354,2.0
-2.86994578701729,-0.5381491777109293,2.0
8.857776022451308,-6.6129306005857424,3.0
7.1476353911225985,-7.91687711349635,3.0
1.7936336196719473,-3.711417015770202,3.0
2.5754483906961383,-7.02976116991638,2.0
8.592660398335749,-7.653214297774619,3.0
3.82624872645588,9.387910634093629,1.0
-9.988765893812282,6.184885146258377,3.0
0.6276651609682347,8.20238942459494,1.0
9.975763620527076,8.341263462410573,2.0
-4.008891589959349,-5.798358678567621,1.0
-4.562917026014772,5.091424156817901,0.0
-8.887022175242086,-4.423403934749352,1.0
-1.6120507916165252,-9.87556005928987,1.0
9.83155861165362,2.8405501901953407,1.0
-2.3887961606838015,-1.808180192727601,2.0
-3.2599908772994706,-6.349371329164288,1.0
8.402224436685042,-3.3623626387310086,0.0
-7.384529296803666,3.3182774733359324,2.0
2.3386862375239144,0.9649431515096438,0.0
-7.402693722594198,4.689952543227713,2.0
3.6006678709560234,1.2531964796649078,0.0
9.613582745960283,6.307189382617658,2.0
3.88242992239892,-7.989141930734769,2.0
0.0035094212536925795,2.318887895817884,0.0
0.9665871174642362,-4.213407092219894,3.0
-5.874282706586587,-7.281587681595452,0.0
-3.3004873511010295,-2.307579021437631,2.0
-0.03721548326734592,1.4818824625269578,3.0
-0.9725719221675622,8.505640236137047,0.0
-5.977227950091722,-6.274964949825912,0.0
1.5896432989687739,-3.5326518691708912,3.0
0.3971732671592605,-0.39033289761907675,3.0
2.338886141184833,7.15665019830476,1.0
-0.8674140845036131,-9.440710573305251,1.0
-7.609416155410875,-7.001723621682368,0.0
-6.085338645330298,1.699344843490092,2.0
-6.295459312829115,1.5469784697884865,2.0
-2.2381473327067063,9.067184882915313,0.0
6.826657026156887,7.787422522485631,2.0
-2.9969500519963788,-4.194604516244129,2.0
-4.468815627848066,7.9899639821570965,0.0
-1.2639066125907448,4.758626280308222,3.0
8.079588892571621,-7.559389570047001,3.0
-7.318354668697968,-8.677140366195529,0.0
4.380470433301353,9.896159149544367,1.0
7.324942558575646,-4.3482960121918035,0.0
5.158964513880784,-6.662719334756382,3.0
-3.4176789635594806,5.700342393013635,0.0
0.03777595137605161,2.9910936480099046,0.0
5.758748728538066,-1.0368141379573181,0.0
9.19052411893852,1.6147923031704376,1.0
-2.2097522991829326,-6.005664805200313,1.0
2.327428661518738,-2.879856522092834,3.0
-0.5912855508757069,9.035290209354866,0.0
1.9830664179596127,-2.1125545126555405,3.0
-5.630181867697082,-3.813874629058544,1.0
0.01540154286899309,-9.185255982685739,2.0
6.615799475679047,-2.7979158854650077,0.0
-9.685091326988882,8.756349291201346,3.0
-3.141207296737008,-2.88573037747722,2.0
3.0127235385329687,8.911527716894874,1.0
0.1560611932453977,5.112840741069029,1.0
3.7878230260630623,1.8534039960744124,0.0
-5.597357551678268,5.453148318016709,3.0
-3.2521649525704994,-4.262553282672723,2.0
-0.7447217499690613,0.6116824756568935,3.0
9.943331777764001,7.967160751380376,2.0
-4.492858259567079,5.141218786020721,0.0
9.757974005305787,-7.726464292365717,3.0
3.1863516173916135,0.4347322617667402,0.0
-9.798071395752093,9.07497952443125,3.0
9.05085182262098,8.363904964447041,2.0
1.4744880636321298,-1.296311392802103,3.0
-4.145893319979144,3.047821913128459,3.0
-8.219815280355661,-6.8494381630498635,0.0
-9.59429138438785,-1.302306514744414,1.0
-3.7709826673545965,1.39762375365936,3.0
4.110173809607744,8.733723723364125,1.0
-5.780282057014481,-3.745617892034341,1.0
-6.564191678699975,4.670553889120644,2.0
2.8320127275424127,4.107420438868141,0.0
4.206661903722287,6.521339750048426,1.0
-9.82971043211339,9.224307839363107,3.0
6.609258918762489,7.261580490854595,2.0
0.6952401451391417,-1.159324918212759,3.0
7.349531009264048,5.923673662972304,2.0
8.939775378420716,-6.261691679630676,3.0
-4.825351485710955,1.9363976055578007,3.0
-1.5103834282889945,1.2973136986316582,3.0
4.55659217835027,2.5987782055045994,0.0
2.7525941798415694,3.2133793992257225,0.0
-7.4730750403296575,5.053550412024455,3.0
-9.986469705918392,-6.841008754198398,0.0
5.318229003086897,8.954493477887379,2.0
-4.840951278503429,3.73985650393843,3.0
7.61405629269197,-0.9762549127283737,0.0
-0.08976749916277527,-5.287174346630836,1.0
-4.365238007094179,-9.642630404894177,1.0
3.871750878199535,4.262208391236705,0.0
6.368513130362285,-1.4660707664843144,0.0
-3.7931980960893164,4.607963934926538,3.0
3.8478813329297985,5.226929054327194,1.0
-0.4654432351210964,6.218043569520301,0.0
-7.4260031841332435,6.6079447546454055,3.0
9.615709433373457,7.946026651052012,2.0
6.137235071049496,4.570800075528766,1.0
6.639061916272755,-0.49599933573418653,0.0
3.92285583475989,7.414077093557914,1.0
-5.0995122385940235,2.3923961490959105,2.0
-1.1596178649875064,-8.918677327103978,1.0
3.9608396544164197,2.9605481261805835,0.0
2.5156046720876653,-1.446403818251003,3.0
-6.333911707709536,-8.66831320625613,0.0
4.736463902730186,5.401218504508128,1.0
-3.617755448761038,-9.421719467656132,1.0
-6.011366892190855,-4.1959949588646905,1.0
-8.24107209121939,5.804217687813436,3.0
7.455293090588487,-8.747552534038725,3.0
-7.2749374981966834,-9.98694635047844,0.0
-2.0312893595714794,-1.8460907163174802,2.0
-2.462507091577444,-9.818708853877006,1.0
-7.121104056827319,-4.452000297373697,1.0
0.27945707902235206,-8.73666293058905,2.0
2.135860679150422,-8.685125418488015,2.0
7.254327447177314,4.241552697675859,1.0
0.49489381639100216,9.453481337272848,1.0
7.810535188850864,4.322627101004642,1.0
-2.9218909451952513,-9.806050023659205,1.0
6.2238945764539615,9.882573231638808,2.0
4.421420897478342,-5.686184246614139,2.0
2.8615978097789725,1.332254895739787,0.0
2.1279667761111725,0.6366903092770464,0.0
-4.236639805702596,5.79185001067591,0.0
-9.206100992841602,1.1448786717220507,2.0
-2.7171732410979743,-9.322383105329319,1.0
-4.6672839375046955,-2.953646310349029,2.0
-2.0973043720773,9.280881688847092,0.0
-8.893318366250188,-9.207644139744334,0.0
-1.2130341369987736,-9.169178964834284,1.0
4.3001270199795965,3.6539774080777114,0.0
-0.1521320643623767,2.7425571338291643,3.0
-8.762240432223745,4.230158207864536,2.0
-0.41346303599575585,4.6495757122241255,3.0
4.7431644684796765,-8.777935136215447,2.0
-5.9573150995683966,-3.540287346621658,1.0
2.056726504499256,6.532329725790532,1.0
-0.8426218997530235,-7.207287180586177,1.0
-5.717476854635281,8.576843845110247,3.0
4.967818792717345,-4.096307459710551,3.0
-0.6812767709210625,2.4591755525637,3.0
-4.323994792277766,-7.826440477767349,1.0
0.6403530940537543,-0.9336407758384802,3.0
-9.843006536369112,-0.22082352463266375,1.0
0.8968442727294086,8.423333261207485,1.0
-1.1714215690012963,-9.897395472659014,1.0
9.024157149745896,-9.814532819613095,3.0
-1.5474196114169025,-3.4526329950184875,2.0
0.2574522842779139,0.7134076612748927,0.0
0.610957540372965,-9.204470266668556,2.0
4.269214235714083,-6.118042173782401,2.0
9.086594309096476,3.1522478391648825,1.0
2.8150041996151014,-3.98473153067898,3.0
-2.1828785258265686,3.073296871446793,3.0
-0.8647891215482844,-0.4340956944294696,2.0
5.026215109263081,-4.027574622272441,0.0
2.3686164462201553,0.9290082719004307,0.0
-8.42578694787125,6.648007864213291,3.0
6.755870093329005,-9.747879320568078,3.0
4.418642004584992,-2.877340089505722,3.0
-8.42141142699849,-0.7104856411322231,1.0
6.999201591969943,9.434939959836974,2.0
-9.234791072908097,-1.0005561964736298,1.0
0.08409172509475837,-1.8758038124852199,3.0
-4.344789467316589,-4.710447838362837,2.0
-1.7289152212545815,-9.415224550977896,1.0
-7.818605654397395,-5.326187143819203,0.0
7.089908509479962,1.8150606006576062,1.0
-1.3953975699751346,5.374928221880584,0.0
0.13457825148904767,8.15506196279205,1.0
-9.030818267997088,8.411109999729664,3.0
-2.580048029046404,-2.0523131639084635,2.0
2.848786457449414,6.475775371453999,1.0
-1.4750592177328699,-5.191767141993759,1.0
5.8340349094134645,4.073341445914057,1.0
-3.8821010339764257,1.059484545467102,3.0
3.6358676393995175,9.50837429160022,1.0
9.711252995980278,2.8191806792081913,1.0
1.8546371049481003,-9.506018152943907,2.0
-0.7204723201173753,8.300793843375423,0.0
-2.9794432809813305,-9.49917358324395,1.0
5.148459523529263,-1.182819839262839,0.0
9.976319802412299,0.8174620152619294,1.0
-8.793982539016387,-9.362083174080851,0.0
-3.979957863613148,-4.801991766541245,2.0
1.1916022360611773,-3.47455444316926,3.0
-7.114208811602549,-4.750923891140701,1.0
-2.2289973400011203,3.661031650569118,3.0
2.7238791945908787,0.8443223291694917,0.0
-5.368292558289185,-5.568186169425646,0.0
3.1293701910367595,-2.8026625393328075,3.0
3.194854477189759,-4.703745188371444,3.0
-8.683076352843011,-7.166964887059599,0.0
-5.093050417768081,2.338009300006032,2.0
-6.973763386658714,-1.668051193643711,1.0
-3.2682873715212306,-2.7000066788101034,2.0
-2.7784597983686288,5.5478459230814,0.0
5.860070047647385,4.510615992124773,1.0
-0.018783780035374065,1.5982953152522654,3.0
6.474950756678332,3.462178826040878,1.0
-8.926912107648041,7.6039536467208215,3.0
7.955522142960106,-1.3160719240883783,0.0
2.436026812805734,-0.8549080412355625,3.0
3.043939636994171,-3.502422877830389,3.0
5.396414960458591,9.140520432657876,2.0
-2.9522417433335324,-8.030903397421403,1.0
-7.43844375364419,-4.683456419998531,1.0
0.47295536640436,-0.7389196403489446,3.0
-9.494797789603757,1.2136946528561978,2.0
-3.5579988714470705,-0.4901415334038539,2.0
-5.012250004811955,3.6218489175871422,2.0
-4.237218451882374,-4.174098592719964,2.0
6.609900558382083,6.57488434837682,2.0
-6.948438226078282,4.805416453701962,2.0
-0.5946730887408798,9.72164048323766,0.0
-6.860799819383403,-4.587939501363659,1.0
-5.853677654897034,1.7655875245870014,2.0
-3.374416307520698,9.499599155278183,0.0
4.201120797413221,0.06338509337141751,0.0
-0.05606634210916894,-9.308547233758205,1.0
1.5222400479229758,0.4229146919386082,0.0
4.689929449925954,4.2256668003639035,0.0
6.612280660929674,-3.1874107765813537,0.0
-9.997849022001047,0.2674882783677468,2.0
7.423331396758826,0.15734692355859536,1.0
-0.7084140184370931,-0.4200236731886129,2.0
1.7876648048060222,-7.734678706999785,2.0
-1.2425060068197205,-6.079317773658972,1.0
-6.484125248055371,3.3351124356764945,2.0
9.863101719658896,-7.470785893577276,3.0
-6.500648783434424,-9.207670958301078,0.0
9.328034998043037,7.117804760001054,2.0
-3.505670986491949,-3.3589303101156043,2.0
-7.266238199387345,2.7779369200060593,2.0
-7.766527773705702,9.938078838461077,3.0
-8.845166004359157,-1.9599068627332343,1.0
-9.280223223355426,-1.7884949589868508,1.0
-7.259742240627203,-7.655839730440583,0.0
7.903651936178285,4.6869883774346235,1.0
-8.142802812790503,5.922556132873771,3.0
2.174381813719764,-8.55535125184688,2.0
5.022131911341161,-6.909085454884272,3.0
6.79054555810146,-7.6164947034394626,3.0
9.290835951189337,-1.1060587410750742,0.0
9.375720805904443,-9.1624431238629,3.0
-1.6197279873784183,3.5046673748828,3.0
-0.3563608452044349,4.807033911488574,3.0
-3.8276617781713735,-0.9973260073268406,2.0
-4.412703789443906,-6.144506781792842,1.0
8.509798138749822,-8.781764063004672,3.0
-8.025006827030934,6.664076059826407,3.0
6.630326968554183,-1.505597221621482,0.0
2.3090446661962787,7.696534339451823,1.0
-5.311771464909631,-7.104231668344521,0.0
8.563595265242693,6.081678232970141,2.0
1.2004519391766255,8.694321141108095,1.0
-7.740296624818789,8.975686415168958,3.0
-1.442662861210147,-7.667001639777265,1.0
-5.699567661760585,-7.517802706834291,0.0
-6.00050502616543,-0.4960219954372551,1.0
-9.525740178413491,-1.2633320844143388,1.0
6.0975417248669785,-3.6346181367977692,0.0
-5.441835444136651,3.7191569513239813,2.0
-7.3583632502192735,-6.1544547423654965,0.0
-2.2401273261556316,5.761722362297739,0.0
5.299413073093929,-6.523883040619385,3.0
-1.3476461706780327,-1.5386438780984513,2.0
-1.2749308681266687,8.397741414637597,0.0
7.061588060469852,3.806474155886635,1.0
-7.318776009985206,-6.600235226851372,0.0
-6.34972759596542,7.756307809352151,3.0
3.061081082476127,1.8170363761255253,0.0
9.581759037678033,5.250903676961688,2.0
2.617326264437935,5.866955681161754,1.0
6.326765388581094,4.400988911022585,1.0
-1.610751447771026,5.565043296850789,0.0
2.5074302061826472,5.0367477064982165,1.0
7.234024329846903,-1.6750511862065878,0.0
-8.86347128456894,-5.556067461230178,0.0
3.5793576445476827,3.411726206912755,0.0
9.830649685876896,-0.3815981692747634,0.0
-9.901378418752975,-1.4170354943678003,1.0
9.68973567605994,6.837049745945507,2.0
-4.640302389440885,5.694292084535121,0.0
-9.555643053967039,1.9770535296723928,2.0
-6.13890888591706,7.170574395889307,3.0
7.510090729247576,6.505129961989702,2.0
9.41213831852044,5.362371133420931,2.0
-1.621757865716182,3.110696581774606,3.0
-9.57649891011158,7.2514080523591495,3.0
-7.399130628819632,2.672723576479312,2.0
-1.61031740868051,7.644602762836392,0.0
0.39477260408905757,6.750599459668173,1.0
1.9049286815937663,8.47831192283165,1.0
1.2827143617903225,-0.6823079080237786,3.0
-1.94188249333164,3.469557867831041,3.0
8.81205469949154,4.144892119721423,1.0
0.23622024082182946,0.6496364245663564,0.0
4.573461803358928,7.027609392434485,1.0
0.4091366724465413,5.006202258975431,1.0
1.7365812040421797,-6.227063274485913,2.0
-1.8244552544718946,5.729799645120137,0.0
4.955704582345692,-9.696422316678577,2.0
7.56109166166112,5.262720786547344,2.0
9.84344358677108,3.8687241268059385,1.0
-8.880758731779936,4.178248830381495,2.0
-7.687408122812991,8.107232872342621,3.0
8.58664635024423,-5.945511763607647,3.0
6.640821103905058,-5.369742916365697,3.0
3.8596404981138406,5.625285723508037,1.0
-5.6336172517062355,-8.026434544617107,0.0
-9.228370086772513,-7.9687665150372355,0.0
-2.648987164382368,6.3612372724399044,0.0
8.357444715383767,-8.597225949833762,3.0
3.5832825559737884,9.619745085208574,1.0
-4.884300744559962,2.1334349000383916,3.0
-0.9777233016446356,2.6900329464751653,3.0
0.36314735972638523,-6.882814152751429,2.0
5.270661779734805,-6.7256687267434545,3.0
7.308427509037212,1.0353487115453852,1.0
7.666349388252517,-9.479745818255639,3.0
-6.110511125382652,-5.4040878737400195,0.0
-3.413946974183939,3.339432745396177,3.0
-1.0908829868151333,-0.7177479453384734,2.0
6.439515315691143,-5.408107417251811,3.0
-8.974611497864196,-1.8089309289588371,1.0
6.078004904064493,-6.13503503765714,3.0
9.34938479893319,8.760263001268573,2.0
2.924001857928495,7.180526516147733,1.0
9.998543761434405,-4.088183061596855,0.0
-7.492207100516943,1.7668548450448114,2.0
2.120273551282608,-2.7664660874603992,3.0
0.13969633629367983,-1.4868066783537053,3.0
3.413054043424511,2.379744633881611,0.0
1.5877452858620718,-2.058868110696661,3.0
2.1491242351036597,3.493560084371323,0.0
-2.1282675102893407,-0.39761699059153877,2.0
-0.3364306450103154,-0.7742595856908387,2.0
9.40969035672859,-8.93541366579823,3.0
1.846879635912675,-5.498065442632891,2.0
-0.8116964397294915,-6.021806572264583,1.0
-1.8659440718256235,0.7944934595930206,3.0
4.217729986505741,0.33716044843578885,0.0
3.7240145585652975,9.024279833726997,1.0
-6.62790039191131,-4.281790851838137,1.0
9.870359400909972,2.9977717824574572,1.0
-4.975383920300049,-2.3425106461269767,2.0
7.185368976010405,-5.581425455884743,3.0
-1.5710530131039846,-0.5320438571783281,2.0
-8.886675636919923,7.71652256089418,3.0
1.9123434197938458,-1.3387175359639407,3.0
-7.844949326680208,5.67673228910866,3.0
1.675650664769881,9.441611318003382,1.0
9.836842693461996,-0.17114803182941074,0.0
7.484657121496472,-7.108352082469427,3.0
-8.949822699523683,-3.7961996748365827,1.0
1.2273797002538736,-6.830103723082345,2.0
-7.272278047114495,8.996775430496896,3.0
8.031852882488813,-8.361023573640544,3.0
7.506090652248982,-1.4753645067706866,0.0
-3.878511099424145,7.631034503452273,0.0
-6.670240177102782,8.906689694729085,3.0
-0.46975761172434005,-0.5559175725396202,2.0
0.24439552672135711,-1.5483052250322142,3.0
-8.791693524775859,-9.009895637159445,0.0
-2.603841101791078,-3.55746382785777,2.0
-2.099206098888649,-3.986328338406797,2.0
-8.7874475453842,-4.112331451735843,1.0
0.23532355211201228,9.026896749550229,1.0
1.740896723650673,-2.530575814159852,3.0
4.758747637506239,-2.9312157826776346,3.0
3.759396086796336,-9.437781085560156,2.0
-5.374386321330043,-7.97734262641951,0.0
-6.461091108353338,-1.3696449040231844,1.0
4.382437885462222,3.429610411080626,0.0
6.0399809868350545,-5.181584100096732,3.0
2.4441518231554564,-5.39913024503891,2.0
6.443379104912584,-4.238199430842542,0.0
2.808862087659236,-5.396545230012155,2.0
6.556107938658727,0.9331456557061184,1.0
9.29332238615897,-4.637856361736985,0.0
7.355296460172404,-7.197353223245429,3.0
0.10170987817133614,-7.9637920603274726,2.0
9.916086553380506,6.635502432796546,2.0
-7.600117275394558,-4.2110283184130886,1.0
-2.8811165400854355,9.437959346341074,0.0
6.613073162934956,0.3831817626660019,1.0
-2.028242788582668,-1.6128538742419547,2.0
7.794231759667923,0.8022570989027855,1.0
6.9490780330915705,-7.306674219260152,3.0
-1.929308777031233,8.564123754474696,0.0
2.91160062782323,1.9195949916311363,0.0
-6.548345082223159,7.275933737895812,3.0
3.925758149073836,2.7161450109418173,0.0
-1.95423462803112,-7.782695511056157,1.0
1.7699422530811937,-3.836296271550048,3.0
-3.825114736390751,4.871836112034851,3.0
1.9912464509080223,4.7391503298283375,0.0
2.523022025084689,4.598493207992028,0.0
9.751914106829737,3.8523439869768534,1.0
8.324314694960382,9.060565948117024,2.0
3.5286858425887484,-0.9781581475831338,3.0
-1.4782936196933694,3.7675645783592095,3.0
9.933317413505854,1.5856643838435502,1.0
-6.277852532040125,3.791758530852263,2.0
-6.544634658944199,-6.258114954443603,0.0
2.3358317338303856,5.344921530472904,1.0
6.0529017572956825,-1.9493251057897272,0.0
-5.613720300557128,2.4906362009002425,2.0
9.927452532308315,-7.196653261668744,3.0
-5.471347506087918,-1.5650306205902744,1.0
-2.5583337961249653,-2.382336233649081,2.0
6.280021444054732,-6.155773497987946,3.0
-2.628406139851494,5.36535668409757,0.0
-8.4201063375457,0.012561637733551123,2.0
4.0302335362161035,-8.39885305446877,2.0
-5.237606843049161,-1.0018497070337027,1.0
-2.994513603276239,3.7981660090473905,3.0
1.5109323654649742,-1.3031494462485416,3.0
0.031399535041977344,3.5006285000469344,0.0
8.157474197051268,-8.327343260866124,3.0
-8.458773729669273,-4.493326650121894,1.0
-8.871497709352898,-1.0762743370988836,1.0
1.485804609862063,2.7604991737983084,0.0
-0.9070783267911011,-7.1639743676366745,1.0
0.4411119598285893,-9.150074846936285,2.0
-4.539737665164278,-8.151942812511663,1.0
8.103881803666212,-2.777503158112113,0.0
5.669628300932647,-3.6467389437357838,0.0
0.9586881544415391,0.45248050086884106,0.0
2.5780250775573688,4.05695839710506,0.0
1.7227677957726346,8.788461971140002,1.0
3.500430811228929,5.047751562488925,1.0
7.3697072496698866,7.4923265038928974,2.0
-4.900045139492355,-5.220062812739375,1.0
-0.659176706684395,-3.6284092303921023,2.0
-4.549472166110149,-5.585025302395541,1.0
-2.068853305369047,0.0621392002165333,3.0
3.898084109535013,0.5855581908628551,0.0
0.45467296095553067,-3.2082123372981197,3.0
-2.4685357205022207,-5.545530260823998,1.0
-9.996433775757406,3.9149970604376723,2.0
7.131935710356231,9.83025842597328,2.0
2.655985478544558,8.761038919364676,1.0
2.249482871618401,-2.2219898173370023,3.0
-2.0414038408636266,5.067683157143801,0.0
6.559572866922746,5.395142159231522,2.0
7.012293068431653,-4.416002001927808,0.0
0.9301898780381368,9.391955992920433,1.0
4.3707184309045175,-4.125916283976632,3.0
-9.540786238820916,7.795271240539524,3.0
6.337995061904746,-5.572812546983115,3.0
6.813986032758411,4.439283843818361,1.0
3.240027533494583,7.587033576194688,1.0
-5.411833312771186,-8.646519892749174,0.0
-9.054060553090748,4.8025790692030395,2.0
-6.516154776185452,2.309163179509257,2.0
3.836590553954105,2.8879030229998612,0.0
7.421558315875561,3.0663809319336295,1.0
0.3659900164724732,4.456512049411003,0.0
-9.996058544321055,9.557931262649365,3.0
6.88118104927549,-2.9432370940445622,0.0
5.039525543518938,-1.0862484363892335,0.0
3.5022375753300867,1.7513240930127356,0.0
-0.703291425073191,9.314695516670078,0.0
-0.6572381428384784,0.11263471504135936,3.0
7.817101699186747,5.509174395315322,2.0
0.5817868479444286,-5.953831598043051,2.0
3.0956771919267556,8.135872023923799,1.0
3.482029797438628,-4.655910171484581,3.0
9.416290785363657,-5.904525482370476,3.0
9.612970614634694,-8.199968374934326,3.0
-4.2264114814431375,7.229151726342586,0.0
-6.3202632877437726,0.8205851971863432,2.0
-1.0931030297465725,7.0115107383545805,0.0
8.095667602308087,-0.6174447880169609,0.0
8.883034289345595,6.994177969978608,2.0
-8.30091877718463,-7.400142975145156,0.0
-3.3398511279789522,-9.193885927286384,1.0
7.414306226193556,9.97576053897416,2.0
1.628080331686304,2.2903749130901083,0.0
5.88232674605792,-2.501149379215142,0.0
-5.971059717675773,-4.835736376347086,1.0
9.983256364320823,0.1476438224541603,1.0
-2.693073261461441,-4.048401198772793,2.0
-4.336696450061826,-8.924119934499101,1.0
2.750168171162443,0.7927139438235251,0.0
-8.223255494069125,-5.6914596862095586,0.0
9.51038491596097,-4.508429035625592,0.0
9.308007617316981,0.41304890999112764,1.0
7.838388081512765,-1.3937540533053792,0.0
-9.852169351602125,-6.970549997438777,0.0
-3.47136179093249,6.264047553100454,0.0
8.72684976677332,5.287473294571987,2.0
-7.419332928410213,9.206634781206077,3.0
1.5196290579053233,8.16589753059781,1.0
-7.3733253919094,-5.344068566536215,0.0
1.9149255655522737,4.969850552559826,0.0
-2.1653321890727355,-3.031970428431894,2.0
2.1712832344090582,-5.166868954620414,2.0
1.7639201473409845,1.7137896472632068,0.0
3.6667020117659366,-7.2447338736393,2.0
-3.868172424274694,1.870169944125168,3.0
-4.218019491632015,-9.19381679694001,1.0
6.105775224789667,-9.110530074563489,3.0
-3.048912502846335,-9.086085619345212,1.0
9.461066617879691,-5.346678005549704,3.0
0.6952666668849261,-3.3636832658872233,3.0
2.4604317069160544,-1.6177971762229237,3.0
-7.648656985365623,-8.870142019751892,0.0
6.9688307580817686,-8.104139599808509,3.0
-3.5170745920381545,-3.7714689993506774,2.0
-8.514776601099713,-0.5512090005357866,1.0
9.692601909891533,7.765108116016389,2.0
-4.683293219680347,1.3551038913885627,3.0
-1.9555632884640666,7.884066991814866,0.0
-3.660993386555454,0.5967563771315749,3.0
4.684908356807853,-6.1424241049991,2.0
-6.288877307216079,-1.0750282561710023,1.0
6.773297027825379,4.858390478910097,1.0
1.6692968574158389,-4.262718092070421,3.0
3.2714238936859275,-8.155199063548233,2.0
-9.408745851666126,7.552601910178645,3.0
-8.161797615970197,-1.757803259867467,1.0
6.612940257805956,-9.545932462461353,3.0
0.789659116721781,-0.7962282775111884,3.0
8.656353570745594,-6.6867538541218945,3.0
-6.2734233936549995,4.645352241383986,2.0
2.8867279623349056,-8.736688955441181,2.0
0.0085970281622334,-6.69399582753297,2.0
8.978229403826298,0.18779522140939697,1.0
-6.8209903946383665,-8.181281857133968,0.0
4.926680190062804,1.9906406496054547,0.0
1.8765510539518626,-9.530108146668635,2.0
-3.090008251074032,-6.804741833855759,1.0
6.149539085923923,-2.44751540264899,0.0
-4.053474716113527,5.3867781811017235,0.0
-7.818369382004102,-2.1568966253073896,1.0
5.481565105003934,2.067755199344388,1.0
5.017990858403605,2.8743767572607517,1.0
0.6256593886457225,-1.8056001870528746,3.0
-1.6462059021109336,-5.328102770413827,1.0
-3.7924763099678476,-6.914052468591258,1.0
-0.17065239270086607,3.23559754309251,3.0
0.8071136968475745,-3.4176180436164083,3.0
-9.641066900146598,-7.166169645318535,0.0
9.200766110005695,3.7977896213909705,1.0
-0.39589414409910617,-0.5710384483816267,2.0
7.883813907458954,-2.4377703274368105,0.0
8.601561986333682,-8.027683321909517,3.0
-5.11147332143069,-8.976637888231277,0.0
-4.816031091858992,8.813684175146417,0.0
2.3003841867603843,-3.389484428126959,3.0
6.686144210224889,1.520838731631775,1.0
-2.288594599464786,-3.9337191051580707,2.0
-1.2244043231617425,2.25848311697559,3.0
2.881760367366388,8.801286609582977,1.0
2.63339994164844,-3.848379979495526,3.0
-6.545312949618049,-4.023992522102597,1.0
2.225802455451408,-9.35118605188836,2.0
5.741894161974939,3.1444997071202625,1.0
4.658828360486979,3.4155297971563137,0.0
9.90046089403177,3.645316627837442,1.0
4.333042704799926,2.100134839328211,0.0
4.9224270409777855,6.9307576486376234,1.0
-7.835734192390089,-9.58996260076356,0.0
-1.523719574607993,-9.924306249354073,1.0
0.6763858095009603,9.733972707109896,1.0
3.0773553309396924,3.8074985552933516,0.0
-7.874993122053658,1.2259861174444016,2.0
1.470866574311282,0.5436650384110706,0.0
5.479699065850145,-3.307416094218474,0.0
-8.671237440032641,3.2309923466016617,2.0
1.9226773610997512,-1.057589966263242,3.0
2.146551288496447,9.121413442083835,1.0
-1.546134114406625,8.54353794734207,0.0
-2.50035013481636,3.9418171718299497,3.0
-9.31604993652827,2.544381131980657,2.0
9.78346737214482,8.697044739449545,2.0
6.523027415118769,-0.049027961802663,0.0
-7.995214319442212,-8.559865911099592,0.0
-3.346844089835404,-2.739071081226414,2.0
-1.6140143704954468,-3.1223786270883425,2.0
-3.3477042094123766,6.454824155662781,0.0
-1.5121428687398861,7.658695328178528,0.0
6.118925038727603,-4.69728481607798,0.0
-5.256609837466262,6.070593812711518,3.0
-2.1833089570328523,-4.0520116668933515,2.0
5.8776258537842025,-7.61940580622388,3.0
-8.028390871759735,-4.691960723927259,1.0
3.4850170830340232,5.114094943756619,1.0
-9.377775943444504,-8.06887214665558,0.0
-4.25447824504073,1.3042978861691896,3.0
7.119482942427297,7.1929118884832945,2.0
0.04857159697811042,-8.867288651936915,2.0
-5.6877238194698005,5.297003511955982,3.0
-2.991308495344449,-0.4838179915394356,2.0
-2.968911870482696,7.120013915773242,0.0
-6.71988094324181,-8.750625815616072,0.0
-3.6661545544866296,-8.405189754480825,1.0
-2.56475963765177,1.676593162832475,3.0
-3.7539363086709043,2.846846436449475,3.0
-5.121762880522698,-4.40366499506784,1.0
4.860204022390366,0.6423887332016225,0.0
6.150312413883977,-2.4939235254600423,0.0
-7.629012961625687,-2.766629701494791,1.0
-9.929769273564812,4.798701840791237,2.0
1.964884884625306,4.989279713633074,0.0
4.448247364596147,-5.279535775840762,2.0
-6.867814875957965,0.3203163656700312,2.0
-1.4784657055585662,8.098734971374238,0.0
0.39799562761741925,-8.918190309526118,2.0
8.517538219846507,5.801523199441899,2.0
-7.456461631577918,3.401303047625074,2.0
8.054654129720362,1.3066170925796872,1.0
-2.3405893183073427,0.14516093998525115,3.0
3.241421788180647,-7.819628986947576,2.0
5.536100730232709,7.887290227225215,2.0
-6.0270601802154005,-5.375313080233339,0.0
8.70809252349784,5.214851694825766,2.0
7.577141902902827,-9.618582305420713,3.0
-5.696267509436734,-4.655813134021319,1.0
-7.994467226108379,-2.7871384502680847,1.0
-3.4005206099729097,1.1466123218310091,3.0
6.0128710088275525,-5.220130891446377,3.0
-9.044846531894727,-9.4819937890983,0.0
6.452906683724596,1.2502042739040888,1.0
-8.801822293403845,-5.789819969837713,0.0
-1.2498477707626972,6.170820311775525,0.0
-0.6508414600138686,-4.869097268651796,2.0
-1.2064219201221267,9.056920355628307,0.0
8.308496888079727,3.349868999424439,1.0
2.202371113204906,3.7311180172858567,0.0
4.520108396603707,6.6659515095971535,1.0
-7.275409139701727,-3.462475785006543,1.0
-9.696722961843907,5.136045313631891,3.0
8.379402403770136,-9.290221139788121,3.0
-5.150940880048955,-2.26438232162322,1.0
7.0239756200776675,3.4359232201979832,1.0
3.0715519611016067,2.0971108915697467,0.0
-2.559475443865436,1.1623470902817186,3.0
-1.7904850205458303,5.73152552919648,0.0
-8.871943405958735,4.968490869068473,2.0
-2.6170731287598574,-4.0023389421956495,2.0
0.5066874507876022,9.398602636053607,1.0
6.314040249158186,2.9961600108472535,1.0
-8.799478570145263,-5.390290786151903,0.0
3.130443305103059,-7.542485217817125,2.0
-0.8420256342801853,2.2451961496215223,3.0
7.452511238860964,6.927247751024282,2.0
-6.285229762232407,1.3549368271231632,2.0
4.041597646753189,-8.734511567910676,2.0
8.057643908098655,3.8897842842060992,1.0
-1.4464416526511155,-1.4201614506203697,2.0
-0.15326073436188992,-0.2981362725256318,2.0
-3.6625576477832045,-0.5995033124300484,2.0
-0.42212867179219415,2.982537231571696,3.0
5.3225499939252074,8.880001711969918,2.0
4.838265720792894,-8.434640546414565,2.0
0.1906258324635992,4.935556600779808,0.0
2.234925004276956,-9.410313561605077,2.0
6.729004174939821,4.68922914254753,1.0
2.8665332133124046,-2.7124180701340457,3.0
9.034326654309005,-2.486260057162739,0.0
8.214196959478198,2.2848876826408944,1.0
2.703315437156043,7.748084065680132,1.0
1.0580872807100263,0.26737302261518536,0.0
6.649847947305556,5.013942580860245,2.0
8.108401216483067,0.27627255600893363,1.0
5.469638222103125,6.997420354729268,2.0
-7.143248485903076,-6.60257253933236,0.0
8.284059935292579,0.8664343321815977,1.0
-8.205239348112936,3.298709813105612,2.0
4.304912124970166,-5.3745646046259665,2.0
6.881374755937603,5.385010455865347,2.0
4.331770003804801,6.132810514295585,1.0
-4.579568897103572,7.708448251402491,0.0
-4.21425390691663,9.160668789505745,0.0
8.190387061590695,-9.2070444200222,3.0
9.261169353208068,0.44409956841013276,1.0
5.6944990269393045,-6.111165865534815,3.0
-0.30368145370591115,2.07415886498376,3.0
5.735690760075823,9.578753531580887,2.0
3.8858471275995186,1.0671444585042185,0.0
-7.279842906186471,-6.349392229785973,0.0
-5.967338571155485,0.13931535382433147,2.0
-9.439378000499328,-4.403777107026392,1.0
0.36444268321574036,5.930696381473464,1.0
-9.036667909373309,0.5358173593998252,2.0
4.781443473705348,1.129923698160141,0.0
-4.077034048111372,6.98116235807651,0.0
-5.412771403768463,-5.176715647552164,0.0
7.559657644645419,8.488319557285173,2.0
-4.196266335570953,3.3340997459102955,3.0
-5.682082408081703,2.5062928159295694,2.0
2.2032050061833335,4.964965293407527,0.0
4.114280996779003,-3.102014309872909,3.0
-6.2335453734039685,1.0344989057091158,2.0
6.994251355315477,-1.8330770360980146,0.0
5.0480438505238325,1.6585795335829072,1.0
0.7625662921609297,-5.72120695142875,2.0
-3.6690201085624334,-1.9014028237599856,2.0
-7.077866534643304,-4.29159944028531,1.0
-8.31577722185765,2.226542780384049,2.0
3.5141221745717584,-7.0645623428214925,2.0
-4.280578878349655,-5.033268056708411,1.0
5.008903143120824,-7.900114467184012,3.0
4.677977324674387,7.270000644579849,1.0
-0.8725714464730601,-3.9514029645358573,2.0
-2.541200071701817,3.050765550414713,3.0
-8.791670564038363,-3.1288786184235162,1.0
3.902538841551383,-4.884523830988503,3.0
0.3901273329200823,-8.813030883599795,2.0
7.287312403257204,2.8723690660285683,1.0
4.934962474648877,-1.3656143491394346,3.0
0.3315273416243709,-6.168290904670268,2.0
-3.497641367201199,1.8582806778653946,3.0
0.24720434326004437,-5.930535804702243,2.0
4.721262564980606,8.941317087809093,1.0
6.113724598304607,2.022237605674599,1.0
5.74951531199293,5.143906745151021,2.0
-7.827279153537184,1.205855633217002,2.0
1.7982196065040252,-9.10125878268481,2.0
4.696273476044727,1.9098604499283418,0.0
1.68950720156246,-0.21305253830718307,3.0
9.168485176386675,-3.743503709087226,0.0
-8.452709226375246,6.15919753037387,3.0
9.90222037496893,-4.666621378145727,0.0
-2.436000929810991,1.1124094845343429,3.0
-0.5625223221373936,-3.8921585391781903,2.0
-0.9010918837731356,-4.184443893623624,2.0
-5.737187089728543,-2.5289717183155735,1.0
-2.623336295197147,-2.9028214336008524,2.0
9.049735539616677,-5.735654761961095,3.0
7.448456216112412,6.453050601960598,2.0
-9.906752494117988,-5.543755416077259,0.0
8.454659597920514,-2.9804525628483214,0.0
-8.365128506373896,-7.493518283524323,0.0
-1.4152250464689864,-1.8779517753998487,2.0
-7.449062084403542,1.1921591664308,2.0
2.919620213221325,9.399147996139657,1.0
7.29096781942707,-5.940183801078744,3.0
8.18785142201375,4.838197397632776,1.0
7.084437432583073,9.029621982346153,2.0
-8.065082658745942,0.0020650883578117174,2.0
-6.288698929601106,4.717388484767399,2.0
-8.745106970436712,-3.9238287722702925,1.0
1.8534649059611645,-8.905011070981146,2.0
8.753519720969788,-4.886239005438407,0.0
-6.124608317153655,-7.479268683073929,0.0
1.0854318666853207,1.910945134938995,0.0
-8.505803826991583,-0.7991175141687137,1.0
1.454794682084536,-9.909095148921123,2.0
8.593536950972293,7.477403637855279,2.0
-1.753182354513159,-6.211430832316185,1.0
-8.467517474571128,-0.5332759110662426,1.0
2.378594553945847,-2.593019934606544,3.0
-8.478174564173585,1.5454228259687106,2.0
-4.484511023650521,-0.5974472324601905,2.0
-1.6951370929624705,-5.306370628340287,1.0
-0.043016453022152845,9.649283214634615,0.0
8.635294599182021,3.4273262738304453,1.0
-9.64031754773444,-3.9474576680239037,1.0
6.737291507659748,1.0267460308881997,1.0
-7.248893911373946,0.7002749587398434,2.0
-6.506629854478236,4.011196486071764,2.0
-6.588939100043827,-6.854272198157048,0.0
-9.954553020529783,6.562564012899767,3.0
4.298966055925661,-5.477281208990723,2.0
-9.255879360914154,-7.411347288862755,0.0
-4.0704153350069205,-1.2220523917315056,2.0
6.48708703913918,7.852472665650858,2.0
-8.915244651795533,1.0020177716420804,2.0
-8.3420699865503,8.748731173822783,3.0
-8.968657433621221,5.727382257443679,3.0
3.643479397140146,2.088826845191523,0.0
-1.337226969797495,-8.509733779132436,1.0
6.2221660755805495,7.536247048423075,2.0
7.090543895497859,2.899593027643272,1.0
-0.4925298768818376,1.2111591229337577,3.0
-7.325515452297258,-5.064840690514625,0.0
6.9727056618138405,-9.757844388578881,3.0
8.240781869440113,6.481461565574893,2.0
-4.410357010190243,9.360804600692255,0.0
-3.972598644525787,5.536683265755917,0.0
4.114418541112183,1.8226677757773615,0.0
-9.960018830115388,1.2395385184111785,2.0
4.449989598339661,0.8550576342656235,0.0
9.706870946523011,-6.537029699340229,3.0
-5.257230900921812,-5.975858281894723,0.0
-6.287019268830544,-9.86490930893466,0.0
3.8580829455019057,-3.019366007397366,3.0
5.245838346643625,4.872548960169796,1.0
3.3862490895293007,4.3365677610267745,0.0
-5.387286714935842,0.04836286835039516,2.0
3.693655569056016,-4.8874108973951635,3.0
-3.7566942098793437,3.4215411000347338,3.0
-3.0721577648029204,0.8364304703953191,3.0
-5.589283279428434,-8.009728171706868,0.0
7.403468292053283,-0.32860261904287746,0.0
-9.915873031631472,6.901396596062284,3.0
-8.33521617197345,-8.171349677266438,0.0
-3.3041448615574947,0.3407933543431305,3.0
-9.985845039027271,5.46786908098678,3.0
4.325592002043736,-8.417888121102505,2.0
6.362439002863013,8.464218316400121,2.0
-2.9848021828189175,-5.955024140292904,1.0
-6.296277023308612,0.3150370810591081,2.0
9.25113476051456,4.638007951332579,1.0
5.2045778620319805,0.18331319632542176,1.0
-1.8226699741777548,9.468349643475314,0.0
-4.3261883797025575,-8.572597097104136,1.0
-7.994965774442749,-3.5636502501351064,1.0
6.106069775602062,6.110856473303237,2.0
2.6738657638486245,-3.804324868626625,3.0
-1.732340312423041,1.1177301505305426,3.0
6.597806908299461,4.282320639628159,1.0
9.980904730790712,1.850288614312774,1.0
9.274980075799728,5.325742809320555,2.0
7.870613851505226,0.5920064280670303,1.0
6.126339107991733,-4.234362448197082,0.0
4.143737798002993,-4.598622708754727,3.0
4.049612431556167,0.6035887443183281,0.0
-3.5349080334400256,-8.96687602965282,1.0
8.112776442232054,-8.433095420525419,3.0
5.473164739066444,9.416939017792426,2.0
7.747119941332851,0.11891979767367289,1.0
9.573829160544612,5.749503754785463,2.0
-3.9651313629743505,6.945906704408117,0.0
6.195164905039864,-9.723800874318016,3.0
4.209781019991105,-5.243179290645803,2.0
-7.233843566483404,0.592731940328072,2.0
6.839658423593768,0.891974040780589,1.0
-2.850782078824741,3.728177711449918,3.0
9.187808961301009,0.7512076658100764,1.0
8.404094420737465,-0.3998719513421882,0.0
-2.1103489608216393,2.1093121671371264,3.0
-5.0842791860992875,7.435102269059122,3.0
-0.1957896266685033,-5.906064459634113,1.0
-1.0117996221834265,-9.554583542205066,1.0
3.503231174136401,9.249405560180428,1.0
9.646755670288677,9.275041979255366,2.0
4.233757131007332,2.4638493730666706,0.0
-1.7192674108832033,9.621776601401987,0.0
0.8351923014957396,8.01206687674538,1.0
-0.7044899399969715,6.71060536776659,0.0
-9.101926660774382,-8.116581582173133,0.0
-7.266149188148338,9.420476488690483,3.0
1.6512037273902909,-4.720239984742758,3.0
-9.128087732143435,2.45938092340956,2.0
0.34474404625126454,0.20666410981383976,0.0
0.38865468578941176,-4.380889608055625,3.0
2.248663292334429,8.091094102361996,1.0
3.208566277832972,-3.060752097440636,3.0
9.21541370559471,-6.468879384510105,3.0
-8.051339528534676,-2.069647484841351,1.0
-2.5480933735934963,-7.034733938749769,1.0
2.0952796290765328,9.542461417889854,1.0
2.5598361564384646,6.713406195684758,1.0
4.878314156438346,0.8353159130153145,0.0
-9.000456631039492,-8.362627671926795,0.0
0.6199328975529248,2.3265279517951356,0.0
-1.3086830143914554,-0.533523604062065,2.0
-7.983827118039213,8.630785114739783,3.0
-1.6937968693743315,-8.757764569653014,1.0
6.4744993751084365,-6.301819463369085,3.0
-2.077293066252091,5.074523582755287,0.0
-8.458020038716256,9.886211723295101,3.0
1.2860891177462204,6.000781731474454,1.0
2.8799764355218436,7.6251740465416376,1.0
-1.5331491198116698,-6.20794777786851,1.0
7.190791921607861,6.328728377277862,2.0
8.534526627157625,-0.40610357873043945,0.0
-6.572589314584352,7.257938022388039,3.0
7.981751655234991,-2.586484145848555,0.0
8.036084489466408,-6.679389546976755,3.0
8.83229361471562,-0.430238033857437,0.0
8.269715016672915,-4.699418575099362,0.0
-0.9966063200646769,-0.023060783681525976,2.0
3.43388819640456,7.002179963748286,1.0
3.8636026913250667,7.292773722620691,1.0
-2.8457121244715182,3.350548840191127,3.0
5.089662839238931,-6.2790036967475205,3.0
-3.0286135030854773,0.4553154095175156,3.0
1.8809427748622891,2.531175373188743,0.0
1.7492077727892603,-1.8049871118920162,3.0
-3.53031949608567,-2.619785566197333,2.0
-7.594533501775778,-6.9012437537903075,0.0
-9.320834924054811,5.615770008452534,3.0
7.379634418594264,4.801036586419023,1.0
-2.898859705492411,8.1553263692944,0.0
1.3079358921688744,-2.965272430858259,3.0
-0.030920389041179774,0.13653699220729898,3.0
-9.282131568860102,-4.375627108731921,1.0
2.3318772152139253,-5.538904913530283,2.0
-8.354176980455224,1.4391689254326643,2.0
-5.144958291579503,7.382139373534827,3.0
-3.614306412704426,9.640356655491885,0.0
5.502258413123791,7.028275533978523,2.0
-8.43671059485882,3.6588065791394726,2.0
-9.256012221072991,3.227251915023457,2.0
-1.9810419587815424,6.266386351626274,0.0
-3.4272625528372895,1.9843590709020305,3.0
-1.934386005427866,5.497170139870844,0.0
-5.437025900284507,1.648820663126136,2.0
4.325283340346868,1.4540895156948856,0.0
3.8617238046889604,1.5921467999185062,0.0
0.6564029004788541,8.949222350706364,1.0
4.952394068322574,-8.892328885555596,2.0
3.010540861490373,-9.792094564203078,2.0
-1.5271146391948331,8.331626710782722,0.0
-6.199099017094265,-6.3456686231434585,0.0
7.603975208591805,7.466912818441365,2.0
2.67108265334433,2.958717982487549,0.0
-2.015121613116488,-2.561218302003951,2.0
-7.261030278320096,6.433955509956203,3.0
1.1028556187588467,0.29022049151456386,0.0
8.700384695296858,-4.787779898306086,0.0
2.19028748946835,-6.333545311952595,2.0
1.2423457848389852,-7.009783995315382,2.0
5.116753331119126,-0.31830094181479573,0.0
-7.3367331744553415,-8.528986267128644,0.0
8.241506809988827,5.039042695968787,2.0
-4.336902692586824,5.8462343381866155,0.0
9.09420106857771,-8.286455973283232,3.0
6.7984465193792545,-3.0941073711732914,0.0
9.132613117896856,-6.463008658271794,3.0
0.10808757805917502,7.919479571878728,1.0
3.5205438261886197,-7.642154183209828,2.0
5.618955249718663,6.956350667175201,2.0
0.28076472947031306,-7.1723302341302215,2.0
6.603750047498266,-2.5630738350471205,0.0
5.2611772960696275,-2.3694272857788974,0.0
8.58103340050572,-8.459076068516023,3.0
-5.44528611579638,1.224426746341578,2.0
-7.031259021035821,-1.7344018970201098,1.0
-1.3862443334856067,1.80679559277025,3.0
-6.3671081876813185,7.951220801329686,3.0
4.2551706840976955,-2.1211639951998773,3.0
-0.4509988726311924,-0.17536649643447788,2.0
-5.938785636907555,6.936630099220984,3.0
9.89548751948178,0.25813583638632664,1.0
-5.54344205898333,6.3674750984387,3.0
-0.3636301715449459,9.51684388115271,0.0
-6.335300915711639,-3.878515722283618,1.0
4.283821520215923,4.832791587635153,0.0
3.716726170225664,3.178774193961546,0.0
-6.574637671022591,-2.7573160621495134,1.0
-9.604342255151606,-2.222068221104447,1.0
8.280473077983533,-0.0014193781909259684,0.0
6.815760800748734,-2.607278108595164,0.0
-1.5331842151803272,2.909584321652215,3.0
-5.702832058216158,-9.915119527701934,0.0
-7.683463672829369,7.826391688218834,3.0
-2.639206492921593,7.530569317695214,0.0
-3.303297303838608,-7.935934851858351,1.0
-6.616126474390169,3.3023004297060847,2.0
-6.163799053296,5.583103830957921,3.0
-4.312977304592378,-1.5650553246734074,2.0
-9.05735578565391,7.997342962242236,3.0
-2.4678848305477334,-7.243872244042338,1.0
-4.8582190424302425,4.227628320670734,3.0
-6.5702922625920435,-8.780098320568095,0.0
1.2141930902000553,-2.2772002178236654,3.0
-8.392705875921958,9.64195317181752,3.0
2.3603959831126566,-4.936177931459316,3.0
-1.1345521044135545,4.346702204209954,3.0
1.4859695089906921,8.428179357097754,1.0
-1.0666086675229725,5.560391147674801,0.0
-5.763803183000837,-1.3125767868261633,1.0
9.67996496015633,4.2100953504798095,1.0
1.839398894366715,8.06233657592935,1.0
4.836614739821378,-5.323123731392492,2.0
2.0428091691255688,-3.7070678170976734,3.0
5.259725165354832,4.825378815820052,1.0
-0.26832009940314805,-7.667669543560347,1.0
-7.068813114802244,4.581841813411479,2.0
2.5467234116207234,-7.111682806715707,2.0
0.6092449592692333,-6.594432376969981,2.0
6.878204094211622,4.955376796641975,1.0
4.651826130263199,-9.65013050800086,2.0
-4.006268677313953,4.9128678758685105,3.0
-3.494389522448058,4.282025848271672,3.0
-7.903925283970192,-9.076339717331736,0.0
4.988597907757724,-9.177583318652314,2.0
9.99729180412978,1.803809161836332,1.0
6.403610814753467,-1.4144380061732384,0.0
2.3122845847401763,-0.12393185252290095,3.0
-2.3177380585260536,3.0577112859102478,3.0
5.781216563685895,8.659818705351235,2.0
4.188322097841839,-4.374711163117602,3.0
-3.157013654168834,1.2560146223998494,3.0
6.828934907234061,-6.366288494996361,3.0
7.833244683404093,-1.6795202983669366,0.0
-4.937183322920891,-5.442775836328362,1.0
3.282795820657462,-1.3824736493532992,3.0
0.5606042389703703,1.3628126213856824,0.0
-5.974480567458926,5.750560493178309,3.0
-2.2223679530005285,5.378219026538966,0.0
5.358293559240053,-5.16464175331119,3.0
6.776724888593726,3.9984437255639023,1.0
1.0686903729419388,4.676519895991689,0.0
-1.725381610533418,3.6801192770116824,3.0
4.297894515210059,-9.011943469560336,2.0
-8.215693546392043,-7.262034775561865,0.0
-6.0357149586954595,0.5620399817141823,2.0
-9.477432854624524,7.909609003211507,3.0
-2.732418405707689,8.960763414109195,0.0
-0.416078091678294,-0.3260989937112502,2.0
3.811353397975587,6.34615808072083,1.0
-0.11318692894482041,8.397519266307004,0.0
3.384825569106372,6.357307796804399,1.0
-6.931637709397325,-8.447125784243081,0.0
6.503342306915975,-7.859141271606392,3.0
2.956623900687216,8.97754204849048,1.0
5.288225139561051,9.51138753465839,2.0
5.524689396381952,-1.7947881529495842,0.0
-2.8331249828755034,-8.96283428561208,1.0
2.659612220601934,-4.615282622456467,3.0
-1.4372895169322764,-6.954589361008723,1.0
7.4471682373699934,-4.022700238750625,0.0
0.3755273582396619,4.990081166702723,0.0
-5.04258690347541,2.5216780696761028,2.0
-4.47804749975758,8.945399665466699,0.0
8.249252515058675,-1.6866834533981194,0.0
6.259551977212546,-2.7138270951327215,0.0
-1.2067131775972246,1.2236637119230842,3.0
0.7883414924704386,-4.355042632215065,3.0
1.3863129472362328,3.624998592921674,0.0
-7.693800089586769,5.229618643067237,3.0
6.827582303511004,9.839032476691592,2.0
1.0413088853593209,4.7427317257108115,0.0
9.419904538429432,1.0766849988587026,1.0
9.428730964651557,-4.942870268553774,0.0
3.1240879497598666,2.441707563069828,0.0
1.7295900141292169,-5.942137170135027,2.0
8.470777502071133,-5.301572289396981,3.0
2.025287924626433,-3.474417825105429,3.0
-4.316362666158051,-5.699952897229224,1.0
1.328163505772043,7.4903286187831455,1.0
5.360026902174832,-0.7355291999620999,0.0
9.504515811650847,5.521447119774823,2.0
-5.67092238160142,2.0303211498464897,2.0
-3.2194461881690746,-7.564972166543691,1.0
7.455561731664979,-8.726518143354763,3.0
0.9783670966553331,5.781603441292123,1.0
-9.002317663912685,8.62915332259832,3.0
7.990318574571312,-9.213307860653464,3.0
3.9475109269490734,-7.378943540948963,2.0
-1.6012651113462226,9.263734169220758,0.0
7.239327707391851,4.567337320564986,1.0
-8.427882238762567,-9.231961432328752,0.0
-7.489510442330207,-2.899876096785321,1.0
5.005093929359379,4.476246924963501,1.0
-7.002120949920442,9.913981408782625,3.0
-8.652485982663098,9.342197369084523,3.0
0.2591118183053158,6.129627979749554,1.0
9.462786196744094,3.85991450970808,1.0
6.993110991569587,5.025591048285715,2.0
3.773702650412824,6.622204660238829,1.0
-8.910178079855724,5.596022259475728,3.0
1.9308494734320636,5.767576542372048,1.0
7.449470369291401,-8.605522002962873,3.0
3.783840796289919,-0.8054601180462146,3.0
-9.047957185035818,-9.115191880202037,0.0
8.629377930630412,5.831468415388134,2.0
2.917785574999357,5.177594443636387,1.0
0.75749460812591,-9.845770859125524,2.0
-2.1879902610276325,9.867941776032179,0.0
8.007473253057547,-7.473736808868061,3.0
-1.5665038416283537,5.249498603094624,0.0
4.947903938767633,-4.227074647968316,3.0
-8.520920381316426,-0.0004671569230634276,1.0
3.9956127156385683,4.100898608831539,0.0
8.77721950947495,8.016358329319605,2.0
-5.615304882543731,3.9882377513487537,2.0
-2.118329879563026,0.8834610065430013,3.0
1.6482796719333912,-2.2459399964865456,3.0
4.72699900142597,-3.0258398532234025,3.0
-5.865040764366222,8.776705485006453,3.0
-7.246309071366362,-4.362302866281411,1.0
-1.285084276566593,-5.282469438437567,1.0
4.1334437512910345,2.143258321981481,0.0
-9.129400338257078,-4.988676310128948,1.0
5.0429644893975585,-7.7798606956033245,3.0
6.101515135521765,-4.601069928970736,0.0
5.222201506967837,-2.118107068443342,0.0
-3.453339888523514,-7.951553579178339,1.0
-0.4743079695400336,-9.619839286549421,1.0
9.838425551030362,7.041344276669882,2.0
-6.153462033713117,-3.1551611225243033,1.0
0.23394652882319988,5.4435008379949075,1.0
4.134860301085686,4.511228740542792,0.0
-2.0736872592407263,-7.431325015405578,1.0
1.3508983092243732,0.4186980050227369,0.0
4.6682505748106795,-2.817856795128537,3.0
-3.9561231567719286,9.827596688439233,0.0
6.227440098732565,-6.061010523011731,3.0
-7.9437771388218925,4.954378682562865,2.0
6.98710809410132,-8.383129636424977,3.0
-3.799584282943722,2.1971333044216905,3.0
6.860190074591483,9.186059655937903,2.0
9.729072359161918,-5.886045073758388,3.0
7.794531733385757,-7.52243505846211,3.0
1.3090457481428874,-1.1631848916065302,3.0
0.14662556040215335,-2.0982395927868636,3.0
-6.687316283105029,6.876258757931883,3.0
4.779620203795163,-1.7986230981048834,3.0
-7.802875695867497,3.0946426907789064,2.0
1.765789366786354,-5.494227210770326,2.0
7.766153376653712,-0.7511064332878945,0.0
1.6300263994126496,-6.022071100956579,2.0
4.534783398331356,-0.6228218945093431,3.0
-2.494368104230789,1.4115556688916513,3.0
4.255851680000106,1.0473704633076615,0.0
-6.34058708114839,8.326421761214402,3.0
1.1158362021448411,5.0119478084272515,1.0
3.570242641984713,5.787135624147805,1.0
-1.4638510866515695,-2.8240247002894154,2.0
-9.639218542297765,5.108354544380809,3.0
-6.7401319411089915,-1.2010308357598358,1.0
8.734965602361026,8.43310117208113,2.0
0.9599663760917725,1.5037646482037186,0.0
-5.4003822524504415,-9.067382590297067,0.0
3.169563891306291,-7.503238439611035,2.0
-6.689500142490363,-2.520027105672704,1.0
-4.528314832046254,6.594183600463737,0.0
9.052533461197786,-0.8540114480931287,0.0
-7.67818901187842,5.785158935575396,3.0
-6.094428888721768,7.252674535216229,3.0
2.6361281853872285,-0.8642055450833048,3.0
3.2440200498999,-9.13472924300877,2.0
6.2887507274178915,-7.622853656745095,3.0
-0.6706371956186992,9.024259642410804,0.0
8.548655096474064,5.050574892413849,2.0
-2.05549874167942,-4.859938441567017,2.0
-5.172157264268044,-4.789827283704618,1.0
8.63203503454838,-7.693562318698541,3.0
-7.780283197712885,3.0179075199132672,2.0
-4.623365114136931,6.709686413181192,0.0
-3.21271218446856,-9.872995767327648,1.0
7.498281679118971,2.3873346705402803,1.0
3.06079176084452,-7.388151572880668,2.0
2.233120883630484,0.05557304919622297,0.0
-4.572090368357548,9.456123747144673,0.0
1.2762220563718891,2.1441772353725455,0.0
2.8211115985871835,3.6366736252980374,0.0
8.683634633928008,8.980530703073754,2.0
0.4374544951308863,2.0012344821439125,0.0
8.721696556574681,-2.8549980634987353,0.0
-0.5232812615345868,9.077150456829251,0.0
-7.143393429581795,-0.3327175301804637,1.0
-4.346970682896709,0.04998369586079754,3.0
-7.179209035933831,-9.011661350428962,0.0
7.524423782010949,3.598164359227095,1.0
8.0836322894488,-2.258979204874114,0.0
6.369516602698447,-1.8542358173423104,0.0
2.9660612598988028,-5.34187665367493,2.0
-6.728835445501211,8.252725817211928,3.0
7.435359928289863,3.81155093453766,1.0
-8.782877383058752,1.2544909532383937,2.0
9.378345952055962,8.923446125680123,2.0
-9.649564890509625,-2.5911564893799017,1.0
-4.386277290574925,-7.664414691319239,1.0
5.9336451659135765,-2.404451768223879,0.0
-0.28095837284157277,-7.912349792325706,1.0
-7.860099625497341,4.722041498853265,2.0
2.2076669408578518,6.36494312230376,1.0
-9.197174311609439,1.4619093738320093,2.0
3.9366943335309283,-4.032310973087691,3.0
-4.485162799993132,9.913692339412076,0.0
6.613817811052151,9.553433176709582,2.0
1.5430461093411214,6.894059584789542,1.0
-6.18417604523259,-6.913131247862314,0.0
-9.007005581386887,-6.212805857906787,0.0
6.490533945271885,-1.6134947810435314,0.0
9.970460822069878,-5.391225079596964,3.0
-4.461450089826419,1.5000594185210723,3.0
-0.09773895458521764,1.7633388295163126,3.0
9.611716222310235,6.435638607281611,2.0
-2.5128760878268235,2.94338260709341,3.0
0.08551340088286707,4.0471334076367675,0.0
7.693348730437172,2.016296362237222,1.0
-8.716343323040011,-6.35156573331505,0.0
-0.23842427143137712,-0.6719874631271789,2.0
-2.3610448151399632,0.639483696088103,3.0
-9.66212558412241,-4.276200783638664,1.0
-8.566098602393243,-4.6462435776996935,1.0
-9.097749576996051,-5.795877915348385,0.0
7.8349540617488636,0.4826838080155422,1.0
2.867635720090524,9.889119573442635,1.0
5.887787233540591,-8.887945660302847,3.0
-7.963213812921255,-3.3028705170541928,1.0
1.4417473998821677,0.4032494479023647,0.0
-5.157039314067447,-5.122503068728525,0.0
2.8371555676432436,-8.627257030899498,2.0
3.3627427397868956,-5.348077059249585,2.0
9.370327903009805,-7.162844033878373,3.0
2.2574497593214247,3.5332918984868105,0.0
5.553127412814206,7.003059819029215,2.0
-1.0378195248455935,9.361664519445615,0.0
-4.569790872675705,-6.033044909846281,1.0
4.508903315070986,-6.669230185441652,2.0
-0.7105381408752631,-7.6029327513334,1.0
4.505265381905959,2.383255747082476,0.0
8.9733341304239,-9.858484653473333,3.0
8.024117788383567,-1.964958789892206,0.0
9.047548142072099,4.566838893062538,1.0
8.445810330286719,-6.637286388368027,3.0
-9.531825179401167,0.6725651827949193,2.0
-2.062053474894075,-8.978139785498932,1.0
-5.838649095720056,-7.558270192174974,0.0
8.920016673368657,-1.242257800818738,0.0
8.93973536562601,-2.8783076536155168,0.0
-4.6663204481841625,-1.126468575010124,2.0
-9.492780532953162,4.586525121870093,2.0
4.4415226863363895,1.96963071024528,0.0
6.1266484060742386,2.994896547659394,1.0
-1.5822526937112418,-5.565226960103001,1.0
-9.569725207115905,7.272791368682203,3.0
1.4109559919167491,-6.862411998899034,2.0
-9.896519918485012,-9.88979005331135,0.0
0.06567202428094099,2.0320050188594667,0.0
9.667848886896035,9.603900589673998,2.0
-2.9107446881670773,5.684532417031141,0.0
2.7147059900946466,-7.217191044085203,2.0
0.779100337529508,-7.886672730018032,2.0
-8.520407853540913,-0.9976939234920579,1.0
5.181176635782146,-2.314074056778381,0.0
-5.723556340782398,-3.3205651634880695,1.0
1.4878485813492048,2.155653657059224,0.0
-2.3239518912153585,1.3941086385214785,3.0
-5.449819284386739,8.262747825255438,3.0
9.597842133141302,-5.848400105234712,3.0
4.7784505029772895,-4.23418440027236,3.0
1.979291989361796,-8.260828867758985,2.0
4.21634821352875,-2.5610374930341573,3.0
9.9856259317718,-6.670624293402483,3.0
-0.872252214965636,1.9729204058390195,3.0
9.659446225282796,-6.537237030230225,3.0
8.216040829344351,2.1280850653838552,1.0
-4.575857465704267,4.84676176284481,3.0
-0.8953282812369441,3.3390019628036054,3.0
-7.177721078285952,9.174889240728625,3.0
8.487704782204638,-1.936052121286064,0.0
6.005003348945397,9.890678066998841,2.0
3.6584337488986876,1.0059418807238316,0.0
5.9043275235987664,6.632598564806248,2.0
-0.6501000016760354,-9.479732004207326,1.0
2.8173491904014156,4.870873764721811,0.0
-0.9448098951990058,-3.68634237935386,2.0
4.303862426883825,-2.0725416125046685,3.0
-4.23981512508651,5.200686713697639,0.0
-3.4283704773217405,-7.2049768818604605,1.0
1.7637617650497361,-7.13766199491122,2.0
-3.0325650458824143,0.6533679222322455,3.0
-8.611761867577915,6.844960224593223,3.0
-5.574234947377308,7.688767840888115,3.0
2.3120942342412025,7.8834138353372225,1.0
-8.136783586971477,-7.576342976524182,0.0
1.2130009160456545,-6.36726541755065,2.0
1.679545180489077,4.381749039618795,0.0
3.9031696794866413,5.967209470222599,1.0
5.133365051522642,4.991243844477243,1.0
3.3884575413658666,8.628887939321313,1.0
7.249833474199384,-2.279955862881266,0.0
-4.242608449569425,0.7433568565539783,3.0
-8.263370139360982,9.15189868139366,3.0
-1.5883705803858845,4.776483394143511,3.0
-8.159292692216178,7.159339274059953,3.0
-8.705549310480897,3.2369347468793013,2.0
-9.811877678315792,-5.363036778804444,0.0
3.972759777797517,-2.828259708582646,3.0
3.5999762858159627,0.3813625573962476,0.0
7.230168635853698,3.3873297656702768,1.0
-6.113856214462077,6.835657675181263,3.0
6.911112294451982,-9.497568702359318,3.0
-6.839042280402179,-7.916444299026182,0.0
-9.18559948101651,-0.6448816287002188,1.0
-1.9262129074859935,-6.418106518828366,1.0
9.707434413272939,8.833007267836795,2.0
1.360422300850459,-7.781720897891027,2.0
-6.344836081879002,-2.2611719371612393,1.0
6.183414386452778,1.6349818701185121,1.0
-8.051076933907272,-6.501807738393914,0.0
-4.347410705173158,-8.528721780175367,1.0
7.517856940286443,-6.618637813539676,3.0
8.313785444871598,9.538138368599064,2.0
-2.858973441721961,-3.2844125607689385,2.0
-7.503335443083941,2.742486153003881,2.0
-7.388065945831075,0.970899564173207,2.0
2.2028836817461688,1.4693165977996934,0.0
-9.73298711888653,8.205439032590554,3.0
-0.26831694732091194,6.777271597429063,0.0
-6.1142538434769715,-3.854402821618419,1.0
0.14506668423572222,-9.891383490860141,2.0
-1.5644605444809017,6.6513098431781295,0.0
8.996709571285386,-6.706609889335146,3.0
7.403948525073968,-4.48432345319322,0.0
-9.892345547690901,-0.8821194883446886,1.0
7.542932594736012,-9.763394975303472,3.0
-0.1585972296848741,-9.709557595097753,1.0
9.874518537533117,-0.8779015962342562,0.0
4.901501063903154,-0.2562727793147417,3.0
0.818826950839755,7.437006882822253,1.0
-1.7649210908916437,-4.907504524887154,2.0
3.124937719650827,-2.0944026725091014,3.0
-3.986335777727734,-3.7479219329625257,2.0
9.918192323731493,8.605564581798493,2.0
-9.116116780098409,5.999583688242115,3.0
7.983620157715116,2.539461821900094,1.0
-6.381668565239917,-8.866562706577323,0.0
-3.508088695677909,-5.7657366039734885,1.0
-5.396526243511721,-2.6793419086402492,1.0
-0.6018493095098716,-4.502436688040308,2.0
7.677136534309952,-5.558772383488247,3.0
4.284271909905046,-9.144768895652533,2.0
-0.38346480777140535,5.012580924184872,0.0
6.773180741490318,5.9204155898065824,2.0
9.454640818368972,0.023639160227176603,1.0
-8.425365844817346,8.918711846144017,3.0
0.7483500466933712,0.6347283787137652,0.0
-0.6234643028124243,-8.197150520273036,1.0
-6.230246261119747,-8.059353079270778,0.0
3.473079970922546,-5.11626282919337,2.0
7.87777934484653,-7.5260188083043955,3.0
9.22414201800692,6.804807895543817,2.0
2.4932542652594982,-0.4392656994771116,3.0
9.460948331348138,1.7311202285133191,1.0
4.137106019729046,-4.21115212742055,3.0
-6.211689148768274,8.89011123517037,3.0
-3.4788837604104117,-1.723729397748743,2.0
-7.22573766696192,-0.20504282099396853,1.0
-5.331191078497685,1.2242481448620026,2.0
3.141080785707741,1.0041572762286854,0.0
7.362058037942173,-0.1649544784903778,0.0
6.286051148101343,0.04262371449566871,1.0
-4.264866637412559,-7.702156717584683,1.0
-6.852756207286337,-4.7771262151983525,1.0
4.272762610319132,-0.8632958165028235,3.0
-6.855337916684814,-4.549291875332598,1.0
5.83942626960199,-1.9972861221750797,0.0
8.346182900031607,-3.183087663809938,0.0
-7.95465510703957,9.803935406244399,3.0
-5.808431027169121,-6.0598767923166275,0.0
1.0676429174958741,-0.2163565916369965,3.0
0.835491994223613,-2.3314876180057853,3.0
9.781878377136167,-4.098642877190359,0.0
-0.03354598753193727,-8.1494405823986,1.0
-7.425108458037581,5.724364818129903,3.0
-8.192753238213374,1.9990303632705029,2.0
-2.8383511349162527,1.2387424442634032,3.0
2.1979095676748184,-1.9231624972748627,3.0
-8.390573924135854,-4.558665417705871,1.0
-2.0177025480686055,3.0812514797059833,3.0
-3.637950407531612,-2.7343322945294073,2.0
-9.967420984825894,5.456929025849577,3.0
-2.2593712844684326,-3.7060017069564317,2.0
9.453853781246053,9.333475509068702,2.0
-1.180561988211073,1.8439148480697671,3.0
-9.732318469879477,3.5069095883337997,2.0
-4.674072988106229,-7.257286014684858,1.0
3.31751618056186,-1.7112207424060006,3.0
1.9696205335974764,9.732925591690325,1.0
-6.410826774681353,-6.378864314678432,0.0
1.4951648893031777,3.7029680886417644,0.0
-1.924318518076646,8.864153019742542,0.0
3.582684211546372,-5.84949504576316,2.0
-4.169013855555734,-8.11927315890441,1.0
-1.0248623285438647,-3.1075869029108034,2.0
4.438993235203071,-9.099307988163938,2.0
-2.421025588920534,-6.2949140034465785,1.0
9.673260650397996,-7.779276541950731,3.0
-4.601978426813462,2.9486966101927194,3.0
0.8501737934936049,-9.898666403654733,2.0
-4.982757559314486,-4.568038029366905,2.0
-3.3940128149717186,0.461415043786948,3.0
6.770462370024873,-1.8377191533493686,0.0
-4.018869292120679,8.20770464446824,0.0
-2.845827861251042,-0.5966361228080146,2.0
-1.607028395158416,6.356173108264304,0.0
-6.657041259443379,-8.51125723010808,0.0
-0.33231710469349984,5.508012964174231,0.0
1.552194234287862,-3.3391800677314194,3.0
-0.6931301540675747,-5.918939622005668,1.0
9.715095616543202,-5.308829998641855,3.0
4.378151858896548,-1.6824128915863223,3.0
-6.450660053078168,3.2487785315697053,2.0
-2.4591567332725983,4.440423915342478,3.0
4.43859211468318,1.2315631463443104,0.0
4.506787394792077,9.952031413505054,1.0
3.905395975612878,-9.111836473239837,2.0
-9.374124638595102,-7.788993315493425,0.0
-4.729503731906575,-0.09361718808828812,2.0
-4.591877705533445,2.8328044165511557,3.0
-4.472868265199541,-3.3051044518654837,2.0
1.3420865770481747,6.884356370729442,1.0
6.636904992019971,7.5381124136774105,2.0
3.0330194948704907,-2.5470806603659524,3.0
-2.616754673770096,-1.3400050881657162,2.0
-3.2841454700770374,2.9661701987867772,3.0
4.976702459598872,-0.29503932876929895,3.0
-9.774775838365134,-6.72078801562515,0.0
-6.493547746922816,0.3976504243141399,2.0
-0.6427316261718534,-8.794611511253155,1.0
0.18427281366208526,-6.265817680478802,2.0
4.434931422285054,8.266242055626595,1.0
-4.969661909334864,1.2616200817422918,3.0
1.0209557406240766,-2.679532312315798,3.0
7.422872470182064,4.038396948226881,1.0
-5.6351637445861,4.212493808965705,2.0
6.76569746550841,8.025191057502447,2.0
-7.770139762660846,-1.3915821683648204,1.0
-1.6935605305130785,8.635834795636818,0.0
2.3998664927300073,-3.0289824207738185,3.0
9.444271388094698,8.965740301330353,2.0
-4.0993513201825955,6.686018200976207,0.0
-6.830144978438717,-0.8885098580211608,1.0
-5.173040333743795,-4.329514279003732,1.0
-5.649907459417436,5.761550358954327,3.0
5.348912945845354,5.365115482071676,2.0
8.952660924991541,-5.775183539202969,3.0
5.6277093588053635,4.5660565229104595,1.0
-6.588946785388279,-3.5887226553480245,1.0
-0.6873307319923079,-2.939189086834144,2.0
-7.643301188285337,-7.235038651936936,0.0
-1.9577516962035162,-1.4641464992555058,2.0
-8.325785120491222,-4.051057514784651,1.0
-1.5433116449269324,-6.588409646664715,1.0
-3.513345155345897,-9.988254262008025,1.0
-8.20595972248049,1.6402493772774633,2.0
4.174283238083005,-1.5529961365567484,3.0
-5.593343131352331,-8.240028726379888,0.0
-1.2913967571997969,0.4304897347961312,3.0
4.731518001657635,7.648718915352589,1.0
0.7596429084897629,5.775968100370402,1.0
-3.1204154134267803,-4.469690333228953,2.0
2.303170898617168,-3.1414019692951767,3.0
1.0474007758851975,1.9748996003877899,0.0
-1.2171861786285767,-4.281458206049229,2.0
-5.909416168708863,7.614960987246253,3.0
-4.8376812452953,3.017041025403506,3.0
-1.7580872098102258,-5.981446497153362,1.0
-8.994370077139122,-3.169222939943708,1.0
-7.7559930145143525,5.330249291067993,3.0
-8.740271871764485,-8.863306201961876,0.0
5.935968600160583,-5.560208308373092,3.0
-3.111294607283204,-1.5721212665552358,2.0
9.8285601847289,-7.337754542634263,3.0
-0.8268237882383627,-1.6293663354469423,2.0
-8.785059625207358,5.457883819144609,3.0
4.290213608636492,8.892451730613594,1.0
-6.489966135647114,6.462498789408876,3.0
9.69051051133902,-7.291829458510623,3.0
7.881603348716418,5.380235712323838,2.0
-6.637632351311565,6.65479555045286,3.0
-5.034332538134034,8.434754229471405,3.0
-8.824700302757083,-1.5549029864698376,1.0
7.192089351923329,7.630716608387289,2.0
1.2317230020899057,1.91677394847909,0.0
6.7144967229983195,-4.409426652423658,0.0
4.880846037772583,-3.078027785784707,3.0
5.899767427215888,0.0998552061294724,1.0
2.9130337246875797,1.1345674705122413,0.0
6.8311273345904056,4.059319418750309,1.0
1.2910888808728416,3.796750412909841,0.0
-5.15750540706283,-2.8582171184526377,1.0
9.846715960547854,1.5427835368966392,1.0
0.00787711613143216,-2.426612558482595,3.0
-4.278917778535334,-9.705228067075463,1.0
-5.437998406497009,5.1667258229188935,3.0
-4.2242984289050085,-2.179868208721034,2.0
6.797848756761958,-7.962927109342031,3.0
8.012169551969912,-3.3792988186349664,0.0
9.966045799093148,4.978423227003866,1.0
-1.7405512454812744,7.810156956815547,0.0
-2.7515476406317845,0.6501348614257374,3.0
3.9028042936680603,6.670538181270295,1.0
-0.5262509056282916,-0.42383465020263245,2.0
5.934635246822221,7.06616680534389,2.0
8.530194124508192,-6.036814333400091,3.0
-3.01992724916955,-0.9762230927473645,2.0
5.670093213863897,-8.443900426938708,3.0
-8.018650453610372,6.4927125333846725,3.0
8.138351290982659,1.426911185561801,1.0
-2.78983212385858,5.99080188419272,0.0
4.826040266726103,-5.235116064404492,2.0
7.747781669165391,-1.30050524214737,0.0
5.34032635814744,1.0760587312226626,1.0
1.653953123163399,3.9055006136169155,0.0
-7.239900202666294,0.21905213411365487,2.0
-4.800603687989444,9.695356530551468,0.0
6.178751352825962,3.6395000815180865,1.0
7.8961873774716125,-9.774835505595389,3.0
3.6438947230145224,1.1590708480398355,0.0
-8.619959146188688,5.895471188125697,3.0
7.506081808333548,-1.8329097710900282,0.0
0.689759142090665,4.332189543976618,0.0
-1.463904116034442,7.565363051262967,0.0
0.9814732788307339,1.8934437125272634,0.0
-8.127956337383129,-1.6835334610461494,1.0
-6.120386837893596,1.268117116979715,2.0
-5.664051346395058,2.938588599199335,2.0
5.665825110797362,-8.078722488013323,3.0
4.832834742359369,4.684779236593961,0.0
-9.69745815419058,-4.811051748920088,1.0
1.6555686787358326,9.329115638410762,1.0
-0.6489828389891841,-3.50788917807757,2.0
-3.220811714473399,-3.8315446649468026,2.0
8.843135063383965,3.316468193904523,1.0
9.118299294462798,9.609393768950746,2.0
-9.58664754287737,0.1715759567047037,2.0
1.9601377568493739,-3.4925684026122106,3.0
7.318533640236364,2.8831249193248976,1.0
-3.9721581314841785,8.61934538509411,0.0
-4.627817331397049,-2.5750906399437223,2.0
4.733581473179058,5.486671683105637,1.0
5.6626573743582505,-6.881083017215721,3.0
-3.760901046293295,7.252895272502812,0.0
6.396062605356029,9.363901664124349,2.0
8.698908420020807,1.809667966095077,1.0
4.235948150198013,-4.215935378039877,3.0
7.353664246647618,-9.487104456378477,3.0
-1.0712783932471552,5.268573755932257,0.0
4.195809238191803,-3.3607575427479697,3.0
6.773879078698016,-0.2516027552083333,0.0
3.566427358127566,0.04442153536110105,0.0
-7.053462279904046,-8.773426240639017,0.0
-1.2850576225875336,-2.463910492672494,2.0
0.6338687307862898,3.87195879845466,0.0
3.9648468857045707,-3.6469045905592523,3.0
9.96154159281091,-0.6533532754727993,0.0
-1.6149752558825128,9.587907193175006,0.0
-5.508622021496685,-8.241773642653477,0.0
-6.412085027531047,-7.573883354933515,0.0
5.851999521089496,7.221484305509893,2.0
5.9218669196515705,4.509779063531354,1.0
-9.536303270714487,-0.7486241706761767,1.0
-9.15546760000548,-7.239008300614255,0.0
0.00920914095848957,0.9114108865640631,0.0
-0.8165799285188484,-0.502065932167838,2.0
-4.130544128603968,9.73627389517928,0.0
0.14053803535329656,-3.252715809723803,3.0
0.3775196711999129,9.226571926170031,1.0
8.276050799922658,1.1002327070365254,1.0
2.6270175937727274,3.8052252079530575,0.0
5.793235273147882,-9.7449742583594,3.0
-0.9513462301996878,5.481996210983606,0.0
-9.66580613616504,-2.3975013729847605,1.0
-5.68292722562326,8.782255427787206,3.0
4.7129370740481065,4.729260523605172,0.0
1.6403377760869589,-7.129192433213392,2.0
-7.043074508349059,-5.416618817154843,0.0
-9.985314438491875,-5.942459270071168,0.0
-2.07266441484796,6.147149038216291,0.0
3.423708593180061,6.095035319781296,1.0
-1.0308482638775693,4.820882756852633,3.0
4.82346453932295,-9.449920960583409,2.0
-2.107134895878646,4.882253192440981,3.0
-2.424536280128229,-4.009331566873224,2.0
6.633512599170828,5.078645365031134,2.0
8.352780834689263,1.7964092827794325,1.0
6.982620310252106,8.502582112395952,2.0
7.030750972187462,6.710158739591272,2.0
7.754486551449165,-1.4744073202585835,0.0
5.432437706709761,9.814683287090475,2.0
7.197247444358418,-9.095597499096005,3.0
0.28335932909796746,2.4973747154453285,0.0
-7.78830222718822,-8.954749529126477,0.0
4.486601595632431,9.648748946132208,1.0
5.472361509467476,-4.644365930202183,0.0
2.9006227304947725,2.809269213701045,0.0
-1.797987166363228,-0.8421012030532342,2.0
6.9014833536535,6.2073654389991475,2.0
-2.6847170585572133,3.2992535184438054,3.0
5.571596145488975,-0.4894318337065666,0.0
-4.177844489527893,7.4861113644610775,0.0
-5.121425080535529,2.287198599598195,2.0
-6.7739188624808655,-1.7914512865933823,1.0
-4.735432097075858,-8.092033073957287,1.0
-9.250245338906467,7.370964587164501,3.0
6.7508216943416635,7.39893906096605,2.0
4.989520331667418,-2.469067736853847,3.0
-8.334790282346528,-5.903406561642548,0.0
2.7042802191487745,-7.599732478357895,2.0
-3.5150629116355248,-9.748373547827631,1.0
4.7427545850128965,7.669651811292805,1.0
-3.8127640245417815,5.875344989371049,0.0
1.171170109630813,6.382487937140567,1.0
-3.32199130494915,5.810806806760686,0.0
5.702624911160468,-2.3378132738938824,0.0
-9.570317366163682,-5.607241476223839,0.0
-6.125039924340165,-1.4366169455891225,1.0
-7.990294120040788,-4.441044150347064,1.0
9.841440971000377,3.083807785309155,1.0
-6.594695900319996,-5.357878414968158,0.0
7.501351981388588,6.408566582620967,2.0
-5.4015056795887695,-9.338908537716954,0.0
-0.3312115455285216,-7.149389964940777,1.0
-2.906838994280694,8.716537173284667,0.0
0.13887915811257656,2.774369628197979,0.0
4.011622143462041,-9.943433421944107,2.0
8.312798955952928,-0.4282772953916396,0.0
-6.104206163566339,1.9879844149918373,2.0
-0.5987524093484531,5.620754347823198,0.0
-3.8547271925807802,5.541106826686715,0.0
-1.8801503669199668,1.8804844886063528,3.0
4.801043083061426,1.6176024604925843,0.0
0.9559788918320251,0.9167777910083519,0.0
-4.152287908582711,-2.0534264740279173,2.0
-3.6541890542050997,-1.6681613618249802,2.0
3.1555609529557707,-3.70934303596772,3.0
-6.920328137976368,-7.524239362332342,0.0
-6.9427708130585275,-6.556509111690881,0.0
5.222429264870099,-6.60277748216489,3.0
9.702910141746003,-5.860383019649326,3.0
-9.185892129035631,-6.969500360756051,0.0
-2.3934076951876264,-5.001301441931587,1.0
7.640071427958105,9.845000373787109,2.0
-3.17399694648802,-2.012868138673465,2.0
-2.6859367197616546,5.309074018468376,0.0
-6.890590837150725,-8.437298816985566,0.0
-6.212578424301927,-5.158239660929665,0.0
6.014278376457664,-0.44486761677201514,0.0
7.692613922582179,-4.027323974597126,0.0
1.2696102468705668,6.751414946686921,1.0
-5.324263333262682,-9.872518842674378,0.0
-6.202807754203876,-5.946719841771635,0.0
7.713433943961558,-9.782315821834747,3.0
-8.059062811348483,9.156695199793113,3.0
0.0744101205679133,4.470178761218833,0.0
-7.890373928196716,4.52054328176602,2.0
-2.8823293843180053,5.967943373558731,0.0
-9.359358970776059,6.997975431611362,3.0
-7.306147308990807,-0.3535943846288383,1.0
-5.221022532602104,-5.30481966108529,0.0
8.487194876101974,-9.08051885482697,3.0
-1.7287006383507624,-9.003787856741232,1.0
-8.43157041060881,-2.428232230521761,1.0
-8.508660127439994,-9.223793099407926,0.0
5.800090225969523,0.22218671964356673,1.0
9.856771521748367,3.7542528970051503,1.0
-0.3331401436666326,5.01683463160907,0.0
-9.736600785124816,7.336327381674145,3.0
-7.855592870838501,-8.505926465554145,0.0
-4.469623929414601,7.43651235622599,0.0
5.089570573357513,0.5547926501968838,1.0
-2.6386587459122923,9.187824159733552,0.0
4.009195084557678,0.8054462429114189,0.0
-8.511834778121363,-2.8066891353466827,1.0
1.3820498959901997,-9.83806070931633,2.0
1.0461000216537624,-6.7029504053938505,2.0
2.363811835629697,0.39200747944888903,0.0
-0.19494292394467472,0.1194353918677642,3.0
3.047161872192248,1.5052511057728584,0.0
3.941503958206896,3.991770935687729,0.0
3.9338878926201772,0.032453913987772864,0.0
4.08274461553761,0.09497975153634819,0.0
-1.5079341275892624,-9.827711162671358,1.0
1.6619975160565446,-0.9215154261694671,3.0
-0.4931441861352077,9.507515596885138,0.0
5.062908881423915,-7.305768249780482,3.0
-6.001576950962724,4.11628352210375,2.0
-9.591401012524088,4.214058836545425,2.0
-4.149885385838199,-9.412869240512244,1.0
2.265587789697584,-7.277434934023219,2.0
5.238802542027614,9.71259493076181,2.0
-0.7726748734793993,-9.759601419990426,1.0
-3.458756789470014,-9.768057370470116,1.0
-8.348916917275917,7.614225533562816,3.0
7.143214761218637,-0.001477069883204507,0.0
5.764313650244471,1.7005333430687983,1.0
-4.307448665321076,3.59079529141831,3.0
-9.035049127537176,8.884883124495815,3.0
-4.4453255397474845,-8.217296055588545,1.0
4.556183195956072,3.128568301331695,0.0
9.761702188711048,7.680486306593881,2.0
2.037939684936603,-9.986458563929503,2.0
-5.643852690050021,-0.2872365912341799,1.0
-2.769337851828464,-8.332209078550868,1.0
-6.260067770197075,-5.791347077912439,0.0
-1.3622958968018661,5.438413704144171,0.0
3.8509719062021297,2.1447938303309506,0.0
-0.3891792457737431,-8.706135425346094,1.0
-5.486697996183347,0.5574139537005784,2.0
9.19581110071751,-4.00415179161985,0.0
2.2049668775791744,4.413242919870168,0.0
-7.779378926039737,6.199147717571499,3.0
-4.116950834728252,2.73792404352273,3.0
-6.239156662120575,1.6540064868796591,2.0
6.921742999455894,2.798239026943314,1.0
-3.83055445333005,-7.52299189943654,1.0
-0.0779168281989211,-7.785235213003854,1.0
6.313931617896124,-9.759868077637305,3.0
4.064908891043883,-5.457636315703677,2.0
-7.712016120750169,-7.796786951248373,0.0
8.431497650515404,0.8790536455424824,1.0
-0.5188607971787018,1.9558950263602615,3.0
4.488153438424586,-1.271230643616331,3.0
6.088281325781658,9.94652875405929,2.0
-9.605204133732656,-6.681714815183605,0.0
6.678205555690006,-8.259639779215927,3.0
-3.114440419204376,-2.059167234255302,2.0
-9.094852683881527,-2.8330791711034164,1.0
-5.641467173502564,-1.8229998916512073,1.0
-2.114328941827244,9.311000394317539,0.0
-9.219963719786811,0.16013969158281682,2.0
6.460680623263567,-2.934606837146636,0.0
-8.554684449421643,-2.9987741755590065,1.0
-1.3913341969719202,3.5872288640948113,3.0
-8.432875965957368,-1.287704570735686,1.0
4.735577447285808,3.7635203455870485,0.0
-9.790497804073565,8.903190620960409,3.0
1.1588938231047372,8.541836803998564,1.0
-1.5555947050605194,8.739164592525373,0.0
7.036793258433324,5.6002272473064885,2.0
0.9392902208217695,-4.329396551672506,3.0
2.219043694311104,0.23664697578720606,0.0
1.561567923376785,5.127866929586579,1.0
2.8060645370540698,2.121548201060257,0.0
9.276545811664619,-3.9429114734454673,0.0
-3.271986329287511,-2.0335059645564098,2.0
-9.938794709429864,-0.305212356534863,1.0
-9.25768403725428,2.1996217774026423,2.0
1.2740294123606013,-1.8010902877385142,3.0
4.5007873277372745,4.897550172637903,0.0
-3.874518345405205,4.183621333724865,3.0
9.916732747679895,4.265021083222216,1.0
-5.780043106898621,-3.5242804776072267,1.0
-3.8473188394460784,0.8514134935491278,3.0
9.823830781906427,2.148519930242374,1.0
-8.199086153791313,-8.490872523777554,0.0
-5.288989694014495,-8.174661426693044,0.0
-8.37468675436639,-1.6095180558554372,1.0
6.765313463294131,6.418153187190054,2.0
9.660141390565208,2.867506196099969,1.0
3.8774694341119478,-9.239571668186324,2.0
3.288552650917172,-7.347045624069395,2.0
6.084977944195899,5.867126825075424,2.0
9.91863917524907,9.11314779605988,2.0
6.05054506447928,3.4456365862462874,1.0
-7.206382784578718,8.308503181146381,3.0
6.732554166099703,-6.916312114257108,3.0
1.8441057114079946,8.82038394018264,1.0
-7.759809668964149,9.516020110500108,3.0
-7.446390649598684,-3.1896641161839163,1.0
-7.094749462685723,6.896866303190745,3.0
-5.42650006049779,5.518921432741568,3.0
-7.68865254216635,8.487018316709552,3.0
7.761469824249833,-4.584699053909638,0.0
8.458947088544033,-6.004143013206331,3.0
3.389976018484175,-3.3910154221037248,3.0
-0.2672906806926143,8.331478126504987,0.0
4.599058492000253,-8.762978600488342,2.0
8.286921041833889,7.855868627404423,2.0
9.992453525619496,-7.366909474967223,3.0
-8.447572515401571,-2.1993626860559434,1.0
9.345635800171067,-0.8424450554850278,0.0
-7.031024259136918,-1.396889962358138,1.0
-6.897979714424974,-9.458420931892688,0.0
-8.981698761713275,0.13048184047637257,2.0
8.545982992687122,2.5433483135021966,1.0
-1.7072608796001258,-9.321531768325915,1.0
1.0588754753336875,-0.31606257013723926,3.0
8.069568145194523,2.6801197000058714,1.0
-6.181276110510121,-3.021537162462254,1.0
-2.2077752042290495,-7.201935976432539,1.0
8.270832099440781,-1.609817079031778,0.0
7.316292576800329,9.423019307189197,2.0
-5.555296250309181,-6.544142845116287,0.0
0.423038612678301,-0.721250816348693,3.0
9.86434842903368,-2.5892804142784627,0.0
2.7804409449899623,-1.2963129394732515,3.0
9.911365706765658,-5.89129354097544,3.0
-0.551221892500326,-0.980684315636557,2.0
7.573047327504494,-6.3483037693898385,3.0
7.593013761339126,-1.6443047008086715,0.0
6.205159509558651,2.60088356411298,1.0
2.1776187901521844,9.072649374911833,1.0
5.697818936778024,9.013962451576248,2.0
-3.335313308144068,-2.0158031927454,2.0
7.213898609959955,1.6649665187187814,1.0
-8.09067021307606,4.48161449902355,2.0
2.6380700735312423,-4.782680525712831,3.0
-5.086641654165471,-2.9191115455807974,1.0
7.823468362375966,-6.274259399585018,3.0
1.3660158658169195,3.7209602047212,0.0
-3.8715834949384593,2.751529396365086,3.0
0.2257928717349511,-7.317733938804922,2.0
6.510081321071613,2.0410251934925157,1.0
-8.956934829749727,6.37861468429427,3.0
8.0710966912511,-3.585600619203843,0.0
6.6566428282980254,-5.259014353299786,3.0
-3.3087112815404662,8.914229635264185,0.0
4.606716805238056,-5.516300326623835,2.0
-9.63033009083654,-7.231181886067306,0.0
-9.06283245804065,6.230034335604429,3.0
-8.542226209685415,9.924116455509221,3.0
-7.350328564937659,-4.2015281386164105,1.0
-1.568196196246534,-7.183059806524419,1.0
4.518725828972956,1.1513112614128183,0.0
8.888084099553396,-1.9002352320434355,0.0
5.498478551856499,-7.5708949778997825,3.0
5.611276473525628,-2.2407113505171283,0.0
0.1397573821112097,1.4968939869896492,0.0
-6.132783001098248,5.010326183177053,3.0
-5.443534056616091,-5.1589668155755035,0.0
3.0330713221827175,8.536730323214378,1.0
8.516700149701151,7.437845495683785,2.0
-6.901378049789095,1.9310789928516492,2.0
-2.0750789304561916,5.4601613897551555,0.0
-4.067820899404666,-3.2144343087036127,2.0
-2.0904078728902276,5.51713621558018,0.0
5.666700819372824,9.118076496858396,2.0
-7.264446388184716,-6.12858315630584,0.0
-2.6804785119037255,0.6266648252942986,3.0
-8.094788663555875,5.027934222576961,3.0
6.333040550251493,0.3856389873984156,1.0
-3.3666659595256547,-9.181468900911254,1.0
7.676093740126081,6.99555229550046,2.0
-7.636074950175258,-4.050982262194626,1.0
-8.169466230855797,-1.2092401080990616,1.0
3.930121187898113,-0.6758227869835274,3.0
0.13510496431636554,-2.2777833220997135,3.0
7.666432259378112,9.090611419304803,2.0
9.28839314492258,6.5181227185411,2.0
2.329426040249613,0.7194309223606599,0.0
2.6752885794892514,-1.2465143160393506,3.0
8.907227603294583,-1.2252287400884239,0.0
7.184119282116949,3.7630458569371292,1.0
-1.0239548440293582,-7.526507502811408,1.0
4.875151838858896,-3.1191003790746112,3.0
-4.750408462465938,-8.764630031009624,1.0
-9.795283102783202,-8.25826664155025,0.0
-0.571509270047013,-0.971005525619022,2.0
-1.9156820208787533,-7.798014503505679,1.0
7.632996235456673,-3.9406571319069634,0.0
-8.66618845712588,8.91777395518687,3.0
6.492910954252224,-2.0623153621448553,0.0
1.019043480126827,2.3301441235088483,0.0
-5.011441335625404,3.5185008223236185,2.0
4.742239857098005,2.327075623503278,0.0
4.65576310377781,6.726473236569095,1.0
7.465007763252586,1.6485476281557272,1.0
7.073479350693393,-7.487719637439129,3.0
7.2442257881982925,4.633275008388649,1.0
-6.050384572956691,4.131320840103323,2.0
4.1921269739188,-2.782073818709656,3.0
-0.05706541263414522,-0.5832566600956657,2.0
6.324246115815463,-6.555607815048048,3.0
2.668180583720204,-2.9339077962354754,3.0
-5.2797013216299105,8.566857392911025,3.0
-0.3309997982609776,-9.459795378555572,1.0
-0.8769583856238334,0.27524946674046546,3.0
-2.4676437039278714,0.22696395528903857,3.0
-5.205659086783503,4.11971362979498,2.0
4.0418894304136455,-4.762663477104441,3.0
-6.445314726801666,-4.683972613758138,1.0
-2.691676918543151,-2.6694648521208686,2.0
-3.586919257904606,-6.384718771431757,1.0
-5.085242972068825,8.310806876161092,3.0
7.245407042782613,-1.958197784106666,0.0
9.22924515350742,-2.208603687507818,0.0
-7.372541232840479,3.9930736214497475,2.0
-0.2754115613558401,1.2912551637392724,3.0
6.002140450836976,-9.030632913653205,3.0
-9.587247651457512,-0.3058058956431715,1.0
-5.959938699441403,-1.8263747662999883,1.0
-0.14296347870098103,-6.629216156602431,1.0
-9.10715349025968,-7.622723504906297,0.0
5.21062772218599,-0.6006945076953851,0.0
-9.34205506481238,4.205260401127644,2.0
-3.175428277764583,-0.5416462474938815,2.0
-3.921005473526882,-5.006423590252025,1.0
-8.953014138946326,4.511039287904717,2.0
4.2280354555817965,-3.3418089439040894,3.0
-9.94780463573974,-7.405505264446468,0.0
6.782290088645301,2.835324819601535,1.0
-1.1644525862357291,-7.619479830804159,1.0
9.572910535008443,-4.521447260124258,0.0
-3.7482757001660616,6.232433082539078,0.0
-9.240850448623242,4.138093775866732,2.0
2.151827073799687,4.168790527046987,0.0
-5.3683863857522285,-4.923316142402053,1.0
4.262541028528181,1.5865914142054827,0.0
6.104838501600746,-8.931628510087,3.0
-2.066977738350044,-3.9096124604754774,2.0
6.1174615034588555,-3.2048469859671336,0.0
1.5847466440265112,0.9932261295937579,0.0
-7.688217875074996,0.3287792640608629,2.0
-5.495526984491683,0.6093799183452902,2.0
9.007509013821661,-0.35794294239447666,0.0
-8.65220620919698,-9.301789482823839,0.0
-0.23886900178661108,3.984014269163602,3.0
-0.7423046542115515,0.26599675327355676,3.0
-1.9415391009575735,2.7625884158730862,3.0
-9.051197626281915,-0.4739114022595352,1.0
1.7861993845784419,5.243277453659358,1.0
1.6743840803403103,2.7169275093083876,0.0
0.4129545949223594,7.638949952008499,1.0
-9.990455872065372,4.895303226729425,2.0
-7.014941182696466,1.6996007619229108,2.0
-7.564588716061131,3.1790843136010096,2.0
-2.4935631053804785,-3.943511749974089,2.0
-3.792227669470403,9.98712458490698,0.0
0.03486721167149831,3.2558786676829143,0.0
-7.083888222709107,-4.312932296646053,1.0
7.235230528248618,0.5976539308416093,1.0
1.6412095174440324,-8.82638088084667,2.0
3.741747212000398,-3.9044320461111255,3.0
-7.668365421885839,8.905780241608404,3.0
-8.29131350220237,6.987820409844041,3.0
-3.392189300354989,0.3511754614453473,3.0
-8.004858122808114,-4.617322198864622,1.0
7.363723267738546,8.396059306592868,2.0
-4.04842299495304,7.190884401834026,0.0
-8.559273211505543,5.906039290723651,3.0
1.8025456234393307,-0.028581000148905744,3.0
-5.5088682136451546,5.199326468447438,3.0
-8.267796403415499,3.561532987498106,2.0
4.277387839619829,9.27074051962196,1.0
9.381451992466012,2.6659950686991163,1.0
0.8411698298471908,-1.25682772062458,3.0
-1.4370673880928528,3.6550077602834072,3.0
-3.0238963581941363,2.412538207738981,3.0
-1.7153818193740236,-5.988178659946084,1.0
9.518518247582964,-8.344511598299839,3.0
-2.2544870580926553,1.3719289044572136,3.0
-0.3358769640230381,-6.319623108052106,1.0
2.3511622954841,8.584038375188623,1.0
3.9882488518656682,1.292803988746181,0.0
8.585777173841866,-1.0051434079567585,0.0
9.006573247421176,3.838898710594341,1.0
-1.9152111170071073,-0.6361853077001616,2.0
-4.869515823445352,3.625804095786336,3.0
-0.042449278836420135,-9.427415847724077,1.0
7.984770433901094,-1.0157639824077318,0.0
1.088380153642257,-8.980046896113532,2.0
-3.207723770781838,7.995318408059113,0.0
7.404624150028162,-2.2568380893673385,0.0
9.545728677652903,-0.3419225372697614,0.0
-3.8574501561005903,-7.866130398146507,1.0
0.6967327458590091,3.956176199149528,0.0
5.31821778594799,3.5964592270444147,1.0
4.194661863028632,7.133959081767543,1.0
-4.2231454617811774,0.9566568052036963,3.0
5.467617508694293,5.873318953627976,2.0
2.173336345040502,1.7317809846110759,0.0
-8.405156055727645,2.249944456145027,2.0
2.6617720842389865,-6.339486690912095,2.0
-0.8925421165392002,5.266825704411149,0.0
-1.2445882227212195,-3.2292872506048127,2.0
-5.077483896564687,8.850158064599189,3.0
4.319508997927933,-3.970617397622796,3.0
-9.87415386277174,-1.4982542194122122,1.0
-8.712349526487923,-1.7669152281384157,1.0
-3.461922922821752,-6.736079713319951,1.0
-2.3175277773549237,1.796813602333886,3.0
-0.6997532212598951,-7.510891875556074,1.0
-9.92322114386817,9.526301474682647,3.0
-1.4302082235787914,9.27382607454177,0.0
5.836025874149943,-5.933101521710206,3.0
1.9987374526522075,-2.883817398314765,3.0
0.843243759316092,-8.803349318504267,2.0
1.1670991976133607,-4.879792526451672,3.0
-0.9439797461469368,6.477764013081828,0.0
-9.05339796112857,3.8252462104195146,2.0
-6.9677308927850445,1.9364463206162945,2.0
4.392523874520684,5.893508733782156,1.0
-5.797669229453158,-1.8665502029442553,1.0
-0.3128096052600178,-2.539612404241211,2.0
-1.2910585840766124,0.19300511965789013,3.0
-3.2818939350457317,-1.5063512386378246,2.0
8.482123718639635,-8.498743802582428,3.0
-1.3246466769709464,0.2737347622035671,3.0
-9.192732479189512,-4.647324064645417,1.0
-6.106616344421063,1.404870312747759,2.0
4.321215420195388,3.555298674611869,0.0
3.953570176504593,-1.5897260986883825,3.0
8.347239786734587,-8.489618035835846,3.0
8.615551048756195,8.200775563994075,2.0
-5.151449676497581,-1.5130564307000949,1.0
5.518089440196892,-6.7950325701002345,3.0
-3.4088303363922146,3.997599348470974,3.0
8.54604459593672,-0.6184733173196388,0.0
9.85463684185665,-1.076200507272116,0.0
8.439822792934358,-8.549466245679586,3.0
-2.3588468229776645,0.06413157903042688,3.0
6.402257652632606,-5.551812675168922,3.0
-6.769128607418384,4.682643520040026,2.0
3.959234748364725,-2.574667876626564,3.0
-7.086688190791632,3.5518020982676077,2.0
3.017016599324812,8.078273013572957,1.0
-6.013263331259222,-5.654864323234399,0.0
8.138716784203577,-6.216103691384404,3.0
5.412401472525206,-8.740048794578279,3.0
4.274621698399766,-7.433267315101631,2.0
-8.446821954561827,8.929283349817855,3.0
-0.5063703236850152,8.208563423081461,0.0
1.1949082987543669,-0.0377474212070954,3.0
-8.919553521135676,-3.427585356536065,1.0
-9.862240869557148,1.2925178802936248,2.0
6.357646043644376,-2.918739490352098,0.0
3.5815670124694776,-0.059416558843651046,3.0
-7.048800411812152,-8.386022092490936,0.0
-2.031650977410104,-2.797452802838616,2.0
3.1669118796595814,-5.768483823259176,2.0
-7.606456698801418,-8.718122142243201,0.0
-1.3665890444012767,9.82676255005206,0.0
6.597170839963336,5.163595661175144,2.0
-4.003516164606267,0.5739618967132714,3.0
7.608601736124477,3.553961075881812,1.0
-7.188763572473946,8.067713620614228,3.0
-6.196382357327124,0.46353060040556215,2.0
-7.393409764734942,-7.425064146829985,0.0
-1.5842486395858586,9.06876591791423,0.0
4.047970173745693,4.626622353755792,0.0
3.4851449841339175,-3.05370070568501,3.0
5.28414515190892,-9.923846377283546,3.0
-3.1011548522804784,4.16713244039158,3.0
-8.628573709551448,9.587865449039189,3.0
-1.6489832233236807,9.050584882455787,0.0
-1.589641036245089,-2.5394113323058365,2.0
-3.8385657886490243,-7.887419937435269,1.0
-8.806548147408616,-8.067628298206358,0.0
-1.8686006017115897,-2.5646973585590427,2.0
6.089554596982328,-7.232813330677834,3.0
6.06805340504609,4.839779441427963,1.0
-8.481935477391202,-1.904506248936407,1.0
1.2560040458907924,-8.476832336858621,2.0
0.8339131360396497,0.350419589979003,0.0
6.504206367332554,-1.9191524988021786,0.0
-9.230464509527412,2.4122759220992727,2.0
-7.557502530151532,-2.8692299690657457,1.0
-4.303048873135933,3.3563455538766647,3.0
-5.0657358739236376,-0.024599991370013896,1.0
-6.619435992979643,-1.1738299989906391,1.0
9.640160752699494,9.143366444114093,2.0
-6.5554387885913705,6.110043755459824,3.0
4.799745863169916,1.4916796381867385,0.0
-1.6119685065291307,-4.996847571817895,2.0
-7.527167911811334,-8.750726616336792,0.0
8.034403377319855,-7.345862153445175,3.0
-1.8968580867887717,9.972692128029806,0.0
-3.505801139824869,0.8704590218751562,3.0
5.082097787121034,9.867893776301344,2.0
0.48760009809844895,-8.487331210392483,2.0
2.7751276940514575,5.467113182768877,1.0
3.9069145309881375,-7.140791055915123,2.0
-1.155734851031358,-0.18608775824339396,2.0
3.989469142704646,-8.194127572375255,2.0
2.366865318092886,-9.291409814626657,2.0
8.387730943791105,8.076360332909605,2.0
1.3306161213521186,0.11950808549594072,0.0
-7.107144874363353,7.279455062116909,3.0
-2.0031259465294005,9.20595986351288,0.0
8.873663809209663,-8.573464233752413,3.0
3.2242713812963295,4.9022140752106225,0.0
-4.787712194553977,-6.091100437946906,1.0
1.8258295844950538,-1.7888913490813891,3.0
-7.975451558235713,-4.221466472156177,1.0
-9.23741153317886,-2.5370918356951915,1.0
0.1682919103598728,-1.3629116042162863,3.0
8.267702879540838,3.358764816328076,1.0
1.7647224927873388,2.3841220497608244,0.0
2.5026537165648204,-6.71935645367207,2.0
9.437523925838423,-0.9947609751678677,0.0
8.598781346518162,5.34061946117655,2.0
4.527636577449151,-7.464434226111056,2.0
-9.638650132455012,-1.5349149550264762,1.0
-6.242655313620855,-6.178269447223814,0.0
3.7272360451286097,9.37947796898343,1.0
-3.7962370188178607,6.883912902945411,0.0
7.124759928169901,-9.692845651043244,3.0
-0.5156091949751662,5.021863876498253,0.0
-8.417909827924458,9.954893864555217,3.0
2.590372927138244,-7.220741116151133,2.0
-5.639047715501164,-4.819475422888296,1.0
-6.3589331683697115,3.1138365363093214,2.0
7.834657226956029,8.025307603414639,2.0
-5.267664979284053,0.9421151127108658,2.0
-4.674664352650975,7.454977227882431,0.0
5.138089677669299,7.10442665533143,2.0
-6.766020875473979,-1.043567091633438,1.0
4.9063863277094555,0.45207403295227166,0.0
6.697575167405198,4.3837977658489535,1.0
-7.627415692528139,-3.846699177217669,1.0
-4.184572730290319,-7.805240981032274,1.0
-7.56984672198723,6.776817153612132,3.0
-3.362733626146319,-6.451841044179338,1.0
1.5601807574935123,-5.379335428287966,2.0
3.1313459961027235,-6.172081656649471,2.0
3.6965840867967827,-2.1331642043721866,3.0
4.964635322557921,2.67655925414153,0.0
-0.8730003707496774,-9.436321235227789,1.0
9.682514301713798,6.241309665317786,2.0
-5.7184163396542065,6.1068232095722195,3.0
3.562394730178923,8.028512039549781,1.0
8.939203811796446,-0.7403605394381589,0.0
-9.155443777961557,-7.777482038863733,0.0
3.2695545269315396,5.1324652411672105,1.0
-9.38225321143655,-0.1527625751325683,1.0
-3.883933464273907,0.06483893185696488,3.0
-6.2845957972894695,-3.2479544991955134,1.0
-2.583158515202461,-5.742832682203154,1.0
6.812985293662319,5.302973698639182,2.0
8.973045229727454,-6.9496801656821034,3.0
-2.661501339166941,-2.308813794171332,2.0
1.5083271425320905,2.5863214191226405,0.0
-4.141897303589756,2.1075285424181445,3.0
5.3128383620386455,-4.279666045455606,0.0
7.787668232762673,-4.063016684523699,0.0
-0.8412774165205299,-2.8537911184386484,2.0
-6.020303609508526,-3.4826443396675515,1.0
4.953596220839348,-6.961015201857648,2.0
-3.455592062494503,0.03827548655430135,3.0
6.059346448448753,-7.198767851879284,3.0
7.500196417268249,-8.483660419064025,3.0
4.802493244136787,-8.176402062202657,2.0
7.296438996621543,1.6233568817730273,1.0
-4.380308573810736,-5.355882504790386,1.0
-6.293072150565244,0.9902985531143411,2.0
-5.985883224368576,7.094466568663535,3.0
-5.881266448768936,0.4724811828199087,2.0
8.657441526602774,-8.01678327403582,3.0
-7.403590692833644,7.103227877284439,3.0
-7.639489884808867,5.32644811966421,3.0
-2.6862183553333168,7.904961478101701,0.0
3.8854225835076655,-6.177293573112617,2.0
-5.028933411202541,-5.415280798894917,0.0
-8.831468994106702,4.455753103129725,2.0
8.859870855018666,-6.397908931282212,3.0
3.8894732218018273,-0.9234681669758551,3.0
1.0501923974880416,-0.27421111718089364,3.0
-1.3884407927388036,-1.8679017814225158,2.0
-5.702016692078371,-0.09443384687764222,1.0
-8.389127619053218,-5.82918286393038,0.0
-5.0725265278141585,4.926777738077524,2.0
-1.843755718986852,-5.946301820225857,1.0
0.8579023026730574,0.6206816485713134,0.0
1.591219644491094,-0.23010597991717674,3.0
8.155361651199527,-6.198939214073507,3.0
-1.7833555480345904,-9.368577851998278,1.0
2.0680090699587783,2.5998857634645063,0.0
-8.53129629672951,6.1234764163126805,3.0
-0.10030657544456467,2.408474978576674,3.0
-8.23448890457977,-2.6572311343364152,1.0
3.6821084458018998,6.849291722406562,1.0
-6.703119569121634,7.039217638876988,3.0
4.6544130177419,-2.9758073896304076,3.0
8.645529390511452,9.1459442688898,2.0
-4.321132847996532,4.288844344932164,3.0
9.236827898938547,2.9407181483206557,1.0
-5.958200057558405,0.9395478914926372,2.0
-3.1757113934959875,1.8873029587127768,3.0
9.195278346180242,-6.256564082398805,3.0
5.6289724109943755,-3.674902120780237,0.0
4.20579967346757,4.928571215258577,0.0
-3.4776187639523926,7.99268067163155,0.0
7.477225611491761,5.805356897192098,2.0
-5.398266164622541,-1.9719016558401208,1.0
-1.9222001027253004,-6.880661134681418,1.0
-0.9742117985035197,5.028073069876575,0.0
-3.3750002413473474,7.241859282112571,0.0
-8.5165825172777,0.7671144597323742,2.0
6.927320288177469,-6.346266083103025,3.0
-6.164913157512162,1.0923247598187018,2.0
2.875390329931104,2.9802695108372177,0.0
8.925554575995442,3.3722084283674576,1.0
-4.10876875548621,-3.163661488525431,2.0
5.708197025786433,-4.649781030379961,0.0
1.558927643115771,-7.422229517722436,2.0
2.0556366978276763,-4.108427472549588,3.0
-3.7643509697431954,-4.540645752225849,2.0
0.07248306252958159,-2.40301202431956,3.0
9.90641590798711,8.510780772678931,2.0
-9.08977200328303,-2.4843048686429148,1.0
9.43219347558663,-3.560229681612559,0.0
-4.173734576395263,-4.413273492057401,2.0
3.870141804338953,9.535803261082386,1.0
-2.586705362157007,-1.7260739550704614,2.0
-7.017497472055845,-2.9856661863626215,1.0
1.1034963592512526,9.255372572127328,1.0
4.391612758809906,7.830934144272494,1.0
0.6423959911085646,5.045869293103657,1.0
-8.040786078504098,-2.2873519262593707,1.0
-2.9762740766244455,-0.3471792960759039,2.0
5.63872733517908,-1.910862352801983,0.0
1.226082525006067,3.2854202977975593,0.0
0.3626551180289024,-1.3108434096923816,3.0
1.8512170418607496,5.6994671283648035,1.0
-4.713004155953763,-5.208682048731692,1.0
-2.4224132581056157,0.10545524276068008,3.0
8.937609873622065,0.8032234876343747,1.0
-4.480815735276263,-7.456767544607499,1.0
-9.363917757246966,6.642986739392885,3.0
-7.125528554080931,8.738817659546811,3.0
-7.972701551070043,6.305067564844759,3.0
-3.618948718858375,7.242091143461998,0.0
-4.863609676281435,1.867480528549578,3.0
-2.59368133557091,-4.341311921714739,2.0
-5.5274517664597544,-1.7838376024418743,1.0
-5.739698220641434,0.21922075514929595,2.0
-3.2360326778986126,7.861214189437316,0.0
3.696468314279155,-9.408382491918161,2.0
7.135683036232894,-3.1097384401050077,0.0
-8.749881977720737,-3.2974891422393293,1.0
-1.3675521242360382,9.85048724937463,0.0
-4.09749339359802,9.165217460244264,0.0
0.28951192788669644,9.005440548756031,1.0
2.8369513532016057,-4.402177504346372,3.0
0.8533064441752369,1.514091074715484,0.0
-6.558807727636484,-1.0954362538944817,1.0
9.945617554856874,9.91072573488993,2.0
6.468596864792882,2.9024426662957197,1.0
0.8164620897300772,2.5211958413814184,0.0
8.524431915336073,-3.011673511108368,0.0
4.3626543575564884,8.637846693351872,1.0
7.51564969929213,9.855895876117529,2.0
7.6299705653030685,-9.929382945375698,3.0
-7.275858980252947,8.081215180665307,3.0
3.7911291687333826,1.8850947043928308,0.0
7.523706820236331,-1.3627495255422346,0.0
-6.572193054708322,-8.481835698815246,0.0
-5.791352299514269,9.067067490333649,3.0
8.20865568637658,1.415927447776287,1.0
-2.5425958122376136,3.203783934673945,3.0
-2.75017570121012,-7.774141233954943,1.0
8.658489740999581,-8.318413719546571,3.0
5.909782984701986,7.201315582638177,2.0
-8.824240612985486,-5.246898503692501,0.0
6.670361665083753,7.5110680795293625,2.0
-3.7435727662764133,-3.925527014093282,2.0
0.8112043756348246,9.364506394653283,1.0
-7.972514725516307,-8.969532373619078,0.0
6.797184992448134,3.49036722050265,1.0
3.5607855390789904,1.0908484083523646,0.0
-9.177268196634,0.29609750596971196,2.0
7.9284181357742725,-2.528668832477572,0.0
-4.603740922241448,4.671959651522105,3.0
0.5231688504046854,-6.905071028583631,2.0
-5.7999675707561416,8.296027304092618,3.0
-1.8463954465888595,6.662861984019045,0.0
7.527247875420617,0.7203457883870978,1.0
4.974429880459192,-1.2220758495846802,3.0
4.873165062285903,-1.4768060185970917,3.0
-4.101176505234307,-9.33801199267422,1.0
1.1551987564324193,-1.625083761205154,3.0
2.2952837939361164,-4.730274707701971,3.0
6.840735829313495,-1.4889736411343453,0.0
-5.5158550304378355,-8.336335435647985,0.0
-7.331321739057857,9.930528551837735,3.0
-3.610485613486471,-1.7709860740671335,2.0
-7.834300912183718,-9.815859742317524,0.0
4.583177474308684,3.843564455316324,0.0
-4.771150015210342,-4.875642500053987,2.0
-4.729654081146819,-8.451856245367729,1.0
-3.338180865238181,2.3694909835262408,3.0
-0.8890905781875524,-4.33216571383708,2.0
-1.4309963264815018,-9.177238540737765,1.0
6.061455058523524,-7.574351009621609,3.0
2.083864949071046,7.946169511198235,1.0
8.537217415909609,-5.161910596421098,3.0
-0.24907178572156852,-9.92397956223062,1.0
2.3132414923820566,-1.3430848219428846,3.0
-1.1640454831729112,7.863895887206969,0.0
8.360220410804995,3.244100497348681,1.0
8.318928266914721,0.5889407553371484,1.0
5.554708841202448,-2.793966729368435,0.0
-3.2169695929659987,-1.5189668945619879,2.0
-6.49069394451617,-3.9748968359236,1.0
3.7956479037317177,-3.0336777323704993,3.0
-7.214522832483614,-4.020650627521476,1.0
6.70682841836312,2.5845933075548704,1.0
-4.054244848844151,-9.258458415467805,1.0
5.12002800266243,-2.7912963342315127,0.0
-1.6932106776683504,-6.594699450419823,1.0
-5.108264081204339,-0.7064303995540318,1.0
-3.677674917117379,-9.137519552546607,1.0
6.617147440323915,0.8768023056110934,1.0
7.090579292276992,-9.189867803760132,3.0
-3.1246211485636426,2.9952130929690277,3.0
1.873052230539523,3.231678038761565,0.0
-3.802537734349107,7.493221289444403,0.0
9.463734572191946,2.3754236865799143,1.0
-9.517803350442076,-1.2424560162313742,1.0
1.871289532644342,-0.6679270356617231,3.0
8.973806955828643,0.579337023799166,1.0
-1.906742588624244,-4.105161386070435,2.0
-5.787770325667396,5.423323735149921,3.0
2.392921268991044,-0.15853879773263557,3.0
1.1864943719450167,-8.684718699957532,2.0
-5.2374953858796385,-8.787510229125637,0.0
-1.4717876785896582,6.924721379071869,0.0
4.764105769027019,-0.06809501780105087,3.0
-9.18949995510494,-1.5841551179904307,1.0
0.17082361898237153,1.726124883173286,0.0
4.474107937184421,8.022081688697497,1.0
-0.5538393503344281,-1.0404385444197963,2.0
9.074403666755092,-6.773139780743964,3.0
-9.988409064140452,-5.945900012544647,0.0
-5.314825000801333,1.404576460334967,2.0
-8.995439840604673,2.1794082240835007,2.0
2.169486182962192,-8.974615247004342,2.0
8.227625999070188,-9.586351749430623,3.0
-1.3538739017929107,-3.2072086293833557,2.0
3.3699742105528845,9.437627574547655,1.0
6.363926225561965,0.7617732119238401,1.0
4.884577719056155,-1.6503837337026077,3.0
5.800235884268982,9.683691405660802,2.0
-2.172168018873313,6.4479374735748465,0.0
6.503538681345113,5.4275330640166946,2.0
-3.2594156379319106,1.0348968484986543,3.0
3.456837845046053,0.32601738148698445,0.0
2.0431669243364414,-1.0207479079353377,3.0
4.573184108025652,-4.533544558923337,3.0
-4.483213069180946,-9.513325590129408,1.0
-0.9569647342999623,-6.236907667890417,1.0
3.659593149828824,5.7951308789887115,1.0
1.4127126281100448,2.383697025401972,0.0
-7.4011964683389975,-4.441996590979899,1.0
2.7760626642902118,-8.191973864485034,2.0
-8.242933186972545,-6.971329228177954,0.0
-4.606924193405842,-3.191633572845425,2.0
8.753136481207815,0.13143989640828835,1.0
-0.8667848979547337,-1.3429184049402032,2.0
-3.2939741612376494,-4.018008066078112,2.0
9.5844132830663,-4.782730811604692,0.0
-3.1049174401496575,-8.641463232019275,1.0
-8.359609075888326,1.6494251758066376,2.0
-2.259065530796014,9.653324211871485,0.0
8.314729892238024,-2.645411503083701,0.0
0.587657166862197,-3.508881178161176,3.0
-4.196555506514406,-9.963269992981365,1.0
-2.382375588153951,-6.48529303912571,1.0
-7.503021285883802,0.8682936957455034,2.0
-4.441495610609727,1.1933439801677288,3.0
-1.38570757873506,-1.9051472297090033,2.0
7.40201346904427,-1.0694212041383366,0.0
1.687809952432751,-3.950123158204468,3.0
-2.9676423620180863,4.488575113376287,3.0
5.6036659082977,-2.8851188610218763,0.0
5.292277263486305,4.701996828181759,1.0
4.299648558403122,9.560551057962488,1.0
-5.529990024018918,-6.746967943093072,3.0
-2.2335542874271113,-2.602467462154441,1.0
1.853925556699295,4.269293273485875,3.0
-9.199994583696522,2.741444877004284,1.0
8.525811945292617,2.0578977631281212,2.0
2.4078101325825827,-7.118683426917256,1.0
-9.174405581890102,-2.2089479912124617,2.0
6.638195716609548,-5.194628220656732,0.0
4.789355385378171,-0.68739259340337,0.0
0.3694865381028052,-6.216425796056244,1.0
7.962329406261841,-0.35313238655076873,3.0
2.1457880076390765,8.669617744311292,2.0
-4.894003374083842,-0.8198251651379724,1.0
2.590877297364644,-4.1184328975080735,0.0
6.117718886826523,8.586341231128163,1.0
-9.051726358945519,5.750245405492384,0.0
-5.45683097851084,9.648546206714137,0.0
-0.44172606882525756,-7.785545981634307,2.0
3.1263037163078913,0.7109983770097106,3.0
6.8160752558768,-3.2233383844702512,3.0
-7.07158132364428,7.605304247577546,0.0
-5.594734043864349,0.8930630387438576,1.0
-6.7504158258791165,-6.03154974926375,3.0
-7.368149772075123,-9.59930550114342,3.0
-3.1729361722356337,4.539030083896032,0.0
8.985324716385463,8.328646535502635,1.0
8.69476269758318,0.9334167383051035,2.0
-8.67865754864565,8.059129994211858,0.0
-7.334835242747775,-7.312617206512151,3.0
2.0873374292365163,9.218148217678458,2.0
4.529895628853009,-9.937973541150356,1.0
-4.352056760603511,-4.225818632303668,1.0
-7.090690966738875,-5.909392295128539,3.0
-5.352727210603037,-1.868285954817484,2.0
6.135071357886957,6.861157934677497,1.0
-2.790477504302535,-4.415488767178671,1.0
3.241102106489995,9.64468149306127,2.0
1.969762105306529,8.746096875535258,2.0
-9.359423133586063,-3.8439776923450903,2.0
0.5341303287574881,3.795272628461939,3.0
-3.9591486641165563,3.545132765740684,0.0
-1.8273315307232423,-8.67131138877037,2.0
-2.3332930419426967,-3.5308704449390094,1.0
1.5179788871956745,2.4233561987377037,3.0
0.9183130902663716,-5.720308515290888,1.0
-2.7731237875118975,-3.3190237624145613,1.0
8.256685349426867,4.130223776263794,2.0
1.6676142467576973,2.200757944153038,3.0
5.963176005140831,-5.588667228020608,0.0
5.018970550268998,4.315850084671647,2.0
9.534464346160124,1.0636813792469013,2.0
-7.699558257950409,-4.489686316287369,2.0
-3.0890637892424184,-8.731887624288387,2.0
2.851391017220127,7.436720849278174,2.0
7.8223714590020705,-4.812475056117758,3.0
-6.768986866607465,8.076639470866859,0.0
-9.409659295496846,-2.444369683142291,2.0
0.8761978536768016,-6.651735324434469,1.0
-8.496608312812677,9.717348111843553,0.0
6.5215268506003845,8.36805940818327,1.0
-0.6316626271815942,-3.881098798436529,1.0
-2.920376383345258,6.590693697780523,3.0
-5.5914979159508915,-3.5844108235107726,2.0
-5.974452091376694,6.6166168243471475,0.0
-6.845026240844902,6.196776798477991,0.0
-1.3717641096681028,-0.6090458234179472,1.0
-9.248284545887538,0.5470681258779067,1.0
-0.32371089925775465,-6.408627231992372,2.0
0.829190259601269,6.8618467553106015,2.0
9.184669029170792,8.081106607377183,1.0
-6.543473376785885,-8.250036712901696,3.0
5.420220614656952,-0.8769824507615365,3.0
-9.26020728695911,-2.8407596605628864,2.0
-6.692584869678062,6.860902489770961,0.0
-7.271589517473882,6.5884887316668035,0.0
-3.6719374233135422,8.399795771890275,3.0
9.083094418400336,9.271786055743881,1.0
-7.750694669668108,-3.3669460794441513,2.0
7.511354921368973,-6.115142976449414,0.0
6.977190741418767,-6.338390455246139,0.0
-0.7055451835189928,6.563717703812074,3.0
-0.835902694087423,2.764058287959692,0.0
6.258783574627621,1.7924188839295105,2.0
9.855961396956047,-5.478222692313759,0.0
9.224097680618993,1.4996934230555254,2.0
6.879248982176616,4.081049856706983,2.0
7.835615746683082,-5.306542005641983,0.0
-3.2753632211638077,0.4547737967289436,0.0
1.6488071953967527,-6.988324540597706,1.0
6.18463884399705,0.7294549930400791,2.0
1.161426274690669,-4.220419729403176,0.0
4.004185453869235,8.778523606438714,2.0
-2.395809219450018,-2.1418241319629505,1.0
-7.234767969862894,4.246515617823778,1.0
0.7343888740657718,-9.693028193040584,1.0
4.484658346223732,0.6963810165146818,3.0
9.729573062024524,9.248673528441092,1.0
-0.6828326160093194,-2.3123777067573137,1.0
8.183786152097095,-1.6932549668995982,3.0
7.874015492752637,-3.2570060110635684,3.0
-8.167977529473811,8.733446289584446,0.0
-9.626881857326131,-7.245047427674387,3.0
-9.381209676359052,-0.48686880384829045,2.0
2.737670169167119,-2.7772136691560645,0.0
0.4000217240549908,-9.92309146167283,1.0
0.9526757832957795,1.275456863840665,3.0
7.832725499445601,-8.82617523481736,0.0
-2.407471476053109,-9.533833915223546,2.0
2.7569484675353255,5.7470831088869225,2.0
0.30766599937866346,-7.474490651270822,1.0
-6.713003765904613,7.921605894502186,0.0
9.308319836948968,2.513378430843094,2.0
-3.2457903773390555,-4.130327065365968,1.0
-4.112262011447905,9.797901056607689,3.0
4.642260662220393,9.804404134448628,2.0
-2.4189936902594074,0.8724721961722377,0.0
-9.427372412898727,-5.072926249731273,3.0
5.671226702741974,-6.841673125855565,0.0
-8.05834392279198,-3.2520215645316064,2.0
6.153971717023076,6.5019137824113535,1.0
3.9495437700694325,7.18303451009594,2.0
4.548755089418524,-9.425876637570552,1.0
7.4923834669365945,7.412541860605597,1.0
-2.935105600400629,3.5406755760545146,0.0
2.362052795922038,0.6268165266070582,3.0
2.3539918070637142,-1.6794435909081145,0.0
3.3973473687851303,-4.528666481524047,0.0
-0.9173270974616479,9.80133161225515,3.0
-8.796454970836784,6.983752465212344,0.0
-3.8091099749303936,7.167367851549809,3.0
7.429923581444804,5.688385943180364,1.0
2.978864112677016,-3.072645380123163,0.0
-9.864189735539545,-6.891527083189091,3.0
-8.228838130124903,-2.521326585769641,2.0
9.551249048396159,3.6049830168473243,2.0
-0.9277422175862178,-7.618495582158569,2.0
4.990699819755278,-7.655402467735788,1.0
2.4243517379895625,3.711232948053045,3.0
5.303668719003085,6.486351131445105,1.0
-0.7779906419600362,-5.206062197053026,2.0
9.231402309648395,-3.32042597655132,3.0
-9.004836403722216,-3.929679261189955,2.0
4.628183412282251,-3.2985762548709,0.0
-0.17428520948178594,4.982814539544906,0.0
-4.371352725256341,7.084064198111058,3.0
-2.761967682250579,-8.699763988291503,2.0
7.529564627964575,9.121537678811904,1.0
6.5587455875173575,4.0556345914307474,2.0
-7.090199546139098,-2.74742160456825,2.0
4.107007055623148,0.19729039726925635,3.0
0.9328049528156406,-6.636187374793108,1.0
4.364954025547107,-9.590005309218201,1.0
2.7615341684129664,1.3874565069843854,3.0
1.0677426121991314,5.08654590766027,2.0
-0.7204548707972975,-9.973494864565506,2.0
7.637344291624782,-6.3283414207169475,0.0
6.512667173224209,4.004900306978811,2.0
1.8220275807746145,6.083629574734385,2.0
-2.2854378879978476,7.364443041752491,3.0
3.37415833494914,5.117657715956641,2.0
-8.502262069160114,-0.6908398825466655,2.0
-2.6302499468176315,-8.357571790498168,2.0
5.112208147019871,-3.8215116150783306,3.0
1.847209474463149,5.770326443002578,2.0
-0.8539649002999248,-6.909038160809391,2.0
8.847939914573711,6.631608564124928,1.0
1.2730581136064067,-5.1618285681076,1.0
-8.214258275117189,-6.317963694609416,3.0
-3.454804028178722,7.772935813986944,3.0
-1.6919071428563583,1.6563481512096185,0.0
-7.401321830532104,-2.101367595212449,2.0
9.942282935423204,1.6939968141836914,2.0
0.024672013099380052,4.845236396532382,3.0
-9.79321673295255,3.238605743629286,1.0
-1.748759359384838,6.391222382106907,3.0
-4.9287935309599185,-1.7880861585081824,1.0
2.702108090176228,-2.9096747850560707,0.0
-4.61796870945186,-8.610623856975945,2.0
2.2151758818166005,6.422694972051602,2.0
-9.580027286374701,4.842091700522257,1.0
7.192864025024036,-3.3769578794100124,3.0
-9.295755356845742,9.66027941722734,0.0
6.802770366223022,-7.319296855979922,0.0
8.019705105934715,1.6376413498203934,2.0
2.339496729250916,9.248193020525605,2.0
3.9795508433877522,-6.1642999033167545,1.0
-4.64062841221204,-4.928320735172907,1.0
-8.947799458264596,7.466565655954163,0.0
7.16330295194247,-6.928272422460251,0.0
3.3343993476577367,9.44013806642928,2.0
-5.008638214263883,-5.978021664657948,3.0
-6.983801787228714,-6.343767840402485,3.0
3.5416015646649726,-8.088052840836127,1.0
3.8952886422037185,4.915390228061714,3.0
4.427649160572445,-3.1257548362111383,0.0
6.260781579889681,-5.580215805793831,0.0
-9.202114628853481,2.8583113093298866,1.0
-8.791491063285651,6.110388831015758,0.0
-5.445386428698374,4.2498824827040345,1.0
2.204841558983384,-5.139797500669485,1.0
6.344314349667048,8.863804331853828,1.0
4.696353405262144,-2.579049670677307,0.0
-9.409228106494176,4.261203854115509,1.0
-9.771949023600063,-5.596427862347668,3.0
-4.893142755144155,-8.614364720859877,2.0
-4.163582237043264,-9.851459588187284,2.0
-0.39687205675971526,6.998512980622188,3.0
-1.7372461202338485,-4.453360345132675,1.0
-3.7080569908030654,1.0813555152301628,0.0
-6.9813122300105395,8.718324050908691,0.0
9.988328765720325,-5.133213181917462,0.0
0.4120678016127357,5.329447061870811,2.0
7.401536120024634,0.31733290202503994,2.0
8.567640558430671,-1.558782637700629,3.0
2.8531829487210096,8.146022177493244,2.0
6.782736260911612,-1.9431631981117814,3.0
6.33532072336671,-4.992420082622959,3.0
2.6797111521852486,-9.275077103586735,1.0
2.5596291496221912,-7.643081185732401,1.0
-3.9921469272652104,3.462949720164106,0.0
3.1131808903356113,-0.434834153425145,0.0
4.526714323170699,9.5243472797079,2.0
-7.802112312322906,-2.325175551099856,2.0
7.941085363043143,6.348425654749274,1.0
8.538421486105776,5.22660945250243,1.0
-7.869791255564438,-2.799209016579283,2.0
-5.345581002050932,0.6039350664723475,1.0
6.191026765281528,-1.0194568477479748,3.0
2.6425787099894826,3.125577550764298,3.0
2.7363228137616336,2.1852376743467765,3.0
-7.298323774442248,-7.3081590107238075,3.0
-0.5979000018933291,7.209500786752724,3.0
-6.345101973938194,8.364588608422522,0.0
5.679226497307363,4.05706445924514,2.0
2.324754186481252,8.329701879296682,2.0
3.94186499781836,1.4983166366497063,3.0
4.794271949842555,9.76211901282835,2.0
-4.535187183923258,-3.8874476603878545,1.0
-4.430067161243951,1.195279596666687,0.0
-8.076701679279664,-1.5299654844216182,2.0
5.470986456251248,-6.292834448018471,0.0
-9.84843739536049,-8.016641043685738,3.0
7.556118128608983,3.1892167360095858,2.0
8.04595472467826,4.554878212504478,2.0
7.6929048139697755,-0.5479964743970065,3.0
0.25388620011977636,-0.4385317745897783,0.0
7.513110398481864,7.055573450699878,1.0
4.307763742008628,-8.206840292501916,1.0
0.908054496209914,1.9718171975992682,3.0
-9.157559675470031,-4.686877669153359,2.0
3.4076376992662194,-0.2869486065041311,0.0
-4.5572397581532975,-9.552005510746946,2.0
-0.4198463972686284,-1.7892824099145859,1.0
-3.697643485024229,-8.553213713606429,2.0
5.092202381270788,-5.303145068767683,0.0
6.757861168521071,1.147668276979914,2.0
1.7362825734650773,-6.721443396515971,1.0
7.3735108238211,2.2870569891277874,2.0
2.498030849245376,6.343444314327844,2.0
-3.7072808562482473,2.864374475251008,0.0
1.646331415936281,-3.4587646797747524,0.0
6.577398001344392,4.882404216747847,2.0
2.060970543536966,-4.270321146350653,0.0
0.49770345545969263,0.9089410296727696,3.0
4.5242291937346515,-0.8130109836677448,0.0
6.424054651915867,-6.492286114709687,0.0
-8.651989002238583,-7.632462164979826,3.0
2.609769896343238,6.448702516587247,2.0
-8.187480062670724,-8.22364634924051,3.0
-5.811170291642627,-8.10849836386293,3.0
-1.4709822616672454,-9.693966676163372,2.0
-5.3531609024797655,2.6914602617907732,1.0
7.7743768431292395,-1.2593850896872851,3.0
5.166237906805492,0.8875038302462475,2.0
1.0857957886188032,-3.596878276124185,0.0
-2.703898053962728,4.167950227085846,0.0
9.070396841252752,-3.4544027114050095,3.0
-9.716623615060005,-9.97086164969386,3.0
4.0182324401162095,2.5176592112087874,3.0
-3.8985994684895946,9.922167863816334,3.0
-5.872851905177933,0.1982756247100923,1.0
-5.6418601541371505,-5.3636167898298615,3.0
6.832997250316385,-0.4559669691284096,3.0
-2.8873474307180143,7.335147465846713,3.0
6.173719059548478,-4.704327810915272,3.0
8.178771219484556,-6.044687756221925,0.0
-4.857623613143587,3.521410744742786,0.0
-3.81437279106523,-5.124136738355041,2.0
5.049311705597823,6.562015102288665,1.0
-1.075055302123399,6.63841380054976,3.0
0.8222191120153166,-2.2068485222153678,0.0
-6.932492313306002,-6.402008700870434,3.0
4.935150297614202,-2.9692378479607147,0.0
-1.2056030161855507,6.000388588877399,3.0
9.022770219925683,-5.70517593084613,0.0
-7.031490920342982,2.222234666011021,1.0
7.379227185721721,-4.7970184184309,3.0
-2.922285773498743,7.313477066975263,3.0
1.0725984934154518,8.262743304594181,2.0
3.6996877469711436,3.88709862825322,3.0
4.766047354556598,-2.513558038920312,0.0
2.1119974070758207,-4.207474125640019,0.0
3.507310414044726,-3.11251906122542,0.0
5.905179986026642,2.580390658508513,2.0
8.364510699644654,6.722460276997413,1.0
-5.8958361999729,-1.7809167731224296,2.0
2.9574460796958686,-9.12860822209806,1.0
2.6338714110329082,2.7337463393607297,3.0
8.347996329386135,2.324006345474384,2.0
-6.714292200717655,-8.052868500047897,3.0
-3.103469915861721,-1.1381634001504786,1.0
-3.626168557609102,-1.973369127025542,1.0
1.6462977956948919,3.9827960843568473,3.0
-9.3114790889707,6.8152312982472765,0.0
6.942548219058583,-1.0826671890627075,3.0
-0.6832995422216968,-1.6556381580128523,1.0
9.307479625857127,-1.7931978349161248,3.0
-2.3344693492566186,-9.920316368992479,2.0
-4.396855846861715,8.932118642499432,3.0
-5.119602596835186,8.312556228492149,0.0
0.46068321391461353,-7.237813887318582,1.0
-1.4491232765106332,-1.2785592623223856,1.0
-9.114994754521298,8.900379314409726,0.0
-6.444660182181319,-2.1179436947502506,2.0
-1.5850194779767932,3.032649926367281,0.0
-4.208551238555929,5.827667762366493,3.0
-7.693597996342227,-8.288920407170226,3.0
-5.597926362558983,4.645998524182142,1.0
-9.565331934178054,-4.672640911507758,2.0
0.01922088468731431,2.944754587866047,3.0
-3.4621121842932068,-7.0969016083511445,2.0
-5.121957113795885,2.972590468991772,1.0
4.143816743091655,7.750729473421234,2.0
1.588680418641907,-6.9178315846839915,1.0
4.213948607536226,2.647015950177238,3.0
-2.071496586716057,-2.1158168025097,1.0
6.820813099995743,-9.858491936051053,0.0
-6.788962246494117,4.407034391458723,1.0
-8.080432170201464,-6.529044298613078,3.0
-1.4526657069581574,9.342673371229509,3.0
-9.735229241333705,3.912288339666423,1.0
3.0564223482914805,4.446278810944733,3.0
6.823112235826695,-3.2509449170042837,3.0
-6.21510557509827,-0.5284580618714152,2.0
-1.242923437700707,-8.221981610510923,2.0
-7.298417196370222,-3.3264632311214797,2.0
-4.829133428876271,3.0556377606018277,0.0
4.218229395788676,2.1582733809952543,3.0
-2.4285203958879675,-4.790794620289889,1.0
0.07991204005882047,-5.711888153847962,1.0
-2.3688730241807505,-1.953628826068174,1.0
7.618452050108246,8.88669747800035,1.0
0.33014606583023287,-0.4938983725758952,0.0
-4.640791236261563,-0.5584512474955172,1.0
-5.548898456325961,-4.285697653653759,2.0
-9.695656108211601,-5.365939917427809,3.0
-1.0353334695024223,-9.309917699223124,2.0
-2.0929244760501353,-3.4629472912187946,1.0
5.397186442472584,-1.5453149324360727,3.0
-4.487952052899193,-4.6561255179834955,1.0
-8.098157846525718,8.086995428927878,0.0
-5.722987856525394,4.062187514840719,1.0
-1.4476235522689613,-4.964534582155345,1.0
-2.0459961624679295,-5.272589229772082,2.0
-9.29327749352922,1.4292205346635782,1.0
6.6895318869582745,-3.4465745457546904,3.0
-6.465575763831941,0.7701907681718048,1.0
-8.897523146631903,0.8522176207573366,1.0
9.21284127483986,-0.01616308320300952,3.0
-3.2276845161284324,0.23992543075399375,0.0
9.154736451371797,-7.358436774010036,0.0
5.922909023843122,-7.480183840853827,0.0
2.313227769724051,-2.583633769433007,0.0
-1.53072599104018,3.8713696406237936,0.0
6.31014428619314,1.3208741528512373,2.0
1.3983455022226092,-6.247842002498663,1.0
1.4383825588082146,-8.85547588579582,1.0
9.551596355794423,9.440779321793713,1.0
-6.173273328717295,5.575687245691679,0.0
3.1711808856354438,8.286887370576931,2.0
-8.787615080650825,0.7006232107979393,1.0
-1.3112048200190447,1.0265287591210654,0.0
-7.415618026452567,-8.679025810576643,3.0
-5.645859002361844,-1.6011496526863809,2.0
0.9500356435701445,3.6868723445650105,3.0
-9.6386101432268,-8.220988037126094,3.0
-4.272340331362554,-9.002467562837706,2.0
4.910258177930265,3.7673465899534886,3.0
-0.199349470674397,7.4009627085399465,3.0
-4.510402441467534,9.477872821861133,3.0
-0.10454089493029528,2.060004295333213,0.0
8.849183084574083,-5.214064853730238,0.0
6.648435977662089,-7.569722274487745,0.0
2.72382549678783,7.628896942157681,2.0
6.796041240025133,-2.257757586206215,3.0
2.5131755430160485,-2.456284676677118,0.0
9.077978444330547,-2.8096455081554694,3.0
-6.232532811294296,-3.9059976462907002,2.0
0.6962397878333384,7.803614483841585,2.0
-6.454685769529487,2.2051889905421973,1.0
3.391666686591517,9.521112832188383,2.0
-4.106920786636752,-1.2903848299408693,1.0
8.664073501786259,1.7701635146137935,2.0
-6.329767026297843,-6.795068934119827,3.0
7.751700490855786,4.231383341613151,2.0
-2.136708580590758,6.231420021873518,3.0
3.1803703214812664,5.415798480942055,2.0
-7.384614515158874,1.8017777540564914,1.0
-4.462672195237132,7.330107481760585,3.0
-2.053859432933929,6.3189414028646524,3.0
8.50627954479263,9.301523737575408,1.0
-7.0928315268041064,5.288866927656848,0.0
7.483811216679811,0.34618995917799644,2.0
-6.5960595733170795,-1.934907745744729,2.0
3.8559329443389156,4.962009909014519,3.0
8.612164215397115,-9.104730893931258,0.0
2.3823306935008723,5.390608579678437,2.0
-6.270781831893622,-8.290668467612011,3.0
-7.644522104717357,0.007298461228304021,1.0
8.319503339026358,1.047441770116155,2.0
8.916567721631598,-6.148230547334981,0.0
-3.339112706969636,-5.301274029913918,2.0
-1.722425304664771,2.7105198397119246,0.0
-0.7379384826946538,-9.405476724345016,2.0
1.8053390738317283,2.049186654893271,3.0
-3.6922150572634216,3.9985529250456935,0.0
-9.972130665080005,5.653837031719146,0.0
-5.633489942879275,-8.796976165589909,3.0
5.893553647408169,5.577691985712718,1.0
-5.261567319352924,-9.700335171655096,3.0
-4.716280615862692,6.279213122249313,3.0
-1.2090322767404604,4.016673644563218,0.0
-9.54383032101634,7.371509126585288,0.0
-5.628373760363536,7.03915154574538,0.0
0.10895228771118859,-8.851705036696364,1.0
-6.928716981192904,3.6089814634723894,1.0
9.184943741009231,-9.619229252517869,0.0
7.924538280236693,5.024367935335693,1.0
-8.200709304467397,3.121072962551292,1.0
-8.624243318134251,6.578598764626328,0.0
-5.228627969623134,8.435245340320975,0.0
6.06658693831519,-1.7345728634627555,3.0
0.9686349459567865,-5.9064579300418885,1.0
-9.651946850734634,-6.077913708567406,3.0
5.854947674779821,3.531240923651369,2.0
9.91382359977353,1.737598143293674,2.0
-3.1540421798785356,7.268607406129448,3.0
-8.247687965451922,-4.30666943453055,2.0
-2.3324442039800157,9.681547601941705,3.0
6.335309117695587,-6.357351194728881,0.0
-7.756905654618793,2.0355938896635895,1.0
-6.705498964425893,8.801771017611017,0.0
9.797993733911241,-7.635113640242435,0.0
-0.1603072821903222,-6.9994502660902995,2.0
-4.019505363892977,-2.7944425444354177,1.0
-0.17482737020468164,-0.7571128231130491,1.0
7.483429639201926,4.035706880882916,2.0
-7.994567056451595,-3.2236575379234527,2.0
3.7419400111603487,-0.4719185931052916,0.0
-1.7244112320016196,0.6283009010593794,0.0
-0.2925861579605886,1.1791444200450503,0.0
9.0485847268402,-8.676014968659164,0.0
-2.718028895535758,-2.177852796913786,1.0
-4.1217046292652215,-9.42081395120419,2.0
-1.483012583106298,2.2070652863188123,0.0
3.276518243999334,-5.11883422458795,1.0
1.340795539035497,7.9924567177701356,2.0
3.965819033648124,6.985367017254273,2.0
-6.385074332880305,7.079038985147996,0.0
4.53475346873015,0.23879672837470167,3.0
-8.450540395551169,-2.0211529693540182,2.0
5.410574309430537,-7.699528566953089,0.0
-2.322251504918256,8.705671271096506,3.0
9.037229902179632,-9.268043078490248,0.0
3.42702997661144,-9.362649413737802,1.0
-4.640995453908518,4.719334079853336,0.0
-2.7491462333215733,7.6978051324780665,3.0
0.9827393952127021,6.913372981100551,2.0
-1.7586723606040557,-4.554927809558212,1.0
5.7753934959416995,-6.201023603485584,0.0
0.20434874424332072,8.643968452082554,2.0
-7.575205891761274,9.102640978842818,0.0
-1.9007510272761952,-7.384881120179427,2.0
-9.891980336259888,7.175271145956263,0.0
-7.7727595093618,-9.27357389088548,3.0
3.403655155986989,7.5865313833103585,2.0
1.4442931834934498,-5.565779737314516,1.0
-3.826888261243968,-4.4777167620503615,1.0
9.866325715393039,0.988311362805554,2.0
-9.468222273898272,0.209536960117223,1.0
7.633688467817294,6.423836133127526,1.0
-3.1815010715458776,-2.787961147125813,1.0
-4.647267953171124,5.08910512694561,3.0
-3.6304492602445944,-7.030455202437085,2.0
2.5615357978344413,3.4801849838358656,3.0
-3.5540934064507557,5.057892196998905,3.0
4.359053639729694,-7.6344908929985555,1.0
-3.746874833226615,5.542096516589318,3.0
-1.774304967232002,-0.6028423038003101,1.0
-4.021562412365299,-7.758458877576484,2.0
-1.0099130285202929,8.503841837336552,3.0
4.997648254023348,-7.118812124657996,1.0
8.669175462974867,9.25681505805342,1.0
5.33236716537113,5.09697484906377,1.0
-3.827197350740839,9.974635221682384,3.0
-6.044665774539535,4.774653729321292,1.0
-5.334298563327784,3.409669692993498,1.0
-1.2711104575665733,8.790874488222887,3.0
0.7301153339296178,-3.2595701427147468,0.0
-0.4962115294274234,-9.81961165834363,2.0
-2.159967921867443,-8.504955271459501,2.0
-7.356578440660004,3.061299448507029,1.0
-0.7221729694939487,1.7726349872032028,0.0
-8.38319132701837,0.31381450409945444,1.0
7.295741695396618,8.720434281252967,1.0
4.032574752846882,2.7598971770979226,3.0
-6.006776383908448,6.037098514903644,0.0
8.238026025587125,3.3781082435482332,2.0
-7.9506382514363105,-8.21245084196584,3.0
6.443037861270305,1.825724347919909,2.0
1.4881881440592437,2.3217126979799225,3.0
-4.497500562357706,-6.764088710339486,2.0
-6.941938147822726,4.607476386157272,1.0
9.417138579721168,7.477711856328167,1.0
1.6360418385374764,4.1586974869963385,3.0
-7.126739602625987,9.827597275348388,0.0
-7.815391843836929,-2.286155924595321,2.0
-2.4072253561713053,-2.8927849621867363,1.0
-3.0529670449840456,-6.246835462789835,2.0
-6.606129389169595,-0.9797983861746946,2.0
2.6721717739655677,4.1097080295730315,3.0
5.663230295436154,5.239492819747884,1.0
2.7582667308170645,-1.391286209303626,0.0
3.6408879443839623,-3.219739583984569,0.0
2.822214880608925,9.254965161670043,2.0
-4.653798492221403,1.122186846989507,0.0
-5.890938669524179,-9.483858518685578,3.0
-0.3943804817615302,-0.6531553116579314,1.0
1.3220570432054561,-8.034690857280696,1.0
1.205522828746087,-0.7814145434857611,0.0
-5.344275731243425,3.4644884265513127,1.0
0.42608613961961694,-0.9516870717107739,0.0
9.845260211962248,3.1217817786204876,2.0
-1.3407698564465687,0.8661834691184929,0.0
6.229899205336025,-0.025396918533838075,3.0
-1.217336438808358,-2.397956126741767,1.0
-6.2438728524958105,0.2907399963341639,1.0
-5.303252279694249,4.925448993618424,1.0
6.625076844060189,-7.430774616611173,0.0
7.662890002521689,0.599384166509429,2.0
7.738494470580417,2.372772100598908,2.0
-9.405610952687626,0.6852414931429323,1.0
-1.1249325440707203,-2.462397666632759,1.0
-1.2553277315276308,8.570483274064816,3.0
-3.762624220194441,-2.7086698295086116,1.0
-1.141057502149657,0.010487350538777918,0.0
7.2707279538349034,-3.4068361791774127,3.0
0.5493443342350233,-9.979845804374655,1.0
-6.6997472729695335,-5.442812553501069,3.0
-2.310545803528501,6.434068714174003,3.0
-5.415820790905541,-7.166595095460573,3.0
3.055854124237783,-8.853388802106322,1.0
1.3330217137800062,2.4867220609237073,3.0
7.607302192205484,-2.4958421089652427,3.0
-4.261421189490178,1.7697475153368725,0.0
-2.411454351767823,5.254918856362064,3.0
3.779639120992023,-6.7848326897055555,1.0
-7.526197204348632,3.537304321476949,1.0
3.95008953371007,1.0098301300021557,3.0
-7.435137412278216,6.000140053556716,0.0
-0.229911059270405,9.164454021859918,3.0
-4.8902722722103364,-9.40949393539292,2.0
-6.893217402102789,6.071126352484278,0.0
-7.354131163102712,-4.319949051119973,2.0
8.14519009628189,-2.871533889625666,3.0
-6.730869171722224,-1.141871259887763,2.0
6.704780437716373,-3.768260987306391,3.0
0.3974316650569705,-7.572348115196858,1.0
-3.834204089193827,-1.6812502273084124,1.0
-2.568038819783933,0.568303222417013,0.0
4.939618785676982,6.079134789825542,2.0
9.608400872882076,2.818531307247232,2.0
-9.257914072276263,-1.2395907805034962,2.0
-0.789832479182472,-2.0786992935260944,1.0
2.6889422552128117,1.583585302983499,3.0
8.080727907439215,0.9420417721184755,2.0
-6.978543282275888,7.028423713075387,0.0
0.5158822735799635,1.3435229731334903,3.0
7.702871607506459,7.52428727871003,1.0
5.766453604595199,4.912707931674978,2.0
6.55532528725977,-8.410812244065248,0.0
2.8994363968640453,-2.2748151562250163,0.0
9.127759670636284,-6.024778764965819,0.0
-3.8326066974096884,-8.487097469920089,2.0
-6.230508916441355,7.407171942265208,0.0
8.638681013080227,3.6244275989318897,2.0
2.760822271400089,8.23772157893092,2.0
-7.307920997454557,-9.64766062015264,3.0
-3.8281660463502787,-4.80963953015671,1.0
-9.256531753535814,-5.551865411945805,3.0
-6.807670215668413,-5.499745473664277,3.0
8.917127886517555,0.695940792846443,2.0
-1.7712494348973777,-1.5965584266671016,1.0
7.364587008898301,1.7567104657982906,2.0
-0.023685978527288043,3.9902207439037483,0.0
1.4048006258308412,-8.642686553054219,1.0
-5.302237762903303,-0.6913783314289361,2.0
-9.53337341672534,2.0380182528835,1.0
-4.529502412932036,1.3435541855031232,0.0
0.6404544451437992,9.963430534483994,2.0
6.264008922184271,3.460034606794423,2.0
-9.795524404033175,5.375212630376211,0.0
-4.783152874944772,5.649813216221739,3.0
-1.8522036316673667,-5.0306580020211396,2.0
-5.578528000159226,7.838626427443877,0.0
-5.119702017136043,2.2134930818223264,1.0
3.447459523727103,9.701166266661406,2.0
0.14479227056314592,5.6250881355719855,2.0
2.361589964750886,1.9659205789878058,3.0
-8.65286824309759,-3.03381380867571,2.0
-7.830804326827032,5.796819957852131,0.0
-3.3928586338945372,-4.9601295610031055,1.0
5.624674722126414,-0.5036252415701554,3.0
8.010863159920405,-1.894399656807277,3.0
-0.3810947177786872,8.235163689887173,3.0
4.809223732889599,5.1034741564383435,2.0
6.257917243595152,0.6777937891680565,2.0
3.790818921604192,-7.446831276044681,1.0
0.2594500505993125,3.989596104539917,3.0
5.456763325257661,2.604454655649942,2.0
3.7394673247280696,-2.2149095140511843,0.0
9.643686630577857,6.304249644032797,1.0
-3.688560618815342,-5.905476117729888,2.0
4.316194688411228,2.685855583249591,3.0
3.730825844673525,2.079538957313778,3.0
4.801943500966058,-1.9952188041187213,0.0
-3.2391896086046135,6.846161469451889,3.0
-6.822374245208542,-2.481414021407349,2.0
-9.148267280079022,-5.673904998341525,3.0
5.257407967091796,-5.989442470078021,0.0
9.042773062622413,6.463872693987639,1.0
6.912089589006467,2.730938783438548,2.0
3.8686262241397635,-8.040401959554448,1.0
2.6055377854071544,1.1400467591416117,3.0
-7.170726673916155,-8.357954992287164,3.0
8.296059765950222,-2.294252164663977,3.0
-0.6382941919851763,2.5440077056043453,0.0
5.267913286937889,5.844611052889395,1.0
-5.6654728888016965,3.1698435375041694,1.0
-8.344330006330672,-9.208364304686604,3.0
4.606769366267869,-2.8050262919990576,0.0
6.613656821121818,-9.332222397955832,0.0
-7.867690494178157,4.070656312908296,1.0
-6.93138569175288,0.7770192266521327,1.0
9.278496641623523,8.693252695266011,1.0
-2.427061718878334,-8.39849024847463,2.0
9.697042283495136,-0.3844730952753288,3.0
3.725912379874,-1.5624551884702527,0.0
3.010642695351116,-6.446461689471501,1.0
-9.743083497914073,7.286532253309204,0.0
-2.2193650838771557,-2.9376636904053406,1.0
-3.208700983110875,-0.00131975015885466,1.0
6.469522227066619,-2.919583157042444,3.0
9.40591388266932,-6.2183271963245,0.0
2.7415358297218546,-6.922452520716131,1.0
-5.114539635245354,9.364751351539567,0.0
8.03457353772249,-3.547329498380609,3.0
-5.274245055485489,-7.00596675534719,3.0
-3.740518055435116,3.2643201002207984,0.0
-3.345085589248418,-5.853707739279937,2.0
7.867169356003799,4.483350421612954,2.0
6.282942712621814,3.206838002923451,2.0
8.653883759546893,0.9259129187739816,2.0
-1.2752873425204907,-6.606682582759271,2.0
-1.644830166168985,-6.389778679200555,2.0
-2.5209969706554,-2.0837130513415048,1.0
6.920865851043526,3.8255870497759314,2.0
-3.012778653407759,-7.615249311181367,2.0
-0.8198721347027593,6.085441790543694,3.0
-8.934884050832991,-3.8613721478368817,2.0
1.3402067874952799,8.438171193633622,2.0
-4.691488097904402,-6.598488155722267,2.0
-1.7162256376322347,1.4123983366154143,0.0
0.8290606647731238,-3.9104902412108284,0.0
0.6545230047082775,8.36984404548986,2.0
-4.589072505993597,1.7578498065365302,0.0
-6.062598247850596,-7.152493052039814,3.0
5.470801541888509,-1.6334971411035895,3.0
6.729108644088505,2.7372014339853052,2.0
2.119029402410151,8.588826689295004,2.0
4.678513056047727,0.046800680140989925,3.0
5.468084220026061,-2.102504403595984,3.0
0.13548974353958698,1.5099260592416144,3.0
7.859969666707521,-5.907893070495369,0.0
5.25871797141377,8.368196985037098,1.0
-8.53564723086665,1.1297953065768613,1.0
8.288301955527068,-4.578111882358094,3.0
8.010554858197764,7.4171163962109325,1.0
-0.5103084554067436,-3.876367824584692,1.0
-5.036720933273864,-1.742567270676041,2.0
0.7086443281632899,5.287577394336649,2.0
-2.3277726245446466,-4.833507122008411,1.0
-8.452044022119441,4.497638947937681,1.0
-7.844520892340228,-7.700135214319815,3.0
7.537919666830689,-9.17845905815483,0.0
1.3673056751708863,9.865282326522056,2.0
5.942856026174496,-1.376318791686975,3.0
-9.036166131679524,2.548523629620851,1.0
-1.984797778765632,3.2545316011645973,0.0
9.897415350373869,0.9068011049157185,2.0
0.8288880034660266,-8.279315261020454,1.0
-7.0055965033863,-2.7268550251444967,2.0
-7.592543083408856,-8.054218557131161,3.0
-3.6055895833819074,8.904649533385218,3.0
6.553347270780133,0.1167426740453621,2.0
5.786281662687712,9.861541412419609,1.0
7.792654142471658,1.983774964673568,2.0
-0.9202717271858667,0.02655147105301303,0.0
4.216761897883536,2.0575429491119994,3.0
4.545451263124647,-3.6152448524098313,0.0
0.6116075107824344,-4.827062682984931,0.0
-8.056518158167806,5.680202231278681,0.0
-5.017592790319238,-3.8822559166671233,2.0
9.761704657381436,6.0724251067973185,1.0
-3.2703835224929456,-0.6796343706478147,1.0
6.106072042937328,-9.40310443378959,0.0
2.341675149582132,-9.634555510039512,1.0
-4.464401457668698,9.095356260966206,3.0
7.10913187795925,-2.990702616399938,3.0
6.355555201505609,1.3181699994489993,2.0
9.097785321386581,-7.03481489246882,0.0
-9.189701410669318,-8.547033003829503,3.0
-6.757953281561948,-7.72459254686863,3.0
-3.3793912755731697,1.079148583962299,0.0
-1.4518990654280657,-7.4539537364628705,2.0
-3.5523809168616953,1.1815947591112241,0.0
4.1169874477782,-4.630902985537057,0.0
4.94770121378785,3.2324290248453593,3.0
3.201929740620619,4.210875652933954,3.0
8.515367574697336,0.7010204282704198,2.0
3.449346381497689,5.842831516794343,2.0
-0.9120112916395957,3.6123555526059796,0.0
-1.887880423831474,6.123655638217283,3.0
-9.830763583460548,9.013096835274268,0.0
3.4974133690387372,2.1834411166035075,3.0
-0.34382540787507665,-1.419305283017101,1.0
3.914667898336159,-2.929938352967616,0.0
-6.323093352228328,4.347142042611377,1.0
-9.400748260877492,9.249410308787937,0.0
-8.991855711768489,9.731676305713698,0.0
7.757987845794709,3.1970799898956255,2.0
-5.448767734556313,0.8733145244217511,1.0
2.5316402526255537,-6.086812162773587,1.0
3.7528936621577724,9.867147757338412,2.0
-6.614953936083854,4.013718475715564,1.0
6.747639735124078,-8.440258103277145,0.0
0.7384513751345203,-1.7254089640024475,0.0
-3.1916209053626616,-7.417257622088387,2.0
2.2896551141178065,8.324855757271699,2.0
-4.397033515705456,-6.722430117868205,2.0
-5.643678253500751,-4.39715317860065,2.0
-0.20212178416979576,-1.0870838112812837,1.0
6.26586652461058,5.312136020731895,1.0
-5.67204846570352,6.174698595753977,0.0
-1.8278127995487736,7.7586577475858896,3.0
-9.521915790791969,2.0119060969959826,1.0
-2.165264349674163,-0.7208850787117154,1.0
2.183758398239654,-5.042411997025775,1.0
-5.444521441886623,1.946125288923703,1.0
-5.748463768229167,-3.2091480297399215,2.0
3.6017100925305634,6.3435344143809225,2.0
-0.6104350689013032,-2.6144837912953767,1.0
-7.08048067806081,-5.630209144771488,3.0
-3.438134804507314,0.549810886961211,0.0
7.463649397750121,-1.4600766458880639,3.0
-1.9835407198522468,8.764239624971449,3.0
7.8411499093534935,-1.9203051007144722,3.0
-3.177944864145301,7.6084650165153,3.0
9.125156160163922,2.8618601076497363,2.0
-4.720032195020448,-3.4174424315219953,1.0
-9.565170964681275,-4.5955441825515075,2.0
-1.1571702171966152,-1.8831442179049862,1.0
7.84853328248855,6.391064429713907,1.0
-2.235669092249286,-9.061849947174549,2.0
-7.196678039952388,9.218933815200966,0.0
-3.4748365995489845,-5.400991276535123,2.0
-2.793199892406397,6.414852599874305,3.0
-7.933189171402269,1.666534754735956,1.0
2.825106152615561,-4.351739408956508,0.0
2.0748678336400026,-9.30550859774648,1.0
-2.8899960031401832,8.302220935309666,3.0
6.760428796753189,-2.0041140608712755,3.0
4.45592933613945,-9.73407845224173,1.0
-0.1053076496688572,-8.947177487995571,2.0
-5.8367902889325185,5.027688654144519,0.0
-9.054041041537975,-4.784223857923566,2.0
-5.979265857422282,-2.251390590100315,2.0
-0.1374771232301697,-8.880843121767663,2.0
6.761078877289805,-4.729380530120945,3.0
-0.2807594463860159,0.18774585960214552,0.0
-9.689010237647803,-5.866595024355863,3.0
-2.918330822926598,0.41140119246714235,0.0
1.9125151834461747,6.755755841578942,2.0
8.11426577060838,-8.477638274777267,0.0
2.0260382279412585,8.304511035961198,2.0
-3.3502059465710277,3.5278628212337804,0.0
2.592034829299987,-5.508310979575191,1.0
8.267729608337394,-3.194538286682487,3.0
-1.2307224093551898,7.410177534343461,3.0
-9.442420824019958,-7.077358522254769,3.0
2.884897509453756,8.514459851435866,2.0
-7.057592660401144,-1.0180787230144261,2.0
7.324795493831822,3.7001674648053022,2.0
-2.1725360388434005,3.814896563728869,0.0
-7.952007313599914,-1.4070393510207957,2.0
7.54321892552003,-1.3402096755224662,3.0
9.317048210729666,-7.449596725402749,0.0
-8.912315311629133,-2.5679726012384148,2.0
-6.609820894469061,-6.4629893986183795,3.0
2.0933450550073207,-5.960386310814448,1.0
8.56130559477419,8.93476295705938,1.0
9.714205173581409,2.9045234011936643,2.0
9.891054371023362,7.095833460408361,1.0
-8.004892166663687,-3.5574747794737753,2.0
8.210854153423849,-4.585533061776362,3.0
-0.5197424816137826,8.391336376825542,3.0
4.294847496026243,-6.023252921150634,1.0
3.561204586191316,9.871216093618752,2.0
1.5665779416512358,-1.454551487152191,0.0
6.376568964648847,7.1560517010753735,1.0
7.747068544502625,-3.960840034946534,3.0
-4.566430128494852,-0.6646672088757004,1.0
-5.641531887224169,-4.888486587261609,2.0
-0.059935393332642306,-0.11392730063826662,1.0
0.4260076806492723,-0.9723128932829166,0.0
-6.488668431230149,6.2429663855239355,0.0
1.1426329485437101,1.1412714054173136,3.0
-0.6872515636364263,-4.743699199270397,1.0
-4.786758919278908,-6.9861145643349865,2.0
4.646169814296595,-3.7712044060059817,0.0
-8.115427608529702,5.421361413474772,0.0
-5.457505378274437,-3.1656263069382113,2.0
-4.063057489955108,5.066961583978038,3.0
9.359043323267585,-1.6810675048766868,3.0
9.910707022482633,-8.484674774189312,0.0
8.64829769915189,-8.70844739079587,0.0
7.028848230240477,2.1599922743781246,2.0
2.999273335350578,2.2218066978192184,3.0
5.117108475448784,9.519539857076047,1.0
-2.164091711956784,3.207002912202574,0.0
0.610307202824707,-1.5892368997941482,0.0
-6.201185605554615,-4.052752560448585,2.0
-5.012470213993643,9.994248953190151,0.0
-9.23309790522544,-8.338114629575262,3.0
-5.329636489142033,-1.0208421198497355,2.0
-2.833778038824293,-3.532664379689068,1.0
-3.664097292317381,-4.501591462142073,1.0
4.568496676636144,-0.6471857344720906,0.0
2.5634831413650048,-1.8877382893523276,0.0
2.76093347969881,-5.173460955587091,1.0
7.692429522627336,3.2388193127592224,2.0
7.49261201313254,-1.0133538608733534,3.0
3.435520670039967,-5.739999189114135,1.0
7.539426496006019,8.024061791990718,1.0
0.3515329202088946,6.34353875928775,2.0
-9.898221210404257,1.3032729831786334,1.0
1.453943404743871,-9.08546249565287,1.0
-3.188572522899742,-9.500973207817587,2.0
-4.248865799337127,-3.8517612686173948,1.0
0.007499749283720547,7.787003392085822,2.0
-0.3753527607666598,0.9640545706553834,0.0
0.23238428766065589,6.270699685731419,2.0
4.228893405536773,-2.2151390374194797,0.0
-2.3912861882361547,-1.3607872284486184,1.0
4.781224640953585,3.5852434902918056,3.0
-9.57873686789491,6.175795687875755,0.0
0.16200276581601436,4.443775540595658,3.0
-4.442426780753164,5.447208824449115,3.0
2.177116087682121,0.9619011340555321,3.0
-0.88320654038505,5.6400936737395035,3.0
-0.07254549185270065,-8.57070640189944,2.0
0.16813621833693126,-8.393191614286682,1.0
-5.117223560694866,-2.7587241699044736,2.0
-1.7622179564943359,1.556642610047934,0.0
6.826211977470795,-5.517939942358789,0.0
6.693212115961813,6.958316323174106,1.0
-5.541935894883792,-1.6100347926577818,2.0
8.179704301956438,9.793101011401685,1.0
-6.576411325985509,-7.181323715266197,3.0
9.41917552574428,0.8813771337904974,2.0
-1.246011275755503,-4.960214070307005,1.0
5.359391380509045,-5.690009003789616,0.0
4.212236517373519,0.05660715246817105,3.0
6.238575735433315,7.228423729172771,1.0
-8.292577579143893,-5.081451537486423,3.0
-3.1424444199896513,-4.751379018218211,1.0
2.0012981917381225,6.317418739694173,2.0
-7.773092497801675,-0.3196617810516482,2.0
3.2087072901425646,-3.700731106821255,0.0
8.398419988051998,3.9656813003222506,2.0
-6.558427465483505,6.5715815161651605,0.0
-6.708976328132017,-8.952848089442071,3.0
3.84262900194582,5.865570200491394,2.0
-9.787281385818172,4.923057502810577,1.0
-5.710898720948077,-1.9197082796573213,2.0
-4.124833270077001,2.852455624993297,0.0
8.568251677311334,6.89073461285707,1.0
-4.350514951175164,-2.6328372933261175,1.0
-8.039875896385384,-1.3025948666738874,2.0
3.5367012259331077,6.160285608459795,2.0
5.01194451847695,-5.036067665416962,0.0
-0.027571309602114624,3.06186558090371,0.0
-9.256954300114263,-4.3600191278836515,2.0
-9.40420195373653,-9.33673915327268,3.0
3.5296103535185193,-6.154034836656308,1.0
6.601439769805289,6.883029368554155,1.0
9.48584849766408,-9.65042912739873,0.0
-3.898280855395231,-4.2911721105045375,1.0
-2.8837157749188798,-6.715659498621928,2.0
9.923836108829143,-9.321573389340571,0.0
0.29932876389725394,-7.558596209436994,1.0
-5.404014657983023,0.18322677206808358,1.0
7.157160636940812,1.075847446669627,2.0
8.409733834536304,-3.5809787177103907,3.0
-4.950799173227402,2.3001894607875855,0.0
0.4452049878737707,-1.385714438797642,0.0
-6.8415960813798655,4.032830573015609,1.0
9.304929454645276,6.613725734679832,1.0
7.570209351707806,6.513361757520187,1.0
-2.2822745887019185,8.935724983147473,3.0
0.44633442228603215,-0.06420373946140501,0.0
-1.566296564305219,-5.736520558878498,2.0
3.2072505737517325,9.856810918270103,2.0
3.424816825570824,-5.906269718773991,1.0
1.2529237887080473,-7.902372939902856,1.0
3.479828092869731,-9.996365511881535,1.0
-1.8737112173520583,-2.47673032206309,1.0
4.627168964751068,5.892305788198177,2.0
3.4856705249666042,4.786574295721486,3.0
-0.7360926589337318,-1.3498785744532764,1.0
5.7498203722766394,7.837324432946893,1.0
-3.8998638600344293,9.085434688934392,3.0
1.4130286660869213,9.003880755816784,2.0
6.153496082573362,0.9355568076618823,2.0
-0.9163474908434068,2.066880422082109,0.0
-4.845688197844183,2.453247693180769,0.0
-5.121025676197348,6.219897784670401,0.0
-3.9277166625522746,6.920702138228712,3.0
8.437891501693361,2.9111310097914096,2.0
3.58729717123615,3.3511586152787523,3.0
-3.042636679959296,-4.991554183142206,1.0
-3.618756118236444,-0.771249448684797,1.0
-7.594766755990314,7.672989225298707,0.0
-6.012001123140525,3.083788371184914,1.0
6.030633844242487,-4.06121947522384,3.0
-6.4639052610396375,1.6886194132986905,1.0
2.7820199054519037,-0.4515319647932454,0.0
-6.052267109619052,-2.7063228887266337,2.0
2.6340551909494447,1.7682082052632566,3.0
-9.645133031402025,8.57852850679597,0.0
-9.094838273697793,-4.945623792829615,2.0
-4.521725914111949,-8.780894878824792,2.0
5.495026449787932,-4.816831970894169,3.0
0.28226664999609063,9.452655343055888,2.0
-0.43494574099863215,2.9334215139235695,0.0
-3.669266156696221,4.261533103021373,0.0
3.536980011349941,-0.007256231059784568,0.0
8.58272248102558,-0.947588786264328,3.0
4.115171506271187,-1.0927093376886532,0.0
0.4279367900646527,-2.427624182808403,0.0
3.722214140301549,-9.535552130879932,1.0
-4.391186091278028,4.8231630034412,0.0
-7.8260842992941875,0.958643781645991,1.0
-2.823609634167412,6.172272850876006,3.0
-6.597325709099843,-9.022380592755677,3.0
-3.9658954840318117,-1.5411646222570745,1.0
0.37919881087263896,0.6463982868407783,3.0
-4.984306649450212,-4.175647666108238,1.0
6.221329295872874,8.039196381462599,1.0
-5.696078766298028,5.270171494743124,0.0
5.951325357096808,-3.549611412111064,3.0
3.0885390787324507,-0.5068037440992406,0.0
8.49115224500244,0.5914765829569646,2.0
3.0575506181060312,6.050289318857796,2.0
2.22088013824534,-6.046577929556123,1.0
-6.86804174974625,2.67218127929587,1.0
8.020039304605795,1.203596223973463,2.0
0.5905928197660675,6.811929789192682,2.0
-5.636999496381241,-6.212060546645441,3.0
7.480342672109433,0.28037941975393466,2.0
-8.462179994297509,-3.2828262963233534,2.0
2.759178420678335,-8.537171410387348,1.0
0.7153669239628719,-8.578910810521332,1.0
-1.2681445823821775,5.805377737595045,3.0
-0.021176174517158586,2.19825877393777,0.0
6.234654464219311,-8.193804374538683,0.0
-1.7338924603029504,-9.963639607685419,2.0
-3.867191626150941,8.815587437362325,3.0
-4.186040817099872,4.219962665483356,0.0
-1.8036977025122418,3.00922194942034,0.0
9.61721467413706,-8.38279715591986,0.0
4.871736144983647,-2.3947564270265964,0.0
5.91747566162894,-6.0282079542382245,0.0
-2.838220530562836,0.3711309618982206,0.0
6.625582451669981,3.808924645020582,2.0
-2.722538663944576,-9.49748181729969,2.0
9.10269969039679,-0.7742689665193598,3.0
-9.165469661054084,2.976424161483637,1.0
6.444709966363256,1.808074356599608,2.0
-1.499123336346111,3.0986289044616893,0.0
8.805056019226772,-0.52869241018184,3.0
3.380549685666608,4.687274862230684,3.0
-5.945610217916004,6.5624665027024385,0.0
5.271486000937916,-7.841074093922713,0.0
-0.5228339335707091,6.990540663848282,3.0
8.925909866845348,-3.1863965932336065,3.0
2.0481697005299164,-5.654243977721876,1.0
2.9367729851038895,-1.2635141905118736,0.0
-7.964486643025093,7.59919741292078,0.0
4.813497735292891,-0.6909095033154067,0.0
-7.212456032448289,-6.119448034986963,3.0
1.3398567649807287,5.276798142183591,2.0
6.402060265086497,-8.888869877266174,0.0
3.495606161903652,6.472995838072791,2.0
-3.090273852085634,-2.357364827632706,1.0
-4.1987496052411615,-7.984225303792714,2.0
5.721293499753873,-6.484302348696909,0.0
-5.480349202317698,0.5133802553409019,1.0
-1.22697907140312,-4.074804208064737,1.0
2.733227577746087,-6.538480624600586,1.0
-2.4769714967087015,5.066070824552082,3.0
-3.4904845716946875,-3.3217554310667907,1.0
2.705939685603232,1.7171120436493332,3.0
5.727099083799834,9.535209860759423,1.0
-1.1429452333496197,-0.515633066623856,1.0
1.2243606389241037,3.977883519924532,3.0
3.547580001616872,6.39462474340316,2.0
3.7781998305801885,-7.742253690271466,1.0
-5.755722659329803,-4.717829249030743,2.0
-6.2416700630848005,5.150410152800866,0.0
0.580300700863777,8.44967301528419,2.0
-2.8159007340494817,0.4005215131225448,0.0
-1.0672871236292245,-6.721584766186012,2.0
-4.838323584354045,2.6127031590657186,0.0
8.803791389730758,-2.9630360563656133,3.0
-6.846384383786706,4.47894680824842,1.0
-0.4495246631662546,2.7122406059340243,0.0
7.676556402716969,0.7821005412938717,2.0
0.5281316417890238,-6.278167364020506,1.0
6.269767401073118,9.742345276535833,1.0
-5.89505739825285,-4.837546422792389,2.0
5.323530709091447,5.351699524033577,1.0
5.775501305224202,-5.507216485340811,0.0
-9.584033655421889,-2.63910768693626,2.0
-7.054309265222507,1.9933042257285756,1.0
-3.096150874599825,6.972932431735963,3.0
-1.768757095586178,0.6324346727445391,0.0
-8.270740866519667,-6.746621695759183,3.0
-7.928230005265455,2.2437325298474438,1.0
-5.1753740635288725,0.2152027250660673,1.0
-8.19790233656607,-7.2668142837290635,3.0
-8.529087720301902,-7.625589143009424,3.0
4.616027497057644,-3.755072295356408,0.0
8.288194111460843,2.8682728833283377,2.0
-6.065991885579372,6.558502648741367,0.0
2.5487774561602645,0.39197529342217585,3.0
-6.603057003567092,2.997305960473806,1.0
-8.109943636365319,4.913299036216275,1.0
8.53172868511933,5.870029601081413,1.0
-7.370748197005312,0.8931017172050133,1.0
-1.171369873662389,-1.7038357512770084,1.0
-0.6676925422056179,1.6967805068908142,0.0
6.830848113838915,-4.379291433083159,3.0
-2.401343328057772,-6.028243690392849,2.0
-2.2100118928516572,-1.4153434561600893,1.0
-8.848307966552893,-5.926342859534914,3.0
-8.499432994660962,6.408138424154782,0.0
-5.661357829069527,-0.971250185669275,2.0
-4.46086384068439,6.888604461344258,3.0
5.317226630614364,-9.192849421364492,0.0
0.8770059672210806,-9.947574192103275,1.0
-1.0109970403602127,5.437999859617328,3.0
1.066494814962855,-6.465582969889976,1.0
-2.8936938969465125,1.400206741988967,0.0
2.8708239408622394,-0.48742554132734917,0.0
-6.406001224426192,-8.769771399272129,3.0
1.8546024501517433,-7.664660378102946,1.0
-7.5492119909202815,-2.8368781127927134,2.0
-9.793792796452475,-5.705026095847443,3.0
3.55122405022742,-7.691705421021857,1.0
-8.033424038989969,2.5480786204001387,1.0
8.696488040762876,8.925604892522259,1.0
-5.833713205912847,-8.455447697229932,3.0
5.99017055355082,-1.1082240124555227,3.0
-1.4670794542269583,-8.859514106002974,2.0
6.323536776169753,1.095518397401598,2.0
-2.806549615919165,6.003018255977707,3.0
-0.5636653509975176,4.105003291619386,0.0
-7.335738658981241,9.741086427425035,0.0
3.40715062908653,0.929118317005198,3.0
4.429267402450947,-0.42026609364958567,0.0
2.1407566141074152,-7.208549595089819,1.0
-1.1111309528670184,1.09184397049167,0.0
-5.951370216676821,9.85320350663227,0.0
-5.420082249191256,-0.36301094921198995,2.0
-2.8209167303836473,2.2530957340886175,0.0
7.197417019780058,-4.996680330501626,3.0
5.8467098952000285,-5.276787195166812,0.0
-5.008903737674341,-9.488038120203587,3.0
-2.6305123115563305,4.267070037202812,0.0
3.5206322033792254,7.968842925007841,2.0
4.179480395073217,-2.9902550728688055,0.0
-8.739289895897349,1.378021000819274,1.0
1.451899626751965,-2.5088962293887747,0.0
-8.969254852893773,9.43072221268784,0.0
-2.457773915671697,-3.5644916612930544,1.0
-3.9372957396761503,4.697109616529687,0.0
-3.91418532313371,-1.8052675408413528,1.0
2.32675016313552,8.748359752218477,2.0
-8.044209093289913,7.111015906411758,0.0
-4.7261428305522575,9.001554359305029,3.0
-7.775699481068081,-8.515703041669262,3.0
-9.034179837342755,8.649245565986963,0.0
-6.9765894032830555,7.804333765146062,0.0
7.185321795255792,-4.450040883110448,3.0
-0.40819467621758143,2.4544953538233116,0.0
4.597070391899809,-5.933615084461827,1.0
-4.444115190441442,-4.046442707676061,1.0
1.9897678472192268,-8.085941653800656,1.0
1.2595875700098311,1.7335390772131891,3.0
-8.929686381432024,7.194025948912483,0.0
-8.81240046931006,7.970124036673106,0.0
4.77875463530577,5.6435967782174945,2.0
1.4697264697826569,7.931259875884162,2.0
2.7909519800868736,-6.684221437746858,1.0
-4.903333712938272,-3.670643030182534,1.0
-5.793879760026098,1.817955183645152,1.0
1.9529779768375466,0.8864397712900907,3.0
6.100372493084805,7.391486958529299,1.0
3.9360884061136225,6.448575457263452,2.0
-9.407779735327061,-7.926677085319918,3.0
9.149106691541895,3.0051438503725123,2.0
1.0953155565489077,3.919674479520568,3.0
-2.7220859704702853,0.7360478279405243,0.0
4.212436489554465,-0.04428531284640158,0.0
-5.438057209573952,-6.05376585748102,3.0
3.8795340783557215,-3.785584032535418,0.0
6.72454029660474,2.9080440530388785,2.0
-0.17337993169382493,3.669570550970116,0.0
-0.11966922814341174,8.628002792160068,3.0
-5.078515168269031,-0.6075646654266613,2.0
-0.946748642314585,-9.486009786226637,2.0
-9.713767581003625,6.5162538152570235,0.0
8.752764153299623,-2.0479302260511867,3.0
-1.4153822697897738,-1.1877127515756936,1.0
6.2773460837613335,7.562913496842352,1.0
-5.505631305903478,2.8249843433371495,1.0
5.023106806529622,-3.841865441978431,3.0
8.631259570628107,-1.1958914630937034,3.0
-4.355975455526552,-0.48599330616654335,1.0
6.257107462616492,-6.736789465215121,0.0
-1.5738829871021522,-2.106096105521795,1.0
-4.414738472605428,6.597071021197372,3.0
-0.3928237170868858,6.843692752404532,3.0
-6.032412755916083,-7.076591409272906,3.0
1.4934504135063946,1.0693843764834625,3.0
6.063272923270109,-3.453406215871409,3.0
-6.592586738872928,-4.614467095625865,2.0
5.340737354818872,0.764357353119923,2.0
7.503725152544995,-6.928579369251051,0.0
6.3510185710220455,6.542137637429455,1.0
8.001619624717328,7.160794447018141,1.0
2.724908209506559,1.5904443861697715,3.0
1.7731758272686307,-6.891265816375977,1.0
4.164187616290997,0.18588900216261628,3.0
-1.5478248895349882,-1.927400920707294,1.0
9.135357853971911,-7.018637575130406,0.0
4.770342266820304,-4.7298686326715895,0.0
6.561846368709251,-0.5415917069913476,3.0
4.71174500222773,9.425365963898898,2.0
-9.956194341742705,0.23968636668247356,1.0
7.3451897357985025,1.7807649099209684,2.0
0.4986139339785627,-4.699117032615973,0.0
-8.74811381168083,5.468495756911956,0.0
0.06395408155557725,7.981892550599209,2.0
-0.4287784789018918,-5.848956767844362,2.0
2.054631392947128,-7.194365723856773,1.0
2.4588713694987554,-0.9018915345338172,0.0
3.8804062616465966,-8.860139423715673,1.0
-1.0147167464182676,-6.300536853207057,2.0
8.127211876290538,8.235614662309139,1.0
6.3027200264760594,4.71320958667393,2.0
-0.01937905579056043,-1.7988289168236786,1.0
7.448522175252439,3.75482129936573,2.0
5.150587473233518,-8.41170890826222,0.0
-7.297169040674727,5.826642967690606,0.0
-7.9597921931483295,-9.976370838395827,3.0
1.2202294378869798,7.527813363360533,2.0
-8.796029080938448,2.142340550732005,1.0
-4.134629830689736,-9.503557157644767,2.0
-6.5933109606264235,-7.188092539949624,3.0
2.743634622798627,-8.745700510434668,1.0
-3.72619561614216,-8.576815301202842,2.0
-7.745913041337662,1.8053036150412094,1.0
8.37584130410649,3.7515664696675017,2.0
5.1424986387094656,0.17374820661047963,2.0
6.554894119998508,-7.610972626214516,0.0
2.037829549632608,-9.233410617947076,1.0
1.9942995000535078,5.574209732663819,2.0
4.898829384405216,4.081809702003129,3.0
7.212963733857784,-8.012118491391929,0.0
7.3703270116144495,-3.7899063432543345,3.0
-3.602857210580021,4.706458068468013,0.0
-8.95760577028588,2.483367284051008,1.0
-3.730600460232907,-7.282470478931467,2.0
-4.270772661486273,5.215343916073984,3.0
8.649542727255405,-5.6580337099843625,0.0
-1.0004416103452574,8.215804661301892,3.0
4.605484891458003,7.6573617968670575,2.0
-3.6221235366127473,-7.578206298090365,2.0
-7.670424644765459,7.239760862213046,0.0
8.010121859742327,-9.96534050367192,0.0
-3.0051332901657553,-4.026426518300887,1.0
1.073896991341849,-0.7007035087896369,0.0
-7.8883869821525066,2.074706396054605,1.0
-6.157293907017989,9.089168823984611,0.0
5.399435108411835,4.281879349444749,2.0
5.4764191205867,-6.682723427909327,0.0
5.37123071536962,-6.405671729127911,0.0
-3.5467882160475384,-9.121156796008183,2.0
-6.878611595248154,-8.719414475077741,3.0
6.613498120497518,-1.6519812086936305,3.0
-0.7368697179636108,-9.875294930725795,2.0
4.016058829163896,4.897606830697265,3.0
-7.743518237039215,8.331451365599985,0.0
-4.185761913548516,4.830611147269616,0.0
-5.236702370430752,-0.7059149713721418,2.0
8.812832813173085,3.694557589947154,2.0
-3.3083702582738344,3.74916898046874,0.0
-1.6686760873766886,-1.5444457486719863,1.0
-6.620519648691583,8.703748013079974,0.0
-8.776700823446495,-1.5056392013165834,2.0
8.600134394330865,9.81507994076716,1.0
0.5699831235166268,-4.556378944197695,0.0
-8.33488273183434,-5.607756022910994,3.0
8.460283922995831,4.048443939685605,2.0
-9.345593793578965,1.6008655882800937,1.0
-2.414793113723137,3.4867981288789416,0.0
7.1492343101679445,7.99952159062482,1.0
-0.2894379685041759,-0.34635707844322994,1.0
-8.778463841570128,2.349290961829304,1.0
-2.1674973074007724,-7.598214412884121,2.0
9.333125484926057,3.9260007786856725,2.0
-1.8125279754250823,1.9904385527066069,0.0
3.979651372839122,0.6462385409330391,3.0
-3.172720396285449,5.655053514769193,3.0
-0.6000414022780216,3.2774699655478052,0.0
-6.519182979694687,-2.9545063584960207,2.0
9.725966856237925,8.790096500520733,1.0
5.286755443516292,-4.453214544041888,3.0
-9.19162418974368,-0.3550146454337355,2.0
-0.16128626815670444,6.6607847975199235,3.0
6.364800476864275,-0.1615956696707972,3.0
-6.732223772347012,5.4066776477566965,0.0
9.33161521585096,7.020478689076995,1.0
-0.6996050110842855,-2.10127135946498,1.0
5.3628596962669555,8.306701563702855,1.0
-4.246195478314203,6.9284889528594675,3.0
-3.2859858951984755,-3.0622731400994496,1.0
-8.202092676229187,5.95897555407098,0.0
-7.925287118350576,-7.661199925846576,3.0
-4.810954906609098,5.506955442216523,3.0
4.258330200429452,-3.5518185051521307,0.0
1.8869073935587757,1.4915350152676936,3.0
-4.28724082793186,-0.1748205522734132,1.0
5.673169536086981,2.4963257285506977,2.0
8.93152789622647,-8.975819514944991,0.0
3.449726110931749,2.523875663106276,3.0
-6.205101843740229,8.514741698844762,0.0
6.7212631145277015,0.13780765196153055,2.0
-2.2353167228416204,1.7672336925184222,0.0
2.1565476506133514,9.076279728821394,2.0
1.9424618459896692,-5.302381711433826,1.0
2.240270767053353,5.422730012447763,2.0
-0.0791101281911466,6.8287554497811485,3.0
5.72692413737739,9.00627348507279,1.0
-8.338680836318291,-6.886530992466515,3.0
-4.734331417261258,5.730074853226487,3.0
1.397909972310087,3.514866121852055,3.0
4.464394255934206,-2.56464656638538,0.0
-8.213986792915405,5.413475597438847,0.0
9.602761085431414,1.2105065264500787,2.0
7.266048244110749,8.361142929903451,1.0
4.352241297474169,6.446546289298258,2.0
-6.351119646392833,5.579811136059165,0.0
1.6184268177910344,-4.660005879776968,0.0
-9.503299809178154,-5.690179799787423,3.0
-9.708433174048425,2.4536990253316286,1.0
8.857161287290428,-7.078280694901789,0.0
9.752971804981218,-4.067346600402333,3.0
-1.1597484753923215,-4.593986419839515,1.0
-3.3488531127275127,4.079873111273729,0.0
-8.240166664328246,-6.469470650423603,3.0
1.2844241387292286,8.498762359636636,2.0
4.047335176040541,3.591643486692572,3.0
-8.97293698297859,9.155294557115482,0.0
0.6803297565369082,3.115986077727902,3.0
3.9887910731728944,6.028349230465743,2.0
-5.236576284896701,8.092027023058538,0.0
-5.199581834297362,-4.0223978587474685,2.0
-8.630194099143173,-8.731993810727213,3.0
0.960584302656116,-0.8484407331363428,0.0
2.8685847260752695,3.452071909405234,3.0
-3.445160432911516,-2.957490680897603,1.0
-9.281735999180512,0.794403135041513,1.0
-3.7899486513278813,-2.974478433930856,1.0
-2.782523395042693,-1.848354433681159,1.0
-0.30915725354097034,2.6016207196764363,0.0
3.6498937679777903,6.611247221669181,2.0
-6.9512757808657755,8.880271124888626,0.0
-0.6625315283556414,0.43830348253430884,0.0
3.252933546775445,-1.5724674413662179,0.0
0.4734903056255071,-7.611973337640543,1.0
4.5788663580106785,8.37446159678052,2.0
-2.273876764777201,4.770965536331355,0.0
-4.228413479147706,7.418573251489725,3.0
2.1261954155947578,-6.4133029849460454,1.0
2.1295254996683166,-4.628208425016032,0.0
-7.425617351443597,3.7000648641957916,1.0
-1.45839689752885,8.022843305953892,3.0
3.64630914650904,-4.360804154984351,0.0
7.958302917841234,1.7744520716987733,2.0
-2.1771646899957187,9.431754207222408,3.0
9.454159237307167,1.2501844375416677,2.0
5.9811360553223185,-5.994418506565999,0.0
-2.5940752059838967,3.3071198545874765,0.0
-6.118965946226316,8.889533693722115,0.0
4.24917744663993,8.612109380435914,2.0
7.393204395653807,6.334138872495775,1.0
2.013736312780983,3.2875447918944403,3.0
-8.10617629667091,0.5731797764544222,1.0
-3.808043817772109,-7.3338433484162335,2.0
-4.612977724863063,3.9611936688800053,0.0
8.572831923528248,3.5892027414238488,2.0
2.061319724336199,6.184745682207467,2.0
4.327258612813443,0.03138649802169091,3.0
7.783825933714237,-9.854865812240517,0.0
4.211169960671539,-4.555881203142427,0.0
-5.642461013061246,8.653403496147519,0.0
-1.3606948318277112,5.087996243267197,3.0
-0.21337863948295244,9.166501102757948,3.0
-2.9505944210226964,8.889765176314267,3.0
9.155721954323539,-8.86329450950101,0.0
0.5266950594146476,-3.826851872291172,0.0
4.961453092059237,3.0208526837028344,3.0
5.8423336812295865,3.67884059666701,2.0
-6.048498187314428,4.2076604304684135,1.0
4.729404777966845,3.275245257002519,3.0
7.440439599588839,-9.036471721858796,0.0
-4.024241270559974,1.299257725539631,0.0
6.035697761297886,-9.955413307960265,0.0
0.5191429994733596,9.824936465568651,2.0
-1.3425876375748622,2.5791876692653037,0.0
-9.064646247281118,-2.45954191887164,2.0
-2.34494986446218,9.61948209417747,3.0
8.400453158498333,0.42223071189392947,2.0
4.298524164046132,1.6772207532284078,3.0
3.5816580728668885,9.08136136403591,2.0
-6.157777157084928,0.9735258029552583,1.0
-0.9744571293969262,-9.95816863291044,2.0
-5.08039897797834,-8.198709752667895,3.0
9.887886108946493,6.311672004691637,1.0
-6.965602192427561,-3.023322963160484,2.0
-3.4180932130382917,-1.4388517005751034,1.0
5.187897852989604,0.8244800505705143,2.0
-6.321412517111149,7.6423071961967395,0.0
6.975533631901797,0.4194193461879685,2.0
9.246547720803449,-0.4192565246399589,3.0
9.546501103921322,5.320334355241096,1.0
-2.2415671699917787,8.715175023350238,3.0
1.0151333199477346,-4.78886166571332,0.0
-7.937649279674246,8.4418861250245,0.0
-6.029949690912824,-4.234712822806655,2.0
-2.7173434081563457,1.4754112130920234,0.0
-1.2572649318607212,3.5381836806267053,0.0
-3.8620762667712727,-1.2651171795151956,1.0
-5.724438042689535,0.006572901556371136,1.0
-0.5312025552440751,0.29356825800223696,0.0
7.105845864660182,2.612129276107293,2.0
-9.897691831024979,-7.077330103831008,3.0
3.8006821426235344,9.111461181379013,2.0
-5.262025005667099,7.177131249128191,0.0
7.940423896176622,-7.079528597686499,0.0
5.705925763596651,-9.958223688683761,0.0
-2.2378446727724306,-1.350733033946499,1.0
-9.741507980846585,6.348659590912142,0.0
5.187075958995354,9.806405662381735,1.0
-8.998695739227308,5.690985529622667,0.0
2.5362938478209394,5.188756211662506,2.0
7.084003898531336,1.9019842987155293,2.0
1.5507964056913117,-5.524915193078224,1.0
-4.446406809310613,2.938889989643682,0.0
-2.7281844609360846,6.886933393267832,3.0
-8.218554012071131,-8.030281883792883,3.0
8.977710065725649,0.39325484728388105,2.0
-2.3028833258548076,0.3518508319666509,0.0
6.7305470228355375,5.398713847245949,1.0
9.668610608707311,-6.083331149358995,0.0
-7.907119284244192,1.2850590145404333,1.0
-4.733924252958488,6.954356867602925,3.0
-1.4560480961602664,2.7721705299087844,0.0
-8.749868299023305,-7.313996445737119,3.0
-5.41829470558298,0.5278414041765664,1.0
-0.27949894487698757,8.40846687883343,3.0
7.853088921976578,-2.647931029981077,3.0
7.129302868537188,2.37164943521298,2.0
0.7252135315919528,-0.4331064528809492,0.0
3.2700885407122655,-3.865690347204862,0.0
-6.790825531440909,5.1772160597030386,0.0
-3.3064291327223927,-0.15335086101948647,1.0
-1.480001900611331,5.740387440267865,3.0
9.366697652538804,-8.223972993273483,0.0
-6.977715501233812,9.49835901374717,0.0
-2.6567709696107222,8.310804073424165,3.0
1.4655050508011804,2.704373383468253,3.0
-3.4596154114179223,-6.617514010980177,2.0
-8.422840506633634,3.0151421810990175,1.0
-0.1482003264889009,-3.745182301507599,1.0
3.003193009203674,8.519422091602177,2.0
8.186599429446265,4.08342956937638,2.0
-4.3639007190486545,4.360978012408527,0.0
-2.5940385178511267,-4.618258559657851,1.0
9.257409191270106,1.8272160924741048,2.0
-1.9366536334681594,-7.022603452869934,2.0
-9.719819776962463,0.816017929460962,1.0
-1.655690240720764,-5.335214828726784,2.0
5.57233483463412,-2.2419608154968955,3.0
8.271266634439563,8.703256499640105,1.0
-1.182936368698794,-2.3969574069056243,1.0
-0.8594701779042424,-1.3651388165998135,1.0
-7.329505298458708,4.208567304748215,1.0
-1.253696793918376,-4.341723209042108,1.0
8.417424336010512,1.8236471325517183,2.0
-0.01898435015476707,1.4578771556484398,0.0
-7.098019868848167,-8.190139023704301,3.0
-1.5021657906853836,-0.15048134546845304,1.0
-1.1699698031323003,2.520721200896798,0.0
4.797792433015298,-3.352183617916779,0.0
-0.17178049766589432,7.069125595487101,3.0
-6.9104691531182905,-2.102662723610429,2.0
1.815460287359027,-2.0531625606236847,0.0
4.746160072199482,3.6314666960175472,3.0
-2.5605792982311337,4.808733770839481,0.0
7.600068710933222,-1.1227512447667891,3.0
0.873262546598264,-1.4606907433586898,0.0
5.503867042212589,-3.5854365511049613,3.0
6.378382940385997,-0.3205332887251977,3.0
-5.299911085616604,-5.96686885665213,3.0
0.31873949912964505,-3.7543039343202818,0.0
2.0338773367495406,7.395396679753738,2.0
3.5298364574955325,-8.144110145125707,1.0
2.9486381002173783,-7.215353458781277,1.0
6.380575618267901,-1.3034183486371127,3.0
-9.93824059386893,-1.5114081264267103,2.0
-0.8324035242181438,-8.013991847348068,2.0
-4.193725857310948,-8.801291780721794,2.0
5.789677986666655,0.9207518224201152,2.0
8.609426086319601,1.9247351696952357,2.0
8.542650690862288,-9.082089440620646,0.0
1.0438167499769264,-0.46858637508065115,0.0
0.6864133607524998,8.338047596925357,2.0
4.7762361274874365,9.553560958182977,2.0
-5.208456157359436,-2.6764911138623315,2.0
8.330862865989896,-4.743950283744138,3.0
6.254864427458251,-1.1373843204320586,3.0
4.462463292573942,5.047227698142578,2.0
-1.630175263607132,3.9477051264137515,0.0
-0.9641203923930632,4.678502582494099,0.0
7.503860792031109,-2.9234453365858437,3.0
-0.0352807662646768,-9.390331452511738,2.0
0.9749950086818071,-5.076861699359201,1.0
9.702868962327784,6.476749848781122,1.0
3.7211144325346464,-5.119636521054449,1.0
-3.362890756321222,-0.9208317039256748,1.0
-7.779209811657131,-5.082800200979182,3.0
-1.8645908290173665,-8.44817231556662,2.0
-2.454797022971964,-0.5291329663448234,1.0
1.6145227501946753,-7.398667412493721,1.0
0.05378173175718004,6.881097381946812,2.0
5.853399698567243,-8.127435833354259,0.0
-4.259817608153737,-3.7403374468119814,1.0
1.9143799844640093,1.261930600688359,3.0
-1.2613884034036715,-6.989486706187771,2.0
-7.633777338636816,4.075450589398441,1.0
-4.53305976774373,0.8027601414443986,0.0
4.242718254631628,-6.379204523963679,1.0
4.923890568337084,7.647539940611615,2.0
-0.45349483950557,0.09976958892143273,0.0
-6.210330024816142,3.7144539132267607,1.0
-5.837260419635431,1.1055281055054156,1.0
-5.844219844000953,6.917709752725255,0.0
4.409972649865281,-4.835882907610502,0.0
-4.128862371413873,-7.448161143291452,2.0
8.455526426574032,2.2609127771387723,2.0
9.46722366476677,6.37862226512701,1.0
-4.8605724338289775,-0.24675774854263643,1.0
-0.7557875143668582,0.09213906137879135,0.0
-5.462002963212578,-7.715600865249119,3.0
2.1734065551308834,8.958787214216152,2.0
2.367032115561985,-0.8652781669505742,0.0
-9.911260549648546,-8.254663001439607,3.0
4.48330382755074,7.730906569633213,2.0
9.861070626298854,4.4621620350299445,2.0
-6.2888823482749405,3.321414287261142,1.0
-6.699636643383999,6.076936784689487,0.0
2.820319086555166,4.724536761911317,3.0
-5.9021283213592435,2.673516194900113,1.0
8.701546700626537,3.0036753801066673,2.0
1.8727796338924207,-9.754147757406951,1.0
-3.8334008995105107,7.014209028233989,3.0
-0.35099797021529966,-8.27512277817062,2.0
-3.8437658561179644,4.568463623005087,0.0
0.7202022574739395,-4.559038337991201,0.0
-2.31985354410154,-2.9203021449709787,1.0
6.062945862614146,4.354107226681428,2.0
-2.046830483916853,8.426440113991628,3.0
-6.033133828072838,-3.6257459197106527,2.0
-2.0527343761501715,-1.1782432016519664,1.0
-3.929568276517797,7.2653537819374705,3.0
4.292043204586447,-4.511206605816406,0.0
-6.113751025886294,-0.38866830139617825,2.0
4.2498670193136885,8.341723979933377,2.0
2.1341067209035725,7.890196609376744,2.0
-5.128965258787397,-1.6951295371139565,2.0
1.5620636647848656,-3.8110278717581085,0.0
-7.979129806134145,9.975494523685853,0.0
6.866192842077858,-1.9473612866670216,3.0
-4.766542270431251,-3.706250536005493,1.0
0.2906195920171317,4.761088500703767,3.0
-1.5245141526986128,7.014744137025115,3.0
-8.415686832874353,0.31094406007619213,1.0
-2.001529208092208,-0.08110707765899505,1.0
-3.03434999670616,-5.456547304917074,2.0
-3.7024575873636074,-8.018582135274741,2.0
1.911718529520332,-7.823911080483059,1.0
6.90989718408866,-0.31836199100085594,3.0
-5.141820491895011,-8.958422188003608,3.0
2.9040412530908917,-1.2768270014738334,0.0
6.288407607048498,-2.6049768677177365,3.0
3.7017278423791,-3.262499891051583,0.0
-3.4289724622863798,4.888412403932726,0.0
2.0903393662694825,-7.245422122595187,1.0
6.248363222569516,9.42787291340671,1.0
-8.552216921041264,0.6196443495870589,1.0
1.4109737849896433,3.360457981763398,3.0
8.998710139699185,9.697788080924575,1.0
-2.0138894295127514,-6.572346248592162,2.0
-3.914143379266301,-2.2776086647997946,1.0
0.8062377646093104,3.6255390647767722,3.0
-4.1791920772117646,-3.4700636499230004,1.0
-6.168584197872857,0.7779646511290839,1.0
1.3514136385512021,-1.7824333363076565,0.0
-8.860215851416452,6.432698713668188,0.0
9.401392859898746,4.276095853582797,2.0
-5.326631703189291,-5.444458275068618,3.0
-6.366356273264082,2.6017210084244073,1.0
-8.468292587256576,4.006915127911812,1.0
7.260149765942508,5.146348891442045,1.0
6.597096838219649,-3.6192128169217046,3.0
9.469154311082622,-1.2234603195209797,3.0
-6.751507152173772,-7.486079910683221,3.0
-1.388321113409388,-4.508351117377785,1.0
5.7752029110226,5.259253334677897,1.0
-3.7728018206184677,-3.6723347745607953,1.0
9.683580709378752,-2.5474750804228314,3.0
-9.239194559898907,-3.849108321149764,2.0
-4.768560659343109,2.6242735920230853,0.0
6.945261791794401,-8.165902205091093,0.0
-0.310454962282833,-9.930253251986452,2.0
-8.542845193589027,-0.6194152444223135,2.0
7.212214952684985,-8.777227559422013,0.0
-4.4600631256207794,8.037458266937946,3.0
-2.6909012176156244,-3.216503955156611,1.0
0.27051349176937833,-8.193637445571456,1.0
-7.995713638330186,7.130785278983929,0.0
-9.516786210093084,-2.5899224259845006,2.0
-9.45933652869802,-8.302229783105728,3.0
-0.7314724650822306,0.768200266935839,0.0
1.992137652603434,-1.8505459958923893,0.0
-3.392340935163518,8.844663595190521,3.0
-5.026701414570979,-6.792387625466684,3.0
-7.774006946112715,-9.450610339926973,3.0
4.633561515965141,8.400214047163551,2.0
0.6218089568341405,-0.1169762437993409,0.0
-1.4690559226121191,-1.4579476460228573,1.0
-3.5051329157979083,9.655021838500847,3.0
-3.327329490761448,0.6324394941701392,0.0
-7.297518522334214,-4.47947061417506,2.0
8.541591183864657,-5.68395323037463,0.0
4.273076721528749,-1.415135527388511,0.0
-3.295402978528042,8.75421666715674,3.0
-8.464352567304141,4.145287923381272,1.0
1.6208065577687343,1.7476163090439094,3.0
-9.487041015743554,-2.1337582198433296,2.0
0.25867685620808345,1.2195693320020755,3.0
5.524679917131358,8.045035921119155,1.0
3.930994188954953,7.434727187472355,2.0
-9.488655676651502,-8.130598338381015,3.0
1.515695369184229,6.566623698974251,2.0
8.603192276726826,6.538658452655646,1.0
-7.411180578186265,3.662025206053329,1.0
-6.341851313047206,-6.507935545982429,3.0
-0.5002325616855163,-6.676150286705411,2.0
8.102673390480692,5.948482471765468,1.0
-7.130706848694377,5.004622387452649,0.0
-3.270702636938328,7.4985819133411304,3.0
7.642953099882558,-5.845299742444226,0.0
-0.8026840329123672,-1.438364919299275,1.0
1.1230980427177357,-7.291928535850063,1.0
-9.573099705125472,-5.322996438982512,3.0
-0.814977147496041,0.31875197249809517,0.0
-3.7317572800622063,7.88778544672455,3.0
-9.750856385970039,-5.064905286637764,3.0
-2.730157970302052,5.380234436317464,3.0
4.885043950603498,-9.736337160310846,1.0
0.6780750327525311,-0.41608140901974444,0.0
7.908777515097761,9.928426553726514,1.0
4.176970124997311,-0.9055588371048628,0.0
-0.32174391514971745,6.472891806384425,3.0
-3.9209947549682322,-6.177653496549547,2.0
8.640564251402175,9.009673499725814,1.0
-6.081235648137932,5.050404944087401,0.0
2.587257197701426,-8.776576949468664,1.0
-4.759733632025764,7.609837975968368,3.0
-2.695730016450293,-2.587744821821067,1.0
-1.6439254372743388,-4.864750229713879,1.0
-8.541772402184595,-4.426231218496879,2.0
-2.8485280536641806,7.315512741374601,3.0
-6.182658109708794,6.207115090178938,0.0
7.257439950875856,7.286886586873994,1.0
6.189661302393134,1.4785492853709492,2.0
-7.551389956566609,1.9260164405628402,1.0
5.83714994333771,-6.335264590406375,0.0
-6.767954333919153,0.08607293916694836,1.0
2.0192498875459037,9.237753226099127,2.0
8.998147901947483,-6.508489062843155,0.0
-8.795723092129,-8.569325390598198,3.0
7.0833895717726065,-2.89887081989259,3.0
1.8385996920716714,-5.989232569440812,1.0
3.3066266132183912,8.372711445613682,2.0
-2.829470867594946,0.7044412740518204,0.0
9.373842208486778,-1.7242007828153678,3.0
9.39228734352669,2.12697915046242,2.0
4.763480680431936,-7.259054965832257,1.0
-2.330570632433022,-9.403675005968367,2.0
-5.815485726869691,-6.333272574462319,3.0
-1.1331574036266456,-4.12960768430116,1.0
4.144699864585487,-7.342236029797348,1.0
-5.3413758331818695,-7.364723963045609,3.0
-8.180618390803648,-6.523761588048613,3.0
-4.712469202491285,7.626094304194293,3.0
3.8678794563466123,8.268219488047336,2.0
1.911497085571586,3.1331638871488465,3.0
-7.527331313845556,-6.874628304139976,3.0
-4.307077681006149,-0.5914425533456651,1.0
-8.946080808527547,7.521804456236168,0.0
-7.1326844603008315,5.953148108896553,0.0
-6.957122380385973,0.7422233229393882,1.0
-6.519212850882969,3.603155843528423,1.0
5.463876754196011,-5.082383261371284,0.0
1.4569948643598174,-2.7847639177114214,0.0
-6.962494180143695,-9.728258836426374,3.0
7.955905061309604,3.4303004717938457,2.0
-3.5192132967775507,-5.3064377333045325,2.0
1.8252277078106083,8.517432594349074,2.0
5.930775805557593,1.5595242434323033,2.0
7.933482006044301,-9.285993186155409,0.0
1.9494568023679797,8.814691347311609,2.0
1.609757173059588,-8.067982063857952,1.0
-2.537630692054589,-6.192506050234123,2.0
7.930372002960397,-6.904502040595624,0.0
-5.737218242071966,-3.004735411267456,2.0
-1.9322574051752177,-4.246008171503504,1.0
7.834835617572541,-2.176373450272422,3.0
-9.022302243581052,-2.577198841519362,2.0
4.711947874317916,-8.160665417557935,1.0
-0.8683645930429087,0.5181501601737448,0.0
9.713416260006106,1.8598092794668215,2.0
9.928951533638603,-9.597188744487761,0.0
5.195104526134751,-2.8566453810868753,3.0
-9.541005095186568,-6.101958285965803,3.0
-9.634089681150142,8.788912622026018,0.0
7.791041678163641,4.722732170788422,2.0
0.4291335182705325,7.706507542283553,2.0
-1.5116446176565042,-4.040209617140944,1.0
2.1536597942427154,8.560273437883112,2.0
-4.257804016642566,9.754671747170146,3.0
1.4678789426911738,9.99385787181064,2.0
3.6819853306409893,-7.272005468350018,1.0
-7.498353563408331,-0.4243722065238238,2.0
-0.7214787490092576,-2.4459740854861174,1.0
6.351733966851899,4.002872584230499,2.0
3.2959028128413443,0.5155022625153123,3.0
5.7817728332529565,-8.296962720667288,0.0
-9.426396469108953,0.3800307131918039,1.0
-4.607620948134617,-3.4194868677534167,1.0
-1.5492069464904823,1.4068521350339758,0.0
-7.054158213830446,6.635579367074243,0.0
-8.913160004168192,-1.7681260218698327,2.0
-6.649496267929884,-3.030169330179511,2.0
-8.214404187275928,5.190502822294265,0.0
4.883200993012451,-6.221460989094181,1.0
0.4212498826296578,5.4932627650029,2.0
5.957257615869793,-1.9061118519981477,3.0
2.555169277856466,-9.029307483686186,1.0
-7.959108235519361,-6.455219169791873,3.0
-1.9931326187779455,-5.118975889966886,2.0
4.707638564003789,9.148199275632123,2.0
-3.923538038117167,-8.86130390835511,2.0
9.282163517108017,4.7822034535529845,2.0
-9.791009819394418,7.7132206172809745,0.0
-9.517344197975708,-4.715222275435602,2.0
2.9938206391530144,-2.3903975966483815,0.0
-2.5017487845970843,9.875741653617073,3.0
-7.913574913150406,-8.167092582309808,3.0
9.26720200718843,1.9758315144023655,2.0
5.981033785656907,-5.463629399988998,0.0
3.3461826579095515,-7.5410969662521055,1.0
-1.990079756068317,2.209027731742104,0.0
-9.993424939685593,-8.49277024653902,3.0
3.839214678097971,-4.030768350927245,0.0
-3.2106877792733357,4.598409845265813,0.0
2.637504319007471,-7.976380903057134,1.0
-5.797000148101996,4.395866779885033,1.0
-4.031979672171662,-5.780975714459329,2.0
-2.428514753777467,-0.04210455164262683,1.0
-6.075410384492434,-7.32382270695775,3.0
4.441076856027619,7.353370938079632,2.0
4.21966408096187,8.113211901074983,2.0
3.01249587060596,-1.3754537603556045,0.0
5.830260270004995,5.907072230364559,1.0
-4.469463724455213,-0.031064654800454505,1.0
1.0462812771224606,-7.7458318738361704,1.0
0.2423389621748413,-2.949299027851369,0.0
-4.1865746715184615,8.479180831063903,3.0
-6.86045433865935,-0.6660493540077734,2.0
-7.3898492074158,0.7668748920750996,1.0
-0.2988568807540801,-6.155295226229303,2.0
1.3979513652614948,7.512995799613726,2.0
7.509028679903903,-0.43918630962204475,3.0
7.6297095192996025,-3.554493562804466,3.0
-7.3604659126151635,4.691814062242299,1.0
3.878937810296579,8.173245825371268,2.0
-6.728928060142774,1.6372229448492188,1.0
4.668581223445187,1.840862037156617,3.0
-1.6402921949582172,-3.106216420628945,1.0
-5.8446652285954,-6.165957779667918,3.0
-4.390750395335246,2.0773331663205674,0.0
-8.966455943937941,1.1144063951867,1.0
9.417474746210658,-2.4648476375958435,3.0
-4.6838254730948385,-9.51435203926092,2.0
7.839727771358152,-5.11105862748074,0.0
7.54497870239274,-4.040010579871211,3.0
-1.8078723028890096,-7.721925354242938,2.0
3.602055165861895,-5.387265085594524,1.0
-5.971461926505968,2.277789923551712,1.0
9.721765036219871,-0.38919371578596795,3.0
-5.647994343296898,9.075581669477579,0.0
3.322518118702222,-0.07507980393604718,0.0
-9.15297664505134,9.525014373905009,0.0
4.61013877371318,-0.27902788896230035,0.0
-4.9029993863862025,9.620721380754649,3.0
-5.3974825548657845,8.061044262293077,0.0
-8.851190117140495,-6.786930626760048,3.0
-0.4481535375426464,2.895566707735643,0.0
9.226528456937135,-3.9732836380201597,3.0
-7.487885113810153,2.1448713226483207,1.0
1.0643881986658226,7.828631114120082,2.0
0.7243966042588195,-9.844455062509374,1.0
5.73469340746572,7.989618465744243,1.0
0.7902129256180288,9.91884154194868,2.0
7.434699226518582,-7.981438236941822,0.0
1.1513379609357006,-3.6305021926661514,0.0
-6.665302387621765,-7.800043600526063,3.0
5.452559104673957,-0.7382818815477616,3.0
3.286829433502552,7.061689632646559,2.0
9.142860474671217,6.29882494839611,1.0
1.7564626735281426,-8.64727781968541,1.0
-5.030515023406352,-0.03803815734798199,2.0
-7.2121144787156695,6.155491822197273,0.0
8.10354541089584,3.7859229983429543,2.0
-8.667882178514017,2.1195593507832164,1.0
7.496373591134056,-2.8395979657223087,3.0
-0.16178771334054254,-0.9332438633700555,1.0
1.2839948290484031,1.5022490109435278,3.0
6.252109169315297,6.119189227038756,1.0
6.7024322492585675,0.2072756273206693,2.0
2.1098488425450856,-9.017150774449581,1.0
-2.988085745319127,2.505263407422847,0.0
3.822337374520284,6.797814424448472,2.0
4.912623279795863,4.1306645262521755,3.0
-6.100852656762175,7.872728285430366,0.0
-2.6334813905556853,-7.622850439872371,2.0
-1.6982065101998618,2.6461752041916053,0.0
4.670519671244914,3.6441265537461316,3.0
-7.1036486694411956,-7.46836635200975,3.0
-3.446627996573155,6.606273241538933,3.0
-2.904757320335354,7.807070859064737,3.0
-5.478363041918508,-8.323661389333285,3.0
-6.871175430655352,3.9454495388121185,1.0
7.926677027269285,-9.007113348109355,0.0
-1.7399901571732777,-6.08648734648013,2.0
9.895548483053748,-1.385313019561794,3.0
1.8228326482067025,-7.783929060832053,1.0
6.563678456966059,-0.8927536611003184,3.0
-0.03846440487034286,-6.343453125872037,2.0
7.556549966995547,8.51458093823734,1.0
5.893159758778095,9.001379774295192,1.0
6.5331186293106,-7.476395243324145,0.0
9.226264544347554,-0.36791304639858247,3.0
1.9838888392753962,-8.299809420322504,1.0
-4.851717700301332,1.75237411936034,0.0
-6.602454632052801,-6.889718640713474,3.0
9.522690296395403,-7.384457587768754,0.0
-5.170823043246977,-8.851703147164493,3.0
2.7768967531425996,7.508434160410058,2.0
-1.126426892923643,-4.524574834761481,1.0
-2.029057416177576,3.0428534344782605,0.0
-5.355848214925483,0.7512959473920908,1.0
3.245099359652901,3.7857422081749483,3.0
3.3917330540929207,-1.7347131441963022,0.0
-3.1098179458059576,-2.29458826735846,1.0
-9.900372203766175,-4.499401026794465,2.0
-3.4786551758280337,-5.318798518806127,2.0
-4.802388233475123,3.181865915950686,0.0
-7.581682490334338,-7.783080407206833,3.0
9.63730030658401,-7.4619928628834975,0.0
4.683167696899703,-3.421742098512082,0.0
6.998159079962601,-7.559074799438958,0.0
9.486111421688957,-6.081259640095402,0.0
9.044933831454472,-7.260998991131706,0.0
-3.7892738115865843,0.7643259246724767,0.0
7.467484469145937,8.505541303956036,1.0
-0.9408135776655762,7.135540629699314,3.0
5.1204278774826015,-9.250349827890595,0.0
8.144720667659104,-4.829857462563383,3.0
5.8719782753736816,-2.130998396731732,3.0
3.2833417067811155,-0.5617437117775061,0.0
0.9327176287077954,-6.0036364482309885,1.0
1.6275737619602708,8.700413499512564,2.0
-0.6021686308514145,-2.6981088107980655,1.0
3.313141935761614,1.3673361915059896,3.0
0.9617944633081201,9.266085890224808,2.0
-0.8880571261175021,-9.579148542628658,2.0
4.991644406929588,-4.0879732545639165,0.0
-9.575903899404336,-8.281626133176225,3.0
8.889283442732122,9.186606879043126,1.0
7.5391059710969515,0.9621910839846635,2.0
-0.1396118779188349,3.645343931855848,0.0
-9.744377722952288,-5.236115423809218,3.0
6.349202110157211,-2.9777375441348326,3.0
8.68074393487429,5.335104413649585,1.0
9.727422986536432,4.752078578691666,2.0
6.221403061447443,9.491205164865121,1.0
-4.815337552012949,-0.11213308863296412,1.0
7.291151406772997,-8.584721072627415,0.0
0.1729706333264005,-5.5910531477420005,1.0
-0.9843059651970716,0.33946290112053035,0.0
-7.928175990380797,-5.13056178472781,3.0
4.743192614597763,8.334885586068868,2.0
-7.937620169414165,0.10878223143664378,1.0
-1.9125741927315314,2.1834248036388217,0.0
4.462904153259322,5.054099245181581,2.0
2.3272677719074437,3.4014088944017615,3.0
-9.852134939663875,8.35320358666219,0.0
-9.758310962354011,3.3001353633625357,1.0
-6.793920497392952,-6.202750608502294,3.0
-3.154289600702656,8.58869884986268,3.0
1.0868191683480077,5.067697002773608,2.0
9.198543611549145,5.881908596031877,1.0
-6.404075138520571,-6.754251289705913,3.0
3.104032265218308,-2.171392212359735,0.0
-6.15861281802842,0.10380199530437828,1.0
-1.0846987129687395,0.23921090633175446,0.0
8.146516117283156,2.5628846607584084,2.0
4.721408263221875,-0.8283909205473883,0.0
-2.7420632185779485,-8.076980494004559,2.0
-2.024135095355608,2.694559768925348,0.0
8.970228130229213,4.155485093312912,2.0
-9.547122937520028,1.5967098537964013,1.0
-8.128769025182665,-8.245043021583879,3.0
-7.027421437617973,-6.552188646819994,3.0
-6.732891404319698,-2.9209085002450674,2.0
6.201549825784461,-5.825618894379199,0.0
-9.84703993006546,-0.43468136523964773,2.0
7.677169095709683,-3.406452281890928,3.0
-1.62873750201312,1.7037089247870831,0.0
4.062616862463964,-8.952648661415841,1.0
3.81187916973494,9.216974211472913,2.0
5.529052208654077,6.445213362529287,1.0
-1.7819533874902493,-4.719446962424616,1.0
2.76564892664679,8.222349524853424,2.0
-5.513832515398052,-8.68525837667553,3.0
-2.2505844316736034,2.7794627175543987,0.0
0.45228266547824525,4.056769905426323,3.0
-8.065744954300204,5.06827882512864,0.0
7.208626416687707,-0.05748342133369633,3.0
-8.4313426988074,-1.5308807312805186,2.0
-2.316929481691763,-3.268921317536437,1.0
5.7109731915497335,0.9945254375318306,2.0
8.153329951476593,1.7399623733026708,2.0
3.0266529366158537,-5.112157443396603,1.0
-9.362919602962931,-0.9351539935515252,2.0
5.719807822979215,-7.882597714898003,0.0
3.35143449767876,6.545066503452478,2.0
-4.006184588306983,-8.451901991839136,2.0
5.654220923711289,7.423390751751054,1.0
-1.9925129117405262,0.7220471397408801,0.0
-9.190794673806348,0.21373302640010472,1.0
-2.1529633917025714,1.8960484549059053,0.0
4.795899403672362,-8.17066423002233,1.0
-3.318821080912433,3.810603550982366,0.0
0.5840937516354323,-4.319872174785367,0.0
4.88243776152499,6.7428072279590054,2.0
5.691739267863149,1.0149994871033314,2.0
-7.297624465971793,-0.2228597147483118,2.0
-1.6129035041454198,-3.3311446845948156,1.0
6.8947282558694525,-3.250570392687086,3.0
4.086627740814601,9.878331176237786,2.0
-5.508896055385386,2.7001755135036483,1.0
1.3972413356649653,-2.5908939204864563,0.0
4.745749931557917,7.66735091784501,2.0
2.9975240937713963,7.742449905549041,2.0
0.9968784429067519,-3.000926682601901,0.0
5.251985136269077,6.049655052215897,1.0
3.021175987900037,-0.06413582846315435,0.0
4.415963106579868,6.968514880906174,2.0
-9.601517266790875,3.595013824076748,1.0
8.439109041822984,8.275975861944108,1.0
-9.086713639823074,-1.7109147185387936,2.0
0.9556595726548949,-8.771397955493539,1.0
0.23542303693336564,-1.126122857655922,0.0
2.948908673430033,-7.384286298134278,1.0
1.8071816538282803,-4.546591561094755,0.0
9.762467042086914,3.6494775523075056,2.0
0.04593076049784095,-2.467928961018222,0.0
-4.32170573595859,-0.8804438014031195,1.0
-2.672820435239398,5.157834636586294,3.0
1.2379217727858727,1.7799696444573563,3.0
-8.44089672883256,3.8363617568779596,1.0
-3.1616661519334466,6.421225437430756,3.0
8.653737956587875,-9.868205807966833,0.0
-0.7316762593780837,2.6607322394834103,0.0
-4.043860142746285,0.5015569097507981,0.0
-3.460597791458609,5.431157228803825,3.0
-6.877353974570131,-0.6713700117442585,2.0
9.784827403195308,-1.381357797146908,3.0
2.50333369488337,6.573945418034949,2.0
0.9936254520754808,9.315409039214046,2.0
0.991076805501498,0.6619279663428284,3.0
7.211151112594223,8.36440664137443,1.0
-9.43465352706218,-8.089354541592225,3.0
-6.273698045749079,1.5812004762375125,1.0
4.794957642757511,8.638597003140138,2.0
2.502207056809368,2.6164344995705573,3.0
-8.407253760482407,0.8950348191778641,1.0
9.274555859689492,2.466890591658027,2.0
0.18308280011039457,0.9763685330879746,3.0
-4.31539102155345,0.9347341503354638,0.0
5.653584679964132,5.236049296755372,1.0
-0.663786261709344,1.7515892451726423,0.0
7.90279552592137,7.571354899570807,1.0
-0.21951298809743136,3.3519208664745985,0.0
-7.684824502118195,-7.414479128169857,3.0
-5.055340432523683,-3.008377380772851,2.0
-0.4675317712148903,-2.301092700439929,1.0
-2.682790047813408,-5.7139428430522905,2.0
2.0902062438873266,-3.617236322469757,0.0
3.3493127549187136,6.455699070099147,2.0
2.8599095175513245,-8.643839953624283,1.0
1.896392124103981,1.3788734709662531,3.0
-8.245301303367658,-1.6371758026224796,2.0
-7.397048878175312,-3.2684228761635437,2.0
-9.19857969492268,-4.8190665040631515,2.0
9.49837062373653,-6.853495107041616,0.0
-7.2758387117134244,6.043698302555679,0.0
4.677902861148024,-1.2834621359269587,0.0
0.9904367728418215,5.859272055968191,2.0
-2.498171579390829,-7.47835892590383,2.0
7.085086868980216,0.8023657145956591,2.0
2.6447562391319046,-4.7510113199272785,0.0
-2.1892345943043416,-1.1166993886184393,1.0
-6.98880245840138,-2.5156735937329433,2.0
-2.3831161943375934,-0.3997927216366097,1.0
-1.8082877876479522,9.518763289692739,3.0
6.359472471426223,9.371342204858955,1.0
0.12817973223032197,5.547289966496658,2.0
2.555371817952004,-8.785379188368488,1.0
8.248318007200016,-7.467948018362447,0.0
-7.236374229053126,-8.028921337368313,3.0
-7.131909345545642,-6.701197647959887,3.0
-4.467998246384999,-0.8605302088246791,1.0
-1.2599326504609998,2.9789882496194213,0.0
6.321187604846504,-4.832656053055484,3.0
-6.191165030644978,2.1845580872918475,1.0
-6.263499874705025,3.429998441174204,1.0
6.434733598983438,3.800660860769554,2.0
3.255268042822559,-2.9488360048124402,0.0
6.296378635967621,8.740711559490826,1.0
4.437012430719934,-7.381839459275414,1.0
-7.410737888095886,4.207941498751321,1.0
4.419317278975088,-7.527764814191316,1.0
1.9193362453911806,0.4325082112590053,3.0
0.290772365678027,-8.628005665895028,1.0
-3.523426727157375,3.3728580896710785,0.0
6.9441729211880485,9.329322368291976,1.0
2.9299644431865506,2.327559627967153,3.0
4.9386491557810945,5.147960281104316,2.0
-0.4996213848640494,4.551414943055555,0.0
-5.205080896193321,-0.3347618760684945,2.0
-5.269986852409336,-3.690451114724902,2.0
6.03663038788018,3.5203551286990713,2.0
9.656557144542155,0.1958791597146856,2.0
3.5243003879091876,-4.609532105000156,0.0
-9.276220271233504,-5.415547475594229,3.0
6.47967920964313,-8.92141153267228,0.0
-7.519708546229744,0.16107201439692354,1.0
7.341964099042876,3.767453819447848,2.0
9.120004199327695,-1.4968598814004803,3.0
2.2558905849436,-7.712549447404946,1.0
0.40409191999045646,9.506874385074703,2.0
-9.893090874416977,-1.4340108370080173,2.0
-0.9693437355324548,9.519280166868324,3.0
-0.21325069333789592,-7.888295413952788,2.0
0.12048097667941526,5.045602376500112,2.0
-2.728197654424804,-4.120789034086596,1.0
-0.06079280341741722,4.129347374000057,0.0
7.313120304210521,-2.3999282704852787,3.0
-6.45698841490433,-7.567189842111519,3.0
-2.4840305090540937,9.598945003202822,3.0
3.446615238562618,1.1475428882879513,3.0
4.936187540565438,6.025947856376412,2.0
8.796845787335116,-3.317837906403498,3.0
-3.651533878112801,-8.306309651981232,2.0
9.251821747993468,-3.032231807820467,3.0
-3.345852266214056,-9.81688973576035,2.0
8.065287380256041,9.251293434565241,1.0
-7.632985676317665,4.573557110808862,1.0
-7.884659274766433,5.10737311459161,0.0
1.0419879706429942,6.7555230909720905,2.0
3.7912740314201017,-0.8421344847994483,0.0
-7.817677512987262,9.156208618241855,0.0
0.06408481841218183,3.1533868195521535,3.0
-4.205422797788215,8.752480666505662,3.0
-8.48355769873383,0.7734401388637622,1.0
-0.604294731122776,7.352546794443025,3.0
4.202722580070377,1.7311895073152872,3.0
-3.8147111538466056,1.7432919457229978,0.0
-4.775668381126669,1.056552768993173,0.0
-9.316495681842012,-1.9050763557767496,2.0
2.2616636974793813,-6.517215432203988,1.0
2.4056304268153603,-8.32310557837249,1.0
9.434899225100384,-6.479094857831411,0.0
-5.445706036843212,3.5316067362338828,1.0
-4.533841002844225,7.692662462158875,3.0
-6.862347674022809,9.510173879189768,0.0
-0.0988456573123031,0.698716014525429,0.0
9.84783768229304,-7.881613115516752,0.0
-3.4408797355068614,-1.7406177836439483,1.0
-8.025627707150825,6.886075218409488,0.0
-8.039722455986087,2.114365439004537,1.0
6.075156068037032,5.519871630533693,1.0
2.7583924319203597,1.6596340321302616,3.0
0.14470582372321772,7.611572911708485,2.0
8.37496841707037,-5.315649865845562,0.0
-7.000153908491726,4.512999505056577,1.0
-6.508412601191893,-1.2776162802416096,2.0
7.462715394968303,-3.527693092896344,3.0
8.516007714790234,8.19168068771052,1.0
-3.438563077462085,7.2229700989809515,3.0
1.173236904308073,-7.545501736208305,1.0
6.015650877504726,0.7337524737420473,2.0
-5.285840140753257,-3.3247838716491485,2.0
3.373114693527688,9.994956582400484,2.0
7.702534982784364,2.4453147482770987,2.0
-3.1159261485329903,-2.734527064032397,1.0
2.194435389438185,4.185607809931053,3.0
3.0265176242651926,-0.5533661405752515,0.0
6.855691297276255,-3.4174099806010494,3.0
-1.8339179080217693,-4.5176075844226755,1.0
-1.1600738541434712,0.7666697922446133,0.0
-0.021904637781887004,4.452314759063899,0.0
-3.2393317240024277,-5.141547273287969,2.0
-5.9980985305056915,-3.5235648526318446,2.0
3.942183216925276,9.403640247869955,2.0
5.332168019155128,1.721329653073811,2.0
3.805727935828216,-9.62053813126849,1.0
3.252051976346646,-5.025553294290621,1.0
3.0137325880707913,7.241223928117218,2.0
4.034607282299412,3.898541652825065,3.0
-9.790837066253278,2.1380897556565,1.0
-4.531573649072341,-5.573759580540585,2.0
-6.389486448057435,-1.3696663359677537,2.0
-1.6786714898296928,9.947790379047674,3.0
-7.5156226171889635,1.6857530891804728,1.0
2.153942739722524,1.245555171904659,3.0
5.194814831816199,1.3133913108903386,2.0
-0.6845393419642338,-9.161368087572757,2.0
-2.0877134609503667,5.564111307549897,3.0
3.4012730423812716,-0.7298198681326937,0.0
-5.909459220720472,9.912572178820685,0.0
3.3338350737104694,3.504455726324087,3.0
4.493795568550418,7.589861732607218,2.0
-7.308698167641161,5.306353356429012,0.0
4.087199978724938,-7.192081142794824,1.0
3.247692977131212,-2.007555824451382,0.0
8.522911436250034,4.102662995389043,2.0
-1.2429826774245143,4.1661848064422795,0.0
-3.8042821845607078,-8.687295856311616,2.0
0.5847711938595097,-8.765991279411159,1.0
-3.0764125221700596,-2.5806021495152676,1.0
-3.2870379762340596,-6.623219864668377,2.0
-2.0021990057494277,-7.46044966766239,2.0
-1.2806552502463582,2.1761675513248075,0.0
1.0946046118516488,5.990569591908315,2.0
3.8718184670806863,-5.029757304867601,1.0
3.9254924031274285,2.846704452144337,3.0
0.35761351829095744,-3.1207055412510893,0.0
7.409546617059753,-6.3537226258920505,0.0
7.254323505667941,-7.742141438539032,0.0
-0.40259142195886,1.3064191975789523,0.0
-5.177277572983499,-6.918531712052376,3.0
-1.7185323474134417,7.815965663183185,3.0
5.734508867753206,5.0749439901822555,1.0
-7.095560724605161,3.1635370670348664,1.0
-0.8466096916973669,-6.904728510238356,2.0
1.6776476843269084,-1.6869254912260132,0.0
-5.6454852886552365,-7.758316256637652,3.0
-0.22746211973536212,-0.5051768667695455,1.0
8.968223230032311,-2.955995199413004,3.0
-8.036563709056036,1.8861053294619836,1.0
9.031714331081837,1.7293404910704968,2.0
-6.217678964652125,-8.392387363682474,3.0
-4.473321173623801,-5.6053796116171295,2.0
5.91987032629984,-5.143189036330806,0.0
-1.1786683093499146,3.953755252223461,0.0
9.98918380747902,-8.654644505952927,0.0
8.60442598751753,-9.818955895469013,0.0
-3.9045591014981307,-9.352638998326414,2.0
4.761694895493303,8.936345740038398,2.0
-8.97261454583977,-5.812170990454737,3.0
2.969776536798163,-5.799684814318578,1.0
-9.968273128568761,8.62357734983825,0.0
3.1543386221361693,6.467026027773851,2.0
7.98928660324108,-5.77183776054075,0.0
6.340139606127238,-8.652721156201533,0.0
7.031591810346317,-7.237587517248811,0.0
5.927307434528206,6.722512340356516,1.0
7.728923394526838,-3.79768709091654,3.0
-8.215032818324621,-7.983038134188753,3.0
1.484354901498735,-5.423483239550658,1.0
3.4489343059569713,-5.00321973943927,1.0
-9.10012048462032,7.014705602827512,0.0
2.162133196625609,8.276631763643287,2.0
6.567322753428719,0.7809938552289921,2.0
0.7432044146570789,-5.08819826383335,1.0
0.9432193206649444,3.368658850727524,3.0
-5.5079911369432,4.336304116753402,1.0
-7.253307138967551,-9.814223678103858,3.0
5.702710317735271,4.136521364578456,2.0
2.4950254051636005,-6.70451839882805,1.0
4.852386546120982,-5.089819553555963,1.0
-0.8588136066437286,4.383915621753241,0.0
-8.825822450759468,9.298132806150171,0.0
5.279963836057821,0.15288491885027788,2.0
0.5868642604084009,5.6881087120449685,2.0
6.689144825858108,-5.116110266420291,0.0
5.7120224086435005,5.014314198601586,1.0
-9.684038182394781,-2.0801053324081646,2.0
-8.785213121441398,-4.109302926483567,2.0
5.43188886413682,-4.040981681370164,3.0
1.7771370440126653,3.54701627061117,3.0
-0.037792437918827915,7.382656602884726,3.0
-8.244493369543493,-8.14016821475503,3.0
-1.369531731483832,0.48801240994030337,0.0
1.151132955430894,2.807805031691199,3.0
2.4214447903807823,-1.2248218138385205,0.0
0.078465534654935,-2.8599623982237476,0.0
-7.540928242031648,7.508835862695186,0.0
2.1385653374942812,-9.360193155629675,1.0
6.85480171436404,3.8678911253227977,2.0
9.007850168553464,-6.64924000495372,0.0
6.992907445377298,8.112541640928686,1.0
-6.377912257700029,0.9384813414855095,1.0
-3.3585675004607696,-2.4696695280711634,1.0
-1.8348590940201284,-4.793882713704473,1.0
-9.072950965755881,-5.768569683585943,3.0
-7.49370377118709,-4.55042750216057,2.0
-9.349106666507943,4.557497860656746,1.0
-6.572452626527032,-6.631705878323293,3.0
8.784545153482593,-1.3442031897571578,3.0
3.1064453775951613,-1.465899966421576,0.0
3.545205367786007,-4.0508029444630544,0.0
9.86611357334574,-4.09051148976546,3.0
0.9790687364391193,5.052854935103566,2.0
-0.4709780980484126,-1.4462563279518896,1.0
-0.6473577691799335,9.418477276670842,3.0
9.08073254253025,0.2879439477029564,2.0
7.152749921247178,-9.415096560706722,0.0
2.035001649294264,0.6079009976887395,3.0
4.988533181781985,6.125496408914625,2.0
-7.963246647896803,2.3717038068147396,1.0
2.0920782583957216,-3.6543873405589666,0.0
7.302680749422986,1.7169393329152332,2.0
-0.8725692181958244,-8.07827405505806,2.0
-2.353687123348573,-1.4219393748773879,1.0
4.488634825839373,-7.192796800606629,1.0
-9.646171670095022,-2.464514428463125,2.0
3.340450429111673,5.9365913728560376,2.0
-5.7288876895442975,-8.944410955061535,3.0
1.602238816404391,-3.83427962266524,0.0
-3.1579463520240107,7.577573785538789,3.0
-9.65994415924143,-8.678736657783139,3.0
-1.7704548773903994,-7.494572526264842,2.0
-9.756147851191797,8.899730022576396,0.0
-9.59536352866732,-8.6014816651203,3.0
-8.51861200761229,7.858656230963316,0.0
-8.586644405954196,8.423977694054841,0.0
8.150167244112644,-6.6420526815086305,0.0
3.2736365870368367,7.768329112265576,2.0
-2.186336976034151,-3.78359759769088,1.0
-1.7110633717718358,7.591592795228639,3.0
-9.247761664290419,-1.587835023746564,2.0
1.3208879601368757,-9.708065598735086,1.0
0.4918970552545048,0.3349412469815256,3.0
9.576582936810254,-0.23688181168451017,3.0
-6.613248255436634,-0.4309679122369765,2.0
-3.4872759384157277,-2.266490243792674,1.0
5.576263497982826,-1.2119960728955448,3.0
7.208126733679979,3.9434001567582797,2.0
-3.7161829366425287,6.889148972597315,3.0
-5.7489066215240054,4.723831903426504,1.0
6.231157101491011,0.6562035659506478,2.0
-9.756742236150288,-2.200162765396887,2.0
5.952335889980713,-1.98661226917954,3.0
7.496260984525328,9.83331214174084,1.0
9.297682600834921,1.7204406022569412,2.0
-7.7194744408566525,-2.7930351908347406,2.0
-0.20445925839757173,9.693257953861618,3.0
-5.086614174172035,2.12320222758642,1.0
3.5774892352957153,3.6109613468972146,3.0
8.30967750089103,6.016589947282235,1.0
3.2546009681684236,-3.7385235709406306,0.0
-2.2889761200811076,6.391894357758645,3.0
-7.956160062769881,7.20067610123591,0.0
3.061086140704944,-6.399489487447343,1.0
-4.7469690474215875,-8.346879291363084,2.0
-7.845339338972512,-8.773186799321255,3.0
4.4705054006034075,-0.9484089403219933,0.0
-8.252818883165622,-7.458057018817197,3.0
5.980113086655809,2.5540520353750207,2.0
5.310502019884176,9.437075039427533,1.0
-5.110127306266823,6.440633059659568,0.0
-8.99746284420486,-2.406742158060437,2.0
6.360433530691182,3.317215355129658,2.0
2.499803397390874,0.6894841944364742,3.0
8.687842065519497,5.7770044349433665,1.0
-9.784161694891209,7.753550559403077,0.0
6.751012950082391,3.4544931436628765,2.0
1.6106763511038142,-7.929819827963158,1.0
-4.223300112649713,3.3201375825808626,0.0
4.85058872578616,8.85841476308886,2.0
3.9538508744590537,9.154741071688328,2.0
1.974810701352279,0.8461526273979345,3.0
-9.251637305860214,9.605238456423155,0.0
-5.893116003709733,9.04805852844618,0.0
-5.990381921812853,-3.774208681723257,2.0
8.032973097607886,-2.8893654880352315,3.0
1.6426984928631505,-3.06895520087501,0.0
3.6028339925190362,1.7100134569760144,3.0
-6.750523948820826,-2.463412777416771,2.0
6.5708126933946716,3.7901735198052613,2.0
-7.357032348066981,2.179944376615108,1.0
2.7476947593320453,9.845514920938918,2.0
3.2706481670391856,4.802067566983146,3.0
-3.014007795310709,-4.072566216793721,1.0
1.3906907690376773,8.403561345986567,2.0
-0.8877945075882625,1.2881887445171518,0.0
-8.539206878437366,-8.17076743664645,3.0
-5.866461335465369,0.12099281899654102,1.0
-6.05448125125635,7.114730892705342,0.0
-0.5017981600261159,-3.0795020042936123,1.0
1.8213055344068803,3.5843645244965057,3.0
-5.422273489646137,7.777708221630977,0.0
-5.043100403596608,-3.4450940528579004,2.0
-4.422966211768959,2.8874904740334912,0.0
9.414591674171525,7.479156787872903,1.0
2.737411096529156,7.161313539941638,2.0
9.14608063676219,8.270516647101125,1.0
-6.156897516696258,-0.5041347191072649,2.0
2.032483495038946,-3.1117128992911596,0.0
-8.01121491746948,2.8720571627267155,1.0
-2.0081955089805925,3.2777805613108413,0.0
1.636683975158883,9.131146298003781,2.0
-4.161248318296451,7.643006590036023,3.0
1.673617134263278,7.097327356286591,2.0
5.986228197324186,-0.7635145064178133,3.0
9.818734123668282,-0.31162077398756693,3.0
-5.238146529690022,-2.799261213722863,2.0
-8.430263931848007,3.875356178828701,1.0
4.555879909435186,-8.429011180532193,1.0
-2.2628674406320552,0.7056885966371258,0.0
-3.2302931946085263,3.603495703890946,0.0
4.38093256904844,2.4786817569749857,3.0
-4.984773984327688,-2.1082240356047777,1.0
-4.1558948877189135,5.938157971336997,3.0
-0.5154164869047726,2.7129851441464083,0.0
6.767565387808517,1.572938672271217,2.0
6.700002753757953,-9.777377763703194,0.0
2.3493882171879577,-6.441358268219151,1.0
3.555280979472572,-0.09383422354634874,0.0
-1.2276270885009986,-2.228565819388919,1.0
2.7534480390184584,-9.680214849385063,1.0
4.6358170113846935,8.726671545270708,2.0
8.003413107289955,-2.3989412931213376,3.0
-7.07752834886594,-9.655619251554215,3.0
1.208107782972414,6.962515487311197,2.0
3.060344780055967,5.469998369219722,2.0
-4.913376489244148,-9.274630851805252,2.0
-2.4554873225390406,2.330365885725671,0.0
-4.626315207344041,6.4681072646939874,3.0
2.100815896549289,5.001294332491424,2.0
-0.8698056838980719,-4.026417747666946,1.0
-7.538682879816953,3.161737125441107,1.0
8.49543878170622,-4.718435505137402,3.0
4.781057556300333,-0.6273633195128134,0.0
3.5744985098498,-3.2929104893626597,0.0
1.6909781851670473,-8.26611342094887,1.0
6.0844414210664475,9.207317398640157,1.0
0.7709124479092218,2.9453054471223528,3.0
5.894881359654665,9.994194167338463,1.0
6.8226308207792385,6.873114136948338,1.0
-6.298492120013968,-3.786944960539815,2.0
-7.2228384406585855,-5.47407784824915,3.0
6.035820255856773,-8.834249561959789,0.0
-0.27399200734290474,1.1375481406354488,0.0
9.43609563870362,7.020125390515037,1.0
3.2879515378055313,8.501291770264835,2.0
1.559529636357432,1.8804058839875903,3.0
-5.736895088258349,-2.4524265177066535,2.0
-0.9671195890061632,7.078706706454064,3.0
-4.114302488672412,-5.911669515339684,2.0
-9.53691625250113,1.534326344620574,1.0
0.6911673438123671,9.903987550266343,2.0
8.126376214636622,-4.715322434438716,3.0
-0.9708354433041837,5.939818137821176,3.0
5.153326186343399,2.9317465638512097,2.0
-5.836631549289873,-8.73539113635413,3.0
1.9162681040045104,3.2890287131494826,3.0
3.5522753251017924,8.145925727908029,2.0
-9.79046600406646,5.920774347373602,0.0
6.519169359333134,-0.2126607257618911,3.0
2.692777310506944,0.011474422296277709,3.0
-7.280247647244032,8.237115971248965,0.0
-7.671658673217216,-0.4755310231126213,2.0
7.29044509216687,9.610310079086258,1.0
1.2906710444701837,-2.9586863860904877,0.0
5.250846103160756,9.317486456058269,1.0
-8.735630562073025,3.9626091001441477,1.0
-5.813649927206517,-3.558883725858566,2.0
-3.6091648331725867,8.51238885564478,3.0
-9.18466239099967,0.9047047715680083,1.0
2.187692594140172,-7.894089836842326,1.0
-5.68552935412288,-0.15263916566100733,2.0
-7.998164378394952,-6.300054239957273,3.0
-1.1671053935617728,0.23841163295442946,0.0
0.1736343585863871,-1.7587957178760423,0.0
1.1680987588413423,-3.8065606564435335,0.0
-5.0168057387269505,0.21578217520265497,1.0
1.3342476343496834,9.452862345652772,2.0
-2.3635625238790414,4.547335353275276,0.0
5.118707350228593,4.052000592686664,2.0
7.424012227656622,-7.5614773519913125,0.0
2.1700489106778047,-5.688292522214269,1.0
-9.370984712458458,0.5146376277464455,1.0
0.04759457356707131,-2.528420478669875,0.0
6.585126013050996,9.46165368278458,1.0
-3.75309220533925,-3.776133464219244,1.0
-6.971974659655693,1.3595262681806393,1.0
1.7389700084886588,-5.944213342461913,1.0
7.039441909282619,-1.0296455321432099,3.0
4.834170856596707,-5.3767409827461154,1.0
2.545620671287674,5.288542708766039,2.0
3.2131407878926677,5.232640874516353,2.0
0.3809279020785521,0.11672286074190197,3.0
-2.260441904242594,3.0036621095479106,0.0
-1.9982597311944623,6.457417261268354,3.0
-0.5613601626550402,2.0565890392535575,0.0
-1.482104357749666,4.481284775939763,0.0
-2.0347626135917256,-2.2918504932106014,1.0
5.536730622851563,-6.105168864946771,0.0
5.112722797290353,8.044832768090608,1.0
3.1807822192018307,2.991352732467014,3.0
-8.672084726406297,-1.4585651020439823,2.0
-7.496332837356152,-5.16853155708179,3.0
2.79359771803019,-3.4014520751035127,0.0
6.7286577920435455,-7.800289844395176,0.0
0.9541474387009803,-5.681613678921778,1.0
0.7200952047807014,-3.0466190572565814,0.0
8.068559435304131,2.7741330462281653,2.0
-1.01973215994159,0.8366747432073289,0.0
0.9225301318528096,4.596423930424251,3.0
9.512201748734583,-5.2139365236039055,0.0
0.9292556473746938,7.745438407242062,2.0
-3.849138489973658,-4.584130540070821,1.0
3.5242696770554627,7.305800525516162,2.0
-0.8233089820354031,-8.360143731589684,2.0
-9.013527576101584,-6.7317081179506495,3.0
4.704168574753389,1.8706234742030254,3.0
-1.7370598732053608,-8.604782916728144,2.0
2.4667497397978764,-2.8785132393273223,0.0
8.867698197652686,-5.429410107113237,0.0
8.287110892029094,5.8158299461047385,1.0
9.589929829635686,-9.408788357540335,0.0
-0.24792326127934672,7.900346737879026,3.0
-7.340561810088733,1.142384118099402,1.0
7.916262463460697,-2.364006752401595,3.0
0.6532257764017739,7.429045732095002,2.0
-8.673489239387482,-6.947814216043868,3.0
-2.8590053476425403,-2.406604461560411,1.0
2.8085743718474383,-5.450235077783225,1.0
9.70626194644828,-1.0409932109658762,3.0
-7.2182117185446355,-4.110037112262235,2.0
2.7573684560313225,-7.516396856714853,1.0
-7.291993400783856,-1.6283997834253903,2.0
-9.958048625206645,-9.034759239756369,3.0
7.4947705093404835,2.572407436190261,2.0
6.990587352589316,-4.440219933243004,3.0
0.4478598183467568,-4.8052747754885194,0.0
8.228236540655498,8.30605165998804,1.0
-6.050361297496654,5.112124362268247,0.0
9.54124832009028,-9.032644018388762,0.0
3.378202683750054,-1.7194271556811387,0.0
6.684558946115448,0.050376208859653104,2.0
7.302090215299927,1.52341480813541,2.0
0.0004247091486657695,-7.266600685503124,1.0
4.5124890172002345,0.08229139741430558,3.0
7.566678205694231,-9.836984102422237,0.0
7.440175860460776,5.355553520491645,1.0
-4.0359018856070294,-5.770523840018679,2.0
7.325336558458897,-5.40521320609987,0.0
-4.239436996006347,5.1902863279952545,3.0
-0.17209638362809265,-9.96393634425511,2.0
7.61848789014401,-2.689144924467925,3.0
3.2849275415897257,8.569230460686967,2.0
2.2911599129508744,-7.806288039118778,1.0
-8.989822241418103,-1.9345447424543813,2.0
8.640479220236706,-9.677988230215464,0.0
-0.6639163735405518,-9.308749646504442,2.0
-8.307411021018291,-0.9136879596318632,2.0
0.4582877352034931,2.2498506821224282,3.0
3.0904798082264655,-2.255097133982458,0.0
-5.611734514600544,-1.2965464260441664,2.0
9.82654384687794,9.010968964198664,1.0
0.43642082538048044,0.2422219818481004,3.0
-2.7085997350988222,2.382220643493774,0.0
1.7413466264621018,-5.271235516458084,1.0
-5.004671766023209,-5.735723525197802,3.0
0.25983860153503,9.055382639633393,2.0
4.195634509391352,5.150431359034933,2.0
0.5977770910757645,0.8564710151734118,3.0
5.216702760445598,8.820387140075646,1.0
9.346814906908449,-5.18354283250072,0.0
-9.107698850378716,0.8089143664830978,1.0
-3.3895443470951676,-7.835234372182294,2.0
-0.8052378540907554,1.295245850114222,0.0
-7.362676957414078,-7.172107948345136,3.0
7.040871239221076,2.0466148253663103,2.0
-2.105135921946948,-4.2759153003303885,1.0
-3.09856740203319,9.543485527154417,3.0
-1.6334558230381386,4.749686475334231,0.0
7.628647299577629,-0.010134012584014584,3.0
-8.416418153189083,-8.62612070171956,3.0
6.433809800974412,-2.3034545531825668,3.0
-2.30675790160727,-0.44379221699858107,1.0
-3.3898470777129113,-8.002175062737047,2.0
-7.209264401595304,7.219982406010782,0.0
-4.641706399272724,9.802156122687201,3.0
0.8212341243809824,4.447490650795952,3.0
5.110392713258253,6.904264301822291,1.0
-2.080790426444416,0.34995590310051483,0.0
4.419773682261091,2.3859765457500046,3.0
-5.685455220011642,0.9582215662636493,1.0
6.593866158415906,-0.7995832749592235,3.0
-1.9558716549432003,-6.557760202621024,2.0
-0.6469444797132784,5.690612630476895,3.0
8.9243801072835,6.146035204121084,1.0
5.120950608214629,-4.855219267203983,3.0
-3.3742716089662235,9.848068067809976,3.0
8.190876052746344,-9.777582046520655,0.0
-9.85666314509637,1.1659732731593948,1.0
9.567340144292938,-7.059937810281632,0.0
-1.9016648499287712,7.73186651074322,3.0
-9.657696986133864,6.285392274470624,0.0
5.972559816161716,2.5710811068187738,2.0
6.8119908896733286,5.551454775337852,1.0
2.5260001346100562,-0.033399293467024194,0.0
5.084984863518159,5.461349590844469,1.0
-1.9130370346603627,-1.3653595518700428,1.0
7.237698357995228,-3.9425518067462884,3.0
9.552895818639367,0.7703096578782986,2.0
0.3868500031740574,3.372281329729315,3.0
-8.961683069503882,-4.636050686989053,2.0
-7.999639998376056,9.538321177602008,0.0
-1.841589992081845,7.001367417698255,3.0
3.038604556626222,8.707300575177008,2.0
-3.001086695706004,-8.470621997093108,2.0
3.4764437802049954,-5.183836965667448,1.0
1.5870301695205775,-3.5917165674049407,0.0
-8.958804635080602,4.759786559582462,1.0
-3.033803636599515,1.6114412578398625,0.0
4.981269755143991,7.535692036577387,2.0
9.005678694150518,-0.909580093777393,3.0
-7.93962453756377,6.920538514412662,0.0
4.077660124176232,-7.457521652542301,1.0
-0.6523764360624913,9.410503786315147,3.0
-1.5826995322517199,7.864076486733424,3.0
8.145688338369414,1.3216073435732767,2.0
-1.2470641342298485,9.889485459064066,3.0
1.7903071136692628,-4.523404273152824,0.0
3.175970792253457,-9.690040808983483,1.0
-5.629495792237124,4.285696840400721,1.0
-8.27070704567692,-1.6604452911917207,2.0
7.585715979546329,6.766137629111881,1.0
-4.741344709962574,5.4403149527598025,3.0
9.301578841076473,7.80561282823804,1.0
-2.0251931204545492,-7.636276610421722,2.0
4.551484481094754,1.9149888094211143,3.0
8.670602437213745,-5.291528866162967,0.0
4.891279960743891,3.4827017532142044,3.0
5.667275505830622,-1.62581225844667,3.0
-4.746307413781043,2.06974816819921,0.0
6.99990154178246,-2.8808040308138843,3.0
6.141708693633085,6.484290338376752,1.0
2.014187036906762,0.6484271370013666,3.0
-8.027951826419965,-7.159550515826134,3.0
8.73371045775228,1.6188457422429252,2.0
-6.905061620180371,9.292464107112991,0.0
-6.619165859415537,9.628505588837726,0.0
4.106224650466675,0.9203635471339346,3.0
-2.8642411763975435,7.999926149280302,3.0
8.737752783532649,9.884050276967745,1.0
-6.284310410668407,8.853826654212568,0.0
-7.075258783581271,-2.4472843067770134,2.0
7.33827520954047,-6.8610499840383365,0.0
-6.339613425905004,-1.9813047154559058,2.0
-2.8188698395657363,-4.015070661176896,1.0
1.7020872906987332,-5.975511351610989,1.0
-0.8576542339049453,2.101443812308501,0.0
-6.371611746446135,-7.855387554467718,3.0
-2.8768638453288053,-7.606023800669757,2.0
7.122364061909931,-1.7331591690210821,3.0
9.211331133247931,0.33524351993825263,2.0
-5.224183778365146,-6.519483632326494,3.0
3.1812679744009937,-9.133694570167009,1.0
1.3697942959951739,-5.935317934568117,1.0
-6.921875644181565,-9.679280570181223,3.0
1.947525465409223,0.6715740380144037,3.0
9.22579260551926,5.670349086738927,1.0
-8.061681725411947,-4.635751635473251,2.0
-9.145244321866004,1.3573372370357575,1.0
1.499910090426411,3.245817248693454,3.0
-8.484543178277251,7.371340284525097,0.0
-8.281942526483066,-4.409719907666747,2.0
-7.692896098209832,-2.8908166015492576,2.0
-9.053596466172465,-6.3370717456609,3.0
-3.1358169966350076,5.038290088494017,3.0
-2.29777031771712,1.7712987791230734,0.0
1.694456896707715,-7.343316287119661,1.0
-9.418005735089384,-2.947236584094213,2.0
2.98764122990468,7.031741237940359,2.0
-3.1348294206177485,-7.101069486681546,2.0
8.4315569130789,3.7778657160453637,2.0
6.793944021397163,-4.778136822047559,3.0
-8.163542516922126,1.6509516151630326,1.0
-6.099743314006467,-6.079533634669194,3.0
-7.356223327914114,3.5426932480311084,1.0
2.9687148931821525,2.697387266231466,3.0
6.384909308928709,6.267835829692977,1.0
-8.779613481378242,-5.073066058144229,3.0
-0.21227536658863855,-2.841076762231472,1.0
-3.6050263258609005,-7.858362196930065,2.0
-4.843336575140196,-1.6597784875498434,1.0
1.522502083016942,5.621691646936455,2.0
-4.151328054208303,-6.126150119888607,2.0
0.2337041251679146,3.2010238426501303,3.0
8.363474764098221,-4.438817568461384,3.0
6.382744464751479,3.799512912977683,2.0
9.132678154181995,7.306031790052444,1.0
5.163929654509529,-5.834485692661254,0.0
-9.951176859473591,-2.770582452677262,2.0
-3.3986576516942124,5.935227219362169,3.0
4.787473997341369,7.1467875343629075,2.0
1.9667504422191033,4.144567890590608,3.0
3.7202629539476497,3.1831724264846244,3.0
4.938686610112132,1.591958606266024,3.0
-8.549436950203473,-2.0880223055872715,2.0
7.479678598882462,-0.0837425278731061,3.0
0.9179884991864782,-6.084113887094054,1.0
-7.4307107361031814,-6.084184798832597,3.0
-1.2568868447553108,-7.471334735682349,2.0
6.9684583419327275,6.180550520898841,1.0
-6.324349132052847,8.158326312483894,0.0
3.10246048510972,-0.23783023651171753,0.0
6.811570779164679,2.6599949710365394,2.0
-5.377842344030426,-6.496606629336005,3.0
6.5993676746382555,3.775358575746459,2.0
-6.097533335967973,0.5982913235146743,1.0
-1.620628410029628,0.2578068967037712,0.0
1.9652474270070375,3.824441242961507,3.0
2.9980846286143894,1.145182029316631,3.0
0.33995082785315134,-6.27310868826803,1.0
5.689668033159441,0.34921437384555176,2.0
-2.129953138970846,-7.5274752566288665,2.0
-0.22549004898164426,-5.358914137618893,2.0
1.4487473871933414,5.605010218579334,2.0
-4.247767621220921,7.038027306100197,3.0
9.774765392107064,-5.376475689426526,0.0
1.4304219929837565,-1.0625575981822717,0.0
9.49022750654498,-3.8279299325871303,3.0
4.057577357711111,0.8350053053026727,3.0
8.000725283257985,3.2535098795171535,2.0
-6.821317640365319,-5.953285179872985,3.0
-2.3871405864029267,2.0860575890710535,0.0
-4.157118380736373,-8.996673292825605,2.0
0.33478101384893577,9.484857680495299,2.0
-8.896531690390528,-8.080045056694436,3.0
-5.20253921567565,3.1975044606611807,1.0
8.379518865866654,4.864519718606854,2.0
-5.140352181271364,0.822029719739044,1.0
2.8143459094904486,-7.349694749878162,1.0
-7.710632613397301,-1.8699049771789706,2.0
4.129163892420539,0.7118005908776208,3.0
-8.9984259079512,-8.961044269293337,3.0
2.140042561385515,8.637376883980338,2.0
-7.704509950162928,-0.8735731177489718,2.0
-7.611207308749448,-6.3078035980479985,3.0
5.001122419306693,4.16260436771223,2.0
9.085932423615667,-1.8736428695195873,3.0
-6.01109493800382,9.879190010381386,0.0
5.407588686038466,-4.6965555153535625,3.0
-9.835488125056715,2.7390366493542615,1.0
4.277438283159835,3.200816967235582,3.0
-2.2365045482590524,-3.466003218537404,1.0
7.387815043135216,-0.7172047424714751,3.0
-4.644437636774741,-0.3539108231513648,1.0
-9.82031068469189,-2.8205970652203183,2.0
6.62905192456989,-0.4701433983932173,3.0
-2.0754738180682297,3.1899491468392966,0.0
2.7471396736617564,-5.827504623167243,1.0
2.479372297723824,7.824955335055979,2.0
-4.963337072969283,8.835943159276155,3.0
-9.613903884665921,1.8766708788645836,1.0
-8.211190497200997,4.988576516429951,1.0
-0.076416396732359,-2.4004434922566986,1.0
-1.5952003562623407,1.347019332571799,0.0
1.3097779215005811,-2.541940583051307,0.0
1.7467582392040484,-9.850322341341682,1.0
-2.260081636342079,3.6633260008199375,0.0
-7.781822482805747,-7.869125301118764,3.0
-4.56969002580353,2.1420165754767613,0.0
7.040339730098065,-1.0457945617595303,3.0
-4.093234160340639,2.702314290999997,0.0
-8.668079320881379,1.6084935545493178,1.0
-2.868400998821099,-1.014660878384273,1.0
-6.17046107189026,6.07467878518009,0.0
-7.163151296613897,-7.299348071132188,3.0
7.287431234229565,-9.249125694108727,0.0
4.457910900949386,5.886807728790513,2.0
-8.189141092374657,9.378644391256444,0.0
9.871288486413345,-2.579042639472899,3.0
-2.1919522826492948,-6.887281977999624,2.0
-6.149012154320763,6.598402675998578,0.0
0.7815563937660954,-7.4008180527324114,1.0
6.468627967795527,-0.20459371567408802,3.0
-5.0441808648668545,7.655636097762123,0.0
4.837650067929813,6.861724574667743,2.0
2.2309406120921302,-6.565709969021523,1.0
3.73105512771504,2.1783950146643853,3.0
1.5152850323390048,1.4543695847788776,3.0
-0.6984231879429199,8.14554859430428,3.0
2.4161285652328495,-6.768690157886592,1.0
-9.686637430457886,2.58133488794196,1.0
8.840493280554476,1.1165821491205676,2.0
4.549890283707789,-6.967308551825102,1.0
-6.585850033900929,-3.0396952391635796,2.0
5.921971521054193,-5.340741555236718,0.0
2.385032221331569,-9.984745716917644,1.0
7.454351324735924,1.9148019756304535,2.0
-4.457086379909143,5.303205478882635,3.0
-1.3548846801380705,9.919576384334075,3.0
-8.29814027396859,4.387263988324753,1.0
-4.475145726276375,-3.07603630798236,1.0
4.999708184378317,-0.30172443580858044,0.0
7.379534194069869,8.437438377555107,1.0
-8.194458649403254,-8.963732891464058,3.0
-2.022828888273251,-8.638766359098307,2.0
3.39215034421316,-1.0397922543935945,0.0
9.802284730266035,-6.042637441985375,0.0
-1.7508155554749845,2.5017922894583915,0.0
-9.40942896048723,7.996538712477378,0.0
-1.6205424984040526,-9.191391016925712,2.0
3.6614613696777347,9.956512134750653,2.0
-6.797163262049053,-4.194527970019061,2.0
2.598313414060069,3.2338669698777167,3.0
-3.806486303327885,6.634169818822247,3.0
-3.081258980184667,6.694066555481214,3.0
-1.4783474115017938,3.4078226737887256,0.0
-7.340910145756272,-0.037475878676868746,2.0
0.15110863536545338,-9.932469758885762,1.0
-3.1240288100443543,3.97287230722217,0.0
-2.588361187054762,-0.8251846433494663,1.0
-3.6617577023328174,4.090048685923055,0.0
7.771519958433007,-6.521237233342818,0.0
-0.1963646693287462,-0.9471558146256207,1.0
1.2945524449528616,-6.110077860189779,1.0
-8.731998474615917,8.88132668172722,0.0
-5.357960995248696,7.277169391677813,0.0
3.0985320948701798,0.8766366395378853,3.0
-9.52939559534845,-8.788680808906333,3.0
0.03806338264327458,0.5463332866738178,3.0
-1.8357359774674151,-3.048466113334303,1.0
-4.231054470272642,8.757857972258446,3.0
-9.478155528731227,-9.204281186961488,3.0
-8.830019101528848,3.1481280598989336,1.0
8.734646752935479,-2.302488327096346,3.0
2.421800797959534,2.40411201872719,3.0
-9.608646995360372,6.039465119453109,0.0
-6.960587089295538,-8.57312763396247,3.0
6.2061532068966265,-4.00971020573349,3.0
5.370874229930017,1.794391574714906,2.0
1.8791555003498814,0.15038060197831626,3.0
4.229802281835335,5.1506735011304805,2.0
7.302470200278897,-9.030654923823906,0.0
9.783809944016358,-4.810473180914361,3.0
-4.508355669029742,-6.095654709221949,2.0
-0.08311683811315262,2.0654266883875767,0.0
-9.86527528125772,5.962575478384796,0.0
-4.193609264193521,7.669189272978819,3.0
-5.970798780187232,3.7930441009581006,1.0
-4.101689545759579,-9.161352868542561,2.0
-8.420728885311346,-5.665605518856065,3.0
9.511288241708929,-9.269833384096946,0.0
4.1765134270109385,-2.5329464446868233,0.0
4.238843243205162,-5.204907253402984,1.0
5.027938735129814,-7.278087176456505,0.0
5.936587202323425,-5.155012463030131,0.0
4.14086544255553,6.849168541612844,2.0
-8.631991426122156,0.18894596246313,1.0
-7.871467562075837,-1.3753362598771517,2.0
-8.890283681583377,8.33203369171622,0.0
6.540763984908541,3.491106119849217,2.0
-9.002672531164945,-6.187906282733415,3.0
-1.5230838028391336,2.4255519970404844,0.0
-9.033298012220595,8.508505021699648,0.0
-8.236900216985404,7.149423026706955,0.0
-6.683124629742336,0.28880688569147495,1.0
7.563813151104867,-1.5091309136142321,3.0
5.275275168036412,2.7912511368913933,2.0
-7.665099309613876,2.916886447178392,1.0
-9.943771481195366,0.2244450250823764,1.0
-0.1630312713272435,2.9381677882500483,0.0
0.7541405528464278,-6.459126049585704,1.0
7.988036961042653,5.944151037094354,1.0
5.519516653104057,-2.4474733439459477,3.0
6.816353304153203,-9.345259841835052,0.0
-1.928126120222526,7.201163927457756,3.0
-7.197745971608209,9.444612719854394,0.0
5.739927434732916,4.718072598377672,2.0
0.5633999012948188,3.491464910469757,3.0
-4.269290129286194,-1.0430342388231324,1.0
6.8928757649777666,5.803802159799442,1.0
1.6745975080749105,2.8166569660828493,3.0
8.254668797991428,-1.124141630979551,3.0
-3.448072445942209,3.3429068877370547,0.0
-0.5569164386053167,0.25290238351713157,0.0
0.760043944604023,0.7740013121826355,3.0
1.4820899310391376,4.256483190070188,3.0
-6.908598267095012,3.49994363893596,1.0
-5.728545540885572,7.7920833412558075,0.0
5.557269075099455,-6.280853142045288,0.0
-0.38755591093241826,-7.621123678602448,2.0
5.65128766383048,-4.582787097749936,3.0
2.5430974865001907,-5.630469373242423,1.0
5.4601115821048865,6.736504688449308,1.0
0.24433807867077206,-5.742810552565951,1.0
9.196995580158195,5.90323259705573,1.0
-9.290291446541284,-3.8639120450152493,2.0
-6.2678229347587555,-4.464908420751299,2.0
4.63488489378102,1.2587294581928958,3.0
3.0618377576099416,5.070562985404855,2.0
-8.603775110337551,9.74062101505955,0.0
0.6199378777587192,-7.555693158092225,1.0
8.302145529054965,0.9997082357063451,2.0
-4.941715280669348,-9.737857867161846,2.0
-9.359967680291915,-1.7493746166861346,2.0
-6.412656680112385,-6.995943398378763,3.0
4.336824668278664,-4.934931685130528,0.0
-5.045850980067643,0.6527403224336741,1.0
-1.6205494284495376,7.143680305355172,3.0
3.340965474422841,-4.362381454271002,0.0
-5.010142024693403,7.929055569377223,0.0
8.465434504236743,-1.1091107546686292,3.0
8.304732944443735,-9.067509079348266,0.0
-3.149643617375297,5.27090262091294,3.0
1.372400256034629,-5.410294134805325,1.0
-9.021578111304416,9.801755224711933,0.0
9.473540235960513,9.606905615409897,1.0
-6.923774125715589,0.8329324730581096,1.0
-3.9779192576481837,2.9297300283872385,0.0
-0.8156614146955867,-0.7533121824705535,1.0
9.597386321094938,9.78453297005274,1.0
-4.085464483725456,9.167667720478178,3.0
-1.109062657633535,-3.6860765851249493,1.0
8.97838734968175,3.380985941371952,2.0
-1.1822765163937898,4.609438295664043,0.0
9.200096272599964,-2.4344285205951843,3.0
-9.418211318630068,2.446104033352732,1.0
6.436157551227883,7.869710748699696,1.0
3.2808622139589243,-2.1192352266621377,0.0
1.2795484820774146,1.6926005578850862,3.0
9.791755296249523,3.051293107122415,2.0
7.951005999319662,4.6847434110256785,2.0
-5.681402782188297,5.847636123722886,0.0
9.62658374605607,-1.590149838926573,3.0
5.165721816051498,2.9962782979454605,2.0
2.398341958439678,-1.5382877042866134,0.0
6.140486572517116,1.9531307342550157,2.0
7.044341866273918,7.505041365295565,1.0
0.6696002489164314,1.0131451997507384,3.0
-6.716578633694754,-2.151049423598521,2.0
4.092342655008721,2.1672107098372866,3.0
-8.099411493526095,-7.8752092721375,3.0
2.6248433428978686,-2.790368037445088,0.0
4.5137610714897995,7.672719147896551,2.0
3.9629915189948335,-3.3069406849571887,0.0
1.6925349323411893,-4.803045660028282,0.0
-8.278306309345567,4.339413081708852,1.0
6.89667409905082,-0.21874826482835985,3.0
0.039583871306266616,-6.410320923063626,1.0
-5.486599274730639,6.149728080156407,0.0
0.834241900314133,-0.28522297641160677,0.0
1.5879272673424296,3.1723563124591507,3.0
6.740013825571086,-6.732870698556055,0.0
3.9329962607063536,-5.3249048390741915,1.0
-7.186238653966786,-1.3648928238312923,2.0
-5.91526021830779,-7.1411065157702875,3.0
-5.489029253503357,-4.034907980046334,2.0
8.920964674603571,-2.9930659232467,3.0
-4.60562770286497,6.896627176531627,3.0
5.8617009946412395,-1.375520008877979,3.0
0.5338320908020115,-0.8206096699700502,0.0
8.927370682503412,2.853858876993158,2.0
2.922308532101736,-2.8913824753407047,0.0
6.465611277689536,-1.4962976524795124,3.0
-0.9810876406580711,2.9574841870443045,0.0
9.56603364065332,-5.942871540151378,0.0
-7.369348451221638,-9.84739650824057,3.0
6.474238847582537,-1.814932675874303,3.0
-3.3571816253110143,-5.088959021875635,2.0
-7.786246476551892,7.328858317024224,0.0
-3.2607209587390296,8.23173737349192,3.0
2.631508839066859,-3.712950871531815,0.0
2.257343660050939,-6.919978033912915,1.0
6.154676324751293,-7.805208128901673,0.0
1.3731091601658107,-5.624306736191123,1.0
6.413333458387346,2.026915231876991,2.0
-7.3959512128416804,6.497848265216184,0.0
6.837627676401453,-0.24186237861665916,3.0
9.063439045351352,1.526118087302347,2.0
7.506593168013442,-9.80100983944299,0.0
2.850524104235417,-4.092927190368336,0.0
-8.338916614559134,8.005740002303753,0.0
-9.926784407227258,-0.12004365342364309,2.0
-3.418284339861861,-2.8805695226592736,1.0
-9.345590187576711,9.52101681446418,0.0
-7.832344314047244,7.966983045837001,0.0
6.797639841841576,7.8394941990078415,1.0
-1.3069208216018922,-0.30861246319938473,1.0
2.1257317030197633,0.2923979271121073,3.0
-2.2819432168977993,9.893547567383408,3.0
6.679570801862546,2.587863550549832,2.0
8.582846281227035,-8.49068418500018,0.0
-8.908913854078897,-2.287887042736651,2.0
-0.8654115988559852,-4.77556327017858,1.0
-6.789154942007654,5.96220676426139,0.0
4.768118515119081,2.5384250348665187,3.0
0.86890533907936,1.7489613668502209,3.0
-3.164139603034963,5.915650526540443,3.0
-2.1726448681776382,1.3746737232090407,0.0
4.14032727475081,-5.585091207726432,1.0
9.140489164466867,4.568085976049307,2.0
-3.373946424301069,-6.6765749954816656,2.0
3.505947548213726,3.0490015883023283,3.0
8.350671155580716,4.777899788489325,2.0
0.7124835260292155,9.900963062882205,2.0
-3.930984720398909,-4.800147586641397,1.0
-2.7904198900422656,-8.722321454770881,2.0
-5.222674652841317,4.962686953162962,1.0
3.7496396688592206,-7.610626544921004,1.0
7.4892380079340235,2.5435746507395294,2.0
-5.167798021420387,0.6034827632235817,1.0
8.211187289507812,1.1749717793585717,2.0
-4.055007699279587,-1.854494785552994,1.0
-1.322555308108921,0.9071476259610911,0.0
-7.642135615882002,0.913358730215446,1.0
-4.048928110564121,-1.3705505511159348,1.0
3.5848165497389353,3.765335332514436,3.0
-9.895189617495726,1.8550341218415873,1.0
-2.3088321080630188,-4.812295477502522,1.0
-8.243400236718873,8.594699447926,0.0
1.7549880386467347,1.0518691944065566,3.0
2.162584238033375,7.287663578166182,2.0
4.248008540292991,-6.897934699311414,1.0
4.592706054098803,-7.371620027787936,1.0
0.1024812155868986,2.400592096821221,3.0
-6.766954427474068,6.259746684614967,0.0
-5.104566618954145,0.3672315833995832,1.0
-8.39693939570465,6.325866123683312,0.0
-5.4964804280170165,1.9323241460506289,1.0
3.7255269484844593,7.099537756613817,2.0
-3.6540920185421832,7.805514749708365,3.0
6.1234889882738734,9.389709197555089,1.0
1.3881070890317915,0.04184751231865391,3.0
4.173034890304637,-5.211916927406923,1.0
-3.5042592465542395,5.565235487318805,3.0
1.7864352612859573,-2.0951960926058693,0.0
-8.171917767263178,-0.9354937370893843,2.0
-0.7840238164707038,-4.163592156759339,1.0
-9.25673311984668,9.168193315860837,0.0
5.691996429393619,3.262537495686132,2.0
-3.8114503309912866,-8.35959966015685,2.0
1.2346677074414902,5.006547873566573,2.0
-9.911736344495015,-7.828196234062775,3.0
5.055128383739646,4.650817393094599,2.0
-5.299800177089828,1.046975750304755,1.0
9.244707099626623,-5.698884306025242,0.0
-5.11913397452604,-0.1704441486464212,2.0
9.700277253502485,-1.2752477511810802,3.0
1.6221429505561993,-2.8773250820839706,0.0
-4.458278769808526,-8.281885706146921,2.0
-0.8104223887937234,4.161859518085894,0.0
-6.8572342441290175,1.3103766425304144,1.0
-0.8604763271460119,-7.784856528122049,2.0
0.24910856440295248,-8.654254020747667,1.0
9.590899711908307,9.919136142615692,1.0
-8.987010358267964,-2.1560295727863306,2.0
5.402003814076497,-6.5027147170798605,0.0
-0.5574026866035346,-9.905007191159665,2.0
1.7674755781106128,-5.361105555474948,1.0
-0.48832151917187083,-4.1291586739755655,1.0
7.075236528900451,-6.07986387548757,0.0
4.285962466683271,-0.5531590359943728,0.0
3.0021159433873716,1.8694090251776085,3.0
-0.11957098794676213,1.1919178161625332,0.0
2.384168665846694,-7.24374458531198,1.0
5.584067482759426,-9.38054635245707,0.0
-7.092459898167092,-7.18138556074686,3.0
1.3381431560784343,-4.219950182745167,0.0
7.230892101199974,-9.705608460338135,0.0
-8.855992863087037,7.341072346903225,0.0
0.8589276574061611,7.512525973144587,2.0
-7.704051007646935,-1.5466628862991527,2.0
5.268524650083355,7.928469036136061,1.0
1.8976191297289002,-6.405444385551808,1.0
-5.839796048378998,-1.3023411142163877,2.0
-3.7591256990902906,9.756583083747355,3.0
2.909928267328876,0.15092065693440304,3.0
0.2153482428438913,-8.273660345562764,1.0
2.7451607415378163,-2.65285257659976,0.0
-9.462323465602871,4.528295951894227,1.0
2.8158816918209446,8.230580396843482,2.0
-0.5177404839166577,-2.0177372387586683,1.0
-9.956635833821725,7.527277061403531,0.0
-7.9246658538621695,7.442780097028759,0.0
7.573819537734906,-1.9525341155643776,3.0
-4.514158812752129,-4.606538308817809,1.0
3.6475638470653227,-5.062744782084887,1.0
-3.4390300735282375,-2.8641172217000044,1.0
-8.47073206060898,0.25588414009720495,1.0
-1.232516826722998,4.462126843606155,0.0
1.3988608996371372,-7.884467567197133,1.0
-9.970660663186964,-6.609468328834254,3.0
4.319462342516772,-9.839110456216735,1.0
-5.449112600116523,-1.6985989522087213,2.0
-6.9592084587025855,6.471158703733902,0.0
2.6490231302977314,-5.0202152664768445,1.0
3.730664868501364,7.582968929244153,2.0
2.496267344137866,-9.257663909487784,1.0
2.6736617761931427,7.259355091027761,2.0
3.5885770495551554,-6.2376161723432215,1.0
-4.4938419082800385,-9.871500868781084,2.0
-1.2050084367908127,1.6648314511177809,0.0
3.2182359509892873,-0.20712423999902896,0.0
-0.36634289131490405,-3.5147006036393584,1.0
-6.56335905072816,9.668675534552648,0.0
3.167670080265202,-5.850063579723459,1.0
6.161826043133182,6.07148093019401,1.0
5.868111668768366,-8.75650274192793,0.0
1.9427730953932496,4.304475083609374,3.0
-8.586196985452146,-6.782385793415589,3.0
9.801533772722838,4.77986734713722,2.0
8.8608481784083,9.937268728040468,1.0
-0.22803496987263117,1.6998025420900476,0.0
4.588074153116523,7.66643690495528,2.0
5.634102598644436,-8.5167301856789,0.0
-8.350822034127736,-6.345142189563838,3.0
-4.849731898630663,-0.01993943097971851,1.0
-4.653479418658373,-7.838662694722601,2.0
-0.359922909639522,-9.463579040954436,2.0
5.165034952938781,1.3422089523620286,2.0
-7.722766350946708,-5.690672507210806,3.0
-7.518218862052926,3.2577122574056343,1.0
9.0419118414416,-4.830402311374014,3.0
0.3326867932432638,0.3062442189660004,3.0
-7.135338082462552,3.2087272004256775,1.0
4.6285433894626635,-0.6700646041702658,0.0
3.426703698573874,-2.6432085797667533,0.0
9.174059982207979,5.575415602705258,1.0
-2.0875379656400783,5.054462663177311,3.0
-2.338587876714655,-0.12177578723814086,1.0
3.486988105103631,6.822182566894025,2.0
7.062354333153586,3.489101288815977,2.0
7.591355721028744,5.625820670866339,1.0
9.06344320233713,-6.161955262649279,0.0
-7.310596211673346,2.583625312466074,1.0
-9.223814386653995,6.907158924357901,0.0
7.536971277925069,-2.5844049208574678,3.0
7.172281145398241,-9.639819225353985,0.0
1.154489109945679,8.783599142660783,2.0
7.00451091029359,8.977073942686676,1.0
-8.506087025020612,6.982820663557362,0.0
-0.0007893693416924918,-4.480991233438227,1.0
-9.386964489720162,-6.498051273760018,3.0
5.072962290303147,-8.846290860914936,0.0
-6.529881154247635,0.6021182250642259,1.0
9.81735548863709,8.859771122569043,1.0
-9.51390579592745,-9.734808931685894,3.0
-5.064388223644305,-0.08978847547149904,2.0
8.254473777891647,2.4485011058911414,2.0
0.7123230907543725,3.206485886175612,3.0
2.9620677509766615,-3.1299181805294314,0.0
1.7939573963435507,1.9412654258600952,3.0
7.267299769704284,9.556082659741229,1.0
-4.838945362276023,6.829641833600174,3.0
-3.6555683208044654,-7.919765404723815,2.0
-7.050822547638873,-0.6291510455449938,2.0
-2.2208350904479746,9.302537098802897,3.0
5.595886144662025,9.518845529914309,1.0
3.58115836626059,3.911490626189975,3.0
-4.382079583395065,-2.1567598630913754,1.0
-9.267742188368507,-9.274065496969296,3.0
7.339102968559267,-0.915285980206944,3.0
7.553827295425201,0.20110078939893228,2.0
6.986958839637381,7.190148525755745,1.0
5.6534680551178145,9.348717868592097,1.0
8.230005519198293,-4.201670029632711,3.0
4.324094639723455,-9.885838965201803,1.0
6.102163845120639,5.773125786683185,1.0
-4.593980148933861,2.18277369199968,0.0
5.107445673131233,-1.1852909405723864,3.0
7.219343607497301,-3.7149749732059734,3.0
-9.932932976398888,6.907464943722335,0.0
7.343057366494225,-6.851127763382767,0.0
3.491696874238638,1.3326497364851715,3.0
-2.822648696584009,-8.201526501863798,2.0
2.4536840423094137,5.090485184023212,2.0
-6.742091297350424,4.77801213888883,1.0
-8.111584187152474,2.0862868365297,1.0
1.734776198988257,-2.465296082065585,0.0
3.457085785770108,-6.379803187007871,1.0
3.326408323497393,9.122918486954553,2.0
1.8011597369557624,5.274029576604011,2.0
-8.93917257153565,9.247953696699593,0.0
4.276896589485666,-4.0399446587050125,0.0
-5.068486682071551,9.2847361475329,0.0
0.29968790377136045,-1.2827515342290603,0.0
0.9393342876987987,-4.405427535570037,0.0
-8.488161462870025,-2.7141995148869817,2.0
4.2429123785074285,0.32960752564309104,3.0
1.4336074357831876,-9.503081855732463,1.0
-6.652253329052719,9.333080779834646,0.0
-3.210312342224226,-1.6688448064609211,1.0
-5.010011929496372,2.3924276835549367,1.0
-8.611904075375135,-7.497565788429348,3.0
-2.601681527284301,2.6573512651425286,0.0
-3.0494648239516575,-0.4701213498484371,1.0
-6.2535778072712755,9.864603627038527,0.0
1.2012875058715977,-6.791107949778919,1.0
8.224367944824508,3.4549997566270605,2.0
-2.9856069740463305,7.196333823991242,3.0
9.083512035196772,9.0241089070194,1.0
-3.1368330696708906,-8.21181730800011,2.0
2.397734143694743,-3.2054103296214613,0.0
-6.544916162378023,-6.47324134904925,3.0
-1.9289748629509962,-8.330687918126143,2.0
6.139530558979921,0.7440259969031882,2.0
-6.159310573464667,-6.362481840446543,3.0
-1.8029208819438036,-9.171287451378689,2.0
2.4047387374379863,8.4811081440156,2.0
-3.511845570942338,3.0144241430814738,0.0
-4.98314970115042,2.8912035101304294,0.0
-2.0542954709924093,-9.74283068271343,2.0
-8.254897014970455,-6.174952643881353,3.0
-4.2922047656940565,3.6079815665738106,0.0
8.485223400235032,-7.363558351883275,0.0
5.1475974585441655,-8.642054281271289,0.0
-0.9015735462162962,-6.129102820145496,2.0
-5.0598943800282425,7.051261078573717,0.0
6.470038091313761,-4.3552613215770775,3.0
-4.863110189720031,-0.015026751373936165,1.0
3.8184423790093582,-4.9195284581342635,0.0
-9.18626435745403,3.189101840910025,1.0
-6.617283637432882,9.836141161648044,0.0
4.658565853549309,-6.965582624235209,1.0
1.2506798673771087,-3.233670533234349,0.0
-4.865475567220814,-6.10670929200567,2.0
1.8749893611490354,4.281772219258222,3.0
4.216886117303652,-4.2118748539809125,0.0
6.537673277971194,-3.0979582411426048,3.0
7.6338557406752585,3.848649925213577,2.0
5.460258376144333,-3.424398524245184,3.0
-8.783717921032173,8.799741843637648,0.0
2.942640155063126,-3.9651611094008725,0.0
-3.5074689317298606,-2.552725494673025,1.0
5.723784428282965,9.334204976845719,1.0
-1.7610107607576495,6.432049073987368,3.0
-9.030509094527286,1.4767758372964792,1.0
-9.904537297361335,5.052548759553019,0.0
-8.279308963856703,-2.9346906687083703,2.0
9.24433919702954,3.541918545392871,2.0
4.890041511529667,-9.546648382607128,1.0
-3.8141643071495217,5.270650197510607,3.0
5.10703703072577,-5.5184216506333,0.0
-5.81751895337063,7.894565971846813,0.0
5.098234620637406,5.170072493622165,1.0
0.17229816699800082,-2.214096591898862,0.0
-0.68216956959626,5.580094225418852,3.0
8.396135777327036,-6.597980379167008,0.0
-0.37488983221202155,-3.641660590170641,1.0
-0.49917846278438915,-0.2611905029326067,1.0
-2.8157093798522776,-2.798601310892175,1.0
5.392163652132298,3.7918508909734587,2.0
-0.17910785392556505,7.89042917362168,3.0
-9.771260059465321,-5.324492983454546,3.0
7.982597629137157,3.208313826464888,2.0
5.857311280315226,9.92730422247649,1.0
8.478688069826347,3.987694190128108,2.0
4.218898871717725,-4.828753953935221,0.0
3.433093723259578,0.25571048696880716,3.0
0.22149377594948305,9.479745883534832,2.0
-2.71043574102372,2.668160457257203,0.0
9.311580973074644,-9.350199845613696,0.0
6.205519725529676,-4.759809812221727,3.0
4.899578431966267,-6.911296283883157,1.0
-7.553793641379196,9.181526807579942,0.0
-5.278929084534134,-8.873573594087368,3.0
-7.056453703654924,8.262657102813357,0.0
-6.830238276364593,3.2982849942335903,1.0
1.1605544412992845,5.939865416856572,2.0
-2.6817351100591713,-4.2506656935230485,1.0
4.921250987065539,-2.7571026754516037,0.0
-7.6871311721615925,0.2797294964127044,1.0
0.2524772549258216,2.064604040997329,3.0
-9.028353322019576,-1.1656521182074862,2.0
6.592555830797554,-9.4190847882942,0.0
-8.055810833477246,1.7893385400283357,1.0
4.318994933677828,-1.157588725751392,0.0
1.3845897303181012,5.124940866267734,2.0
-1.9301768349151374,0.6823896271189724,0.0
-4.424002841173529,0.8822264674113676,0.0
-8.686645726755657,3.3714329609668603,1.0
-0.31457949780185857,-8.80012782871705,2.0
6.280592010957214,-4.299727721568438,3.0
1.191009562841911,8.403679710007548,2.0
-9.130732591128517,5.416754811135423,0.0
2.29245362769616,3.947653422036808,3.0
1.5510968746751868,6.638211111788888,2.0
-3.159807067256626,9.070878565094048,3.0
-8.918650786752663,4.265330887437731,1.0
5.128154450658204,0.21808208842465326,2.0
2.345376577975369,-0.5038653190061382,0.0
-3.692515509276875,-5.440115002154686,2.0
-1.8635320401277315,8.975180638117045,3.0
-4.467383200273298,-9.840790012708924,2.0
-9.13152870800043,-9.26107756325613,3.0
-0.9592599600231999,-3.5898696248360817,1.0
-1.4834336803238646,-6.777477934026304,2.0
8.162017660496883,-8.128167289006957,0.0
-7.544259082873552,8.559646663025053,0.0
-4.785569116984889,9.692005700578662,3.0
-6.60800625426371,6.732136973140818,0.0
-3.11526847239624,4.181158226735299,0.0
-4.393923106313786,4.011655231072396,0.0
7.713545810482341,-0.9109701163478121,3.0
1.1826670306779015,-7.3919483217634845,1.0
7.0887952388269575,-5.546494657910492,0.0
5.03976979301283,3.6701925990115765,2.0
-8.637638454296647,0.32784629549009914,1.0
7.3066730839598435,-4.83835920786359,3.0
2.356431573144075,-4.62634053659823,0.0
-2.0086881383772663,-8.883539531193321,2.0
-0.26253097934828773,4.66015394620185,0.0
8.988691942524195,-5.907113321718926,0.0
-5.76953508596036,-3.4529051988571773,2.0
-8.123805061390229,8.07531323608838,0.0
-8.665178600421061,-1.9496024077283902,2.0
2.260071132659805,0.4561841563351958,3.0
2.6585342099102576,-7.565877592977173,1.0
0.5848932705011336,9.128149019911582,2.0
4.956405587535155,-0.41743248583758685,0.0
7.020195287650026,2.1117046301799665,2.0
2.6590383548168095,9.53064281621917,2.0
7.852220964768566,0.41061034868243595,2.0
3.723724467945111,-7.176176023824268,1.0
-1.9632400174627218,-3.412370230089743,1.0
8.5256657005784,-8.525352271177367,0.0
1.1993824609043706,-1.6286085573808613,0.0
9.888591357051823,-6.594241505001978,0.0
8.845689644810264,9.816421828409641,1.0
2.5406073334599615,6.2151421728075,2.0
-7.041221152978738,4.2162333572478605,1.0
5.386891114057601,9.910831514243977,1.0
-2.401980374572748,-2.282652293088658,1.0
8.18140563824586,-6.978607828683321,0.0
1.0365763491390823,-5.276521797028755,1.0
-2.3555036281366544,1.348206766198743,0.0
5.434587624783031,3.3881625742247437,2.0
0.25011778543493435,-2.2442872707055628,0.0
-4.823484140240546,-2.7233727507669725,1.0
-7.965555124134016,8.959793523400943,0.0
3.817242410206319,6.526428237182117,2.0
-6.5634655896156975,-4.045448321492051,2.0
1.6335900628759532,1.5807764866252363,3.0
-2.6016847128546017,3.7847957861307613,0.0
1.5068583540425742,7.635950660562788,2.0
3.251742446300552,-7.724142533863898,1.0
9.872928885902454,5.202495065615363,1.0
3.636753545847391,2.300927646239529,3.0
5.647847628815487,2.1458803585608788,2.0
-5.651759420394155,1.39423237080101,1.0
-8.201814195728687,-2.1510632097065807,2.0
9.726915476328156,-0.80625556018928,3.0
2.8667099121784183,9.628284912561508,2.0
-7.547665186605668,3.105580863320121,1.0
-0.06589251724199663,-7.5625990447955775,2.0
-6.531179295897087,5.831247396654405,0.0
1.5884965036027623,-3.1609229803115824,0.0
7.26910350807891,-0.12821085618467443,3.0
8.186371185213524,-1.6884987543808059,3.0
8.874291905040742,5.430624905174984,1.0
9.05886892288305,6.946409727932419,1.0
-4.276073873652811,-0.603022034750607,1.0
4.2022752435711865,8.987968891334145,2.0
2.0046570455151667,-5.643301309777957,1.0
9.618588525721627,0.16388341190902267,2.0
-4.4926990471138994,-5.050755445594031,2.0
6.875650093161084,-0.22376603027128006,3.0
3.8079165920385414,-3.928787989768498,0.0
4.172576697651039,-7.172446075869727,1.0
-5.388753129404891,4.677827093272857,1.0
2.7008515697881297,-6.283419755024693,1.0
-2.314279715384435,7.599206996191935,3.0
1.2688891206472164,8.591124321982313,2.0
-4.867291541422283,-7.227419500440679,2.0
8.078908128669458,5.754304936527323,1.0
-3.179491896741789,7.905215023550035,3.0
-4.131602087511621,4.053933628429451,0.0
-2.4006798241886624,3.3496215408470142,0.0
-7.218107485439511,9.443110923190822,0.0
-2.577192681723024,-9.067768805241542,2.0
0.1632877089707634,0.5322815864551504,3.0
1.900398035664967,6.8907613679538,2.0
3.934067295724743,3.7067261494993176,3.0
8.15472779878715,7.001102325379211,1.0
7.37144589131972,5.2375818918036465,1.0
-3.0287461593871656,-9.965829287890106,2.0
-7.394038305739318,8.834167163523578,0.0
-6.64016394841971,-7.692529070196807,3.0
-0.31484529139351025,-5.295215757190077,2.0
-8.223421038504267,1.0761719017515325,1.0
-6.339579507494291,3.6967042228931355,1.0
0.296367405815225,7.580099271959945,2.0
-9.774048812663022,-9.605079213533699,3.0
8.866753039076876,-2.8736632556168074,3.0
9.71416230650268,-4.346397584511871,3.0
2.6071356731065425,-6.4203430832835195,1.0
-9.161355313684448,4.218970240441557,1.0
7.398650717419073,-4.737409767382694,3.0
3.395095444271867,-9.685862020869664,1.0
4.229719621541548,1.8507449194508538,3.0
-5.104967502474946,4.073234143746751,1.0
2.407983834836614,0.6651066940095092,3.0
-2.8433888167375754,-5.111074089494623,2.0
3.1292458746687437,6.760299448808219,2.0
-2.550256174609247,5.868221698900749,3.0
-9.36350159472066,1.7815814118483928,1.0
-6.025444024503283,-4.483024933233288,2.0
9.21439642311947,-6.744257364313779,0.0
5.396897916734879,-6.555480855657942,0.0
0.4789677847009006,2.8141661855636446,3.0
6.138811424879357,2.605550293710401,2.0
1.5845345103362458,-7.045529709776224,1.0
8.088993084269507,3.2737321303295346,2.0
8.261809946662456,-3.2100371337232136,3.0
-1.6378515555711601,6.014644999038094,3.0
8.614137058182429,8.422519977983278,1.0
-2.0504453227780957,5.069356354231315,3.0
-8.981505268330963,9.876439615294647,0.0
-6.71875469786992,-6.450019628315625,3.0
-1.1013105765131925,-6.446207658615966,2.0
2.973014969052528,-3.916703865711977,0.0
-7.621892033760158,2.290406541658241,1.0
8.853900957498759,6.965370559186553,1.0
5.499130067114423,-3.5727077181365114,3.0
5.591217014542165,-6.08005402399479,0.0
-9.075093240786137,1.0858239634296112,1.0
7.461149583978454,5.075627648762236,1.0
4.238302405542145,-9.860691594127251,1.0
-9.940169857670583,5.283799845000791,0.0
9.226037630229662,-6.292650626356862,0.0
-8.970250911490174,-1.9231029877977512,2.0
-3.6661451114971015,-2.660380266029996,1.0
-3.7180404629808317,9.21237261720551,3.0
4.844587124566395,-5.135612932848314,1.0
-8.839172955710668,7.39322695160536,0.0
-6.703665457430484,5.696385490221182,0.0
4.415309238984724,6.110717244828756,2.0
5.833333187131151,-5.295190736369557,0.0
-8.863089649007982,6.46708375148328,0.0
8.407005030174844,-2.7391586906545324,3.0
-9.298841611128672,6.138581366682267,0.0
-0.08803165560634163,-4.560602810088525,1.0
4.998452381045702,-5.5538437906782345,1.0
-3.285846347305066,-7.416562793024304,2.0
2.588963401873743,-1.3598788893662839,0.0
-8.15136750592501,2.5312283338152497,1.0
7.103729897603969,-1.4875018464547107,3.0
-7.25141766418475,5.44741326270421,0.0
1.610932001945331,-3.945250241993305,0.0
9.024818223488754,-8.835195066367614,0.0
-8.799403239933882,0.12290931778730751,1.0
-5.865616589179378,-1.879843117825022,2.0
7.671388562150479,-1.345670271001664,3.0
7.011499719739987,-5.109454363801548,0.0
-3.4510047647430664,5.298941971368071,3.0
-9.839878936897898,-3.0711232944788103,2.0
2.4737984219872153,6.019652080292197,2.0
4.386783370895888,-0.5045439343029159,0.0
-2.3434811360761447,-1.0819532470501656,1.0
-3.11596895114993,-1.273444941923616,1.0
-8.819935973800344,-5.4630981530379525,3.0
9.60317939231279,7.820639953161471,1.0
7.734491659570782,4.295798408672338,2.0
5.222042180197803,7.4099581142915625,1.0
0.3536819347139364,2.6609130487711816,3.0
4.29797060825779,-7.671045430383989,1.0
-0.5197856778972376,-4.074523251241953,1.0
-6.189928047164646,-0.3114506057653408,2.0
8.280453376505776,2.860766871466309,2.0
9.434165964492895,0.6003603532216761,2.0
2.300970165907046,-3.85273547758292,0.0
8.666409723045245,2.565716583633362,2.0
-6.805714146092288,4.6354420206762885,1.0
-7.726030699818023,-8.283896568271095,3.0
-0.12370871763507907,-8.565723821610433,2.0
-6.783316238653385,-7.370270600398348,3.0
-2.9178883366613366,-8.328916368676149,2.0
-5.305921788757035,-0.4597330853191668,2.0
4.654633306772144,-6.974175133352953,1.0
-1.5016198585802858,-5.743976888753046,2.0
8.770384790092042,-4.173226110636767,3.0
7.814746196544949,-5.585664012970275,0.0
6.390955593900497,7.240243239905528,1.0
-7.938015300504759,-1.0166482574184599,2.0
8.62075685198375,-8.717608107783537,0.0
-1.9437706234986312,-1.9530999984030668,1.0
6.095417433487114,8.393280050519575,1.0
5.311308208864418,-7.627668875777069,0.0
-2.290198128143704,-0.42347704739819925,1.0
-9.026482995168934,-2.320111669911782,2.0
5.914424985131259,-7.463579743420452,0.0
-5.585124191461328,2.926279819643103,1.0
9.296413747917384,-2.720469750000576,3.0
3.486988096061401,1.330225892366121,3.0
-9.271409711852371,-6.597865307387929,3.0
-2.3094839551591573,8.58778835634267,3.0
-5.076617838070727,-9.052361418091072,3.0
7.331338951622513,6.235778071568944,1.0
4.197262006795743,-9.179366176100181,1.0
6.025242174459841,-8.26951340075002,0.0
-5.009282379478099,4.384111844610896,1.0
-6.2357200508655986,-8.672642423809423,3.0
-5.2713233417058,6.8990696020181375,0.0
-1.9522869200954425,6.420239342104431,3.0
6.493842305862614,-8.109897311608062,0.0
-4.395799621875591,-7.051642345392133,2.0
6.666492171910328,1.5358381267535197,2.0
-4.698454962651808,-8.194697036655098,2.0
-3.680005851414645,-9.636265289393886,2.0
-2.20333022443727,6.346958337349019,3.0
-4.952656341656403,5.318322043411456,3.0
0.24886746290995987,1.0239523663657941,3.0
4.537728200117979,6.213091085282979,2.0
8.141063965089124,9.56536976251748,1.0
6.071251646163137,4.399313271363241,2.0
-0.1853600703311855,-9.48758646689518,2.0
-3.8206068405657962,5.894552892885125,3.0
0.007398391101833823,5.195893254941687,2.0
6.246721497662435,-7.44791670816068,0.0
0.8729640622414543,2.8223364590433597,3.0
9.261961866744695,2.060125998629621,2.0
-4.4656542745166945,-3.4665047105456743,1.0
-7.719352659665237,8.261439121996666,0.0
-0.9669164179532324,9.775770081358019,3.0
-8.641164355424024,0.09513954741085939,1.0
-0.023302987939956665,8.181738559968611,3.0
-7.790822699366897,-0.22008607228803534,2.0
-3.874225537711496,3.7563024954930277,0.0
-4.8074379722091525,8.853646644197607,3.0
6.825992193682659,8.145790920923403,1.0
-8.017975971146354,-1.823425116922266,2.0
3.9063855570347386,5.424468961322319,2.0
2.691340027445621,9.894798776622213,2.0
-5.562326215722404,-7.603251919402179,3.0
1.6233485054291545,-8.339505993568812,1.0
4.587994399367915,2.121572352806453,3.0
6.734645021120727,9.9290141751089,1.0
-8.040848323781297,-1.703324746262961,2.0
6.906623513131901,4.910416589634552,2.0
0.6855293626480581,4.58993159772805,3.0
-7.655645786727945,-3.513546685531999,2.0
8.276245734665789,6.770439683677818,1.0
5.907545857842514,-9.933643979967199,0.0
-3.4159794875004,1.7812072924521622,0.0
-6.96915811602191,4.431115428371257,1.0
-9.654368108170608,-1.4905771340903318,2.0
-7.977355837433551,3.199199796089294,1.0
4.493092682620789,5.664047086593232,2.0
-7.003641918750634,-7.416370614668022,3.0
-1.1799306935367753,-7.58825905909185,2.0
0.07407170364012927,-4.3769627839150544,0.0
-1.6026321960956373,7.4306597491863435,3.0
2.152504679741325,1.4200952763995982,3.0
5.624575564559763,4.655307389997246,2.0
-1.1050026258178374,-7.918665886667431,2.0
3.620992793986936,-4.866194804879054,0.0
9.264299315770227,1.3400452944039962,2.0
-5.486889268512214,3.37832900838025,1.0
8.94201384416165,-8.350152189796798,0.0
-3.4824474580205607,3.153552141148202,0.0
-2.754106280862054,-4.433966969311454,1.0
-8.214922909123064,-6.949595342953749,3.0
-9.250728061473197,-7.890254154340068,3.0
9.401207036866069,4.722355742870123,2.0
-6.107938390640157,-9.755073531564715,3.0
-7.258403794675569,-7.861105862102957,3.0
8.968411254623053,-4.649756129042242,3.0
8.190198870422385,4.487431033101469,2.0
7.941023275841815,-6.312534873349264,0.0
-6.8209272991853265,8.473412709479952,0.0
-8.067147982736284,8.774344848631017,0.0
5.489358470831434,9.664032474689243,1.0
6.899079578988598,-7.27552131854252,0.0
-2.2934458926948365,0.35157281971842735,0.0
-3.9220169125687416,-3.6050821513833586,1.0
-6.765286154252028,-6.054960968752008,3.0
5.6975836671527595,-8.561433947909736,0.0
6.214425067816212,6.159413030501668,1.0
-9.765128820853995,4.46554340333504,1.0
-2.8367095410810954,1.633270844572813,0.0
-8.309910205166496,-2.2715040395002557,2.0
-3.692514402387344,-3.3398230772567423,1.0
-4.302206398106185,-0.9326706554634416,1.0
-5.11458516799803,9.444729394238792,0.0
8.63110292161383,-1.9866658452872148,3.0
-0.738650603224702,4.305316963595512,0.0
7.288705451519682,-1.0080459194003293,3.0
1.5542633943740256,0.5299348807086375,3.0
6.448423169335985,-2.15519791214815,3.0
4.305661136114301,-7.993040179425622,1.0
7.860473023038313,7.896681168623697,1.0
1.9586676040985225,-6.820407399891635,1.0
6.2228223085670145,6.989760719872894,1.0
-9.283141866487739,2.457296129119582,1.0
0.3940213480993755,-7.65984367524932,1.0
-2.813819699231084,-8.669466282515035,2.0
1.1631762703301085,9.040495199792936,2.0
-7.084639796282457,2.2884702464531728,1.0
9.51154331003523,8.63173736364822,1.0
-8.037731578817764,3.6800346002995,1.0
8.432399099920882,5.039228388240884,1.0
-1.4941185662871668,-8.49763297452576,2.0
0.7812890219324604,0.9656679716735734,3.0
-7.918246127620813,3.080212231759198,1.0
-9.985837339322188,-6.387587094359965,3.0
-1.036500309065536,-9.648670634031971,2.0
9.394797487699812,3.8344334028240894,2.0
5.037405364811898,5.402186043772151,1.0
-7.589965580320383,-6.530051219819084,3.0
9.263716809096472,8.556198631812254,1.0
1.4594891412009492,5.7140594717117175,2.0
1.674779378808676,1.4482883047825812,3.0
9.128094849102585,-7.2090290554457015,0.0
-2.8312678538491465,9.556574890473932,3.0
5.819059731114805,-5.9607279876346375,0.0
2.9822438943422718,6.124880333634561,2.0
0.30596053567489534,-2.4907525740031966,0.0
-9.443599659569601,-1.6128171867972707,2.0
0.399209656990676,-5.565136142147407,1.0
-9.843020898198322,-1.3211336460006944,2.0
-3.9158324199806094,-8.030238102415005,2.0
9.051039268828923,6.054610550562213,1.0
-0.6154644767552391,-2.034153072725779,1.0
6.47319625255825,-1.6967292598370562,3.0
-8.1539661180577,4.70543663100684,1.0
-9.137751407576564,-9.71939554453604,3.0
8.731603826486673,-4.618933673180665,3.0
2.2972386014399007,5.192402785198302,2.0
5.691391690536008,3.3886829388620647,2.0
-3.651042419250114,-4.909247417507396,1.0
-4.6445340332503715,-4.483508567067956,1.0
-0.35118289824674065,-0.0823691783085696,1.0
8.55695722033833,8.284078523692681,1.0
2.1678653622916393,4.27497229161478,3.0
-9.381829828608609,-1.7057089174690674,2.0
-5.505204124522058,-9.140547465932087,3.0
1.8851145884020948,-0.41153371484814016,0.0
-6.398908851192293,7.432982094486391,0.0
-0.08818457816513536,-8.809793281874626,2.0
-5.8152559161047535,-9.490138640430636,3.0
-0.978109230332354,0.6198273708364361,0.0
-7.541501326826861,5.082189117379363,0.0
8.418276258534412,1.7970770354085772,2.0
-6.381392314736285,0.9071770138253541,1.0
-7.324627352095751,-5.400323541955403,3.0
-4.906362250234628,1.7772030252761013,0.0
-2.5480746113156165,8.934356597217334,3.0
-1.2927485615609982,0.9525470140126195,0.0
6.048730598798059,2.813192095355584,2.0
-4.804440052581061,-2.6067268744680705,1.0
7.379669979678553,-9.4972988060055,0.0
9.763587663392084,2.1544428478011,2.0
1.3916695887158994,-7.0741919174465995,1.0
0.24960493418367413,-1.801010144467858,0.0
9.488843484642768,-5.903271689034543,0.0
-7.5126846133409035,-6.798219549399787,3.0
3.141096604152704,-2.3152552960743495,0.0
-1.134332055229617,-3.8117274802554952,1.0
4.078695020762504,-3.835404048732305,0.0
-9.327473201648997,9.638887157732249,0.0
-1.0616608923882929,4.8449961153386205,0.0
9.71650463244642,9.538037677975158,1.0
7.884261224481534,-4.713761367215874,3.0
0.5834910097110164,-5.256968501754318,1.0
-3.0858737349929344,0.5516884146057937,0.0
-4.72086530851959,5.392519268289881,3.0
8.130555504621704,5.02540714397961,1.0
-6.490730922096956,-8.270377564105845,3.0
6.638780835439306,1.110703441913536,2.0
-4.719402920144196,-9.72482461563095,2.0
3.690631032449314,-7.602023906383966,1.0
-4.327185237514661,-0.7376563741331381,1.0
-0.7877206458622492,6.837600552506903,3.0
4.819736824693589,-2.3845133775765444,0.0
0.5522752506066055,3.2942926280733253,3.0
0.3070663713441988,9.218336667502122,2.0
-9.339328971737944,7.507581990530078,0.0
2.2277646461243332,2.261190181083725,3.0
-6.4973373485421515,-9.230445340293553,3.0
6.7576835957082295,-0.3139661074179756,3.0
-9.867141450573362,-2.894035735498983,2.0
9.087435831865811,-3.8383346101654165,3.0
2.545359949295163,7.185231570584143,2.0
-2.052741620065812,4.183071813123519,0.0
9.135670734445618,-4.288576775777527,3.0
-3.4316282743073367,9.577174458412124,3.0
-6.97690257991564,-5.296475492629544,3.0
-5.278228273276384,-6.346216809386373,3.0
-7.289674669756572,-7.092837718114651,3.0
0.9799146107112726,-7.657677871500597,1.0
-3.6275470817406124,9.528796518083258,3.0
1.2396774569755422,9.979211441913762,2.0
5.352669442410692,9.730834244948472,1.0
3.393878202781501,-9.14707490068462,1.0
9.241988517179824,-6.109766659200229,0.0
-4.9882796792888096,-9.858748690020604,2.0
3.2559081971125376,4.504743216922664,3.0
3.2752409251808174,-6.4561177218182735,1.0
-8.624130911665803,5.615566824954881,0.0
7.951485616462239,-6.978610174131726,0.0
1.7983536006449121,3.4873292047497895,3.0
6.892093000132824,9.944510874866317,1.0
-5.378254969456242,9.245219672237432,0.0
-6.709937648025663,5.01908608056322,0.0
9.108399565546371,1.1843035290435502,2.0
-6.596538332717959,1.545468874514217,1.0
6.126667888890868,-2.1210936637061657,3.0
-7.7416840455038605,0.562099057626952,1.0
-4.6873003877607715,-0.45503116656113285,1.0
9.205312121137375,-6.226903797094465,0.0
6.481232069163223,-8.538343710918747,0.0
-7.680246315210475,2.409674394233704,1.0
7.836323380797406,-2.9094544042953263,3.0
2.061568371288704,5.674386119896548,2.0
-3.1782668616589316,-5.8053755672432334,2.0
2.2987684092505134,0.9168862541983032,3.0
-0.9998062410660573,4.955389615587883,0.0
-3.4106260797920402,-0.18296260745439064,1.0
3.8294475585809256,-1.1095223402295709,0.0
-2.813071276794396,-2.82611317713358,1.0
-4.155960410714544,-8.879468451772013,2.0
-8.401898932349088,6.588109396498865,0.0
0.7471399320897305,1.2462210450794657,3.0
-5.765602357378881,9.197237181643018,0.0
-1.5972938448798715,-6.700057240296989,2.0
0.8188298781201624,-1.7606866232447835,0.0
-1.855432180421321,-5.325811815960176,2.0
8.486098758247216,7.890018807260361,1.0
-4.545699207677989,8.906980100955252,3.0
8.557903268501082,-0.48515865693166305,3.0
4.440682142072136,-6.227798223762175,1.0
1.2228766809313552,-3.8177926419683184,0.0
7.8206206666305675,8.832113494650105,1.0
-9.558475641762477,-3.1445643767559766,2.0
5.651006228031505,5.246316858070852,1.0
-8.470561932440482,-4.90989485149703,2.0
1.285348782807798,-1.6225872154410563,0.0
-6.9670592226256005,5.43472901695969,0.0
6.900075966652171,-1.5693210355368787,3.0
5.741783882057998,3.1932715715345914,2.0
-9.281385083212125,-1.3527917440210562,2.0
6.221513441728021,-0.18443877056429692,3.0
-3.004304648002467,-8.017650193161119,2.0
8.019980188228214,-8.471345123117786,0.0
8.636080371798482,-0.4673894421097664,3.0
9.351720651582426,-7.350431676461888,0.0
-0.8010308859518922,-7.387941981168749,2.0
5.584856631962513,4.776035746270516,2.0
-1.2256505159012914,-4.167747052150839,1.0
-5.356511991472564,0.9246778758567977,1.0
-6.828331565020369,-3.5676649877143296,2.0
2.8797742187677535,-4.184732118937005,0.0
2.20211321927691,5.458147860309213,2.0
-1.5764455761189353,-8.5470124674349,2.0
6.550359406774447,2.3626327535493665,2.0
9.349922607817483,9.049225102316626,1.0
-3.706266216705627,-2.5228960710394155,1.0
1.7061263062109653,-2.6271724992650913,0.0
1.5952698054316485,-6.748698282236473,1.0
6.4177569714477976,-1.4326810417184852,3.0
3.3010099037538705,-4.973009174991141,0.0
3.3167244990483606,1.2957496468870549,3.0
-7.550045837682422,2.747100755067775,1.0
1.8712649605737077,-1.4477177613985042,0.0
-5.601297126472877,2.2624303384390547,1.0
5.136230972702098,-8.015175247755211,0.0
-3.3511501830545187,-6.493165919752617,2.0
1.2008397140803968,-4.319122730257609,0.0
-3.2890058112209015,0.3765143920811447,0.0
8.790553153861246,-3.3725667781517243,3.0
6.744839864394358,9.828512047770932,1.0
8.944483092858228,3.336387929855494,2.0
-4.801609867553605,-5.770968777764209,2.0
6.340009151559755,-6.537249542896784,0.0
-3.1262166610800213,9.91766366638712,3.0
8.931969268429796,6.547386520635875,1.0
-2.3038100019675323,6.856808051971974,3.0
1.9934474802574265,9.48352764106999,2.0
4.643375745115465,8.084810258029012,2.0
9.369481481899562,5.241215926425152,1.0
9.000214498348111,2.527554507488098,2.0
1.1901638978517184,1.9125044091309036,3.0
-2.1153747578466575,7.0190418143161715,3.0
-0.39901773513367544,-5.761094694260214,2.0
-3.5670025337391253,0.028820870280927835,0.0
5.033009062427842,-0.25329439949575416,3.0
7.913932838180429,9.413588545294502,1.0
-3.2179826572349306,-6.625919023772726,2.0
9.056672674208869,-4.017213525600991,3.0
-7.701222079459635,5.34737553148817,0.0
2.468802891977621,-7.825145006350224,1.0
-6.4431552009063235,-8.269200317208957,3.0
1.9566374067865304,2.9500681022702757,3.0
-1.9421823472891848,-7.112334935190956,2.0
0.08133031935396673,5.313860257607832,2.0
-2.4282087048098733,-9.757453988508225,2.0
-8.149228314912833,-7.8855948672083525,3.0
-2.5490612322818684,-0.1285561255959582,1.0
2.0666040810607065,-4.8781334336636135,0.0
-8.522678645984863,1.9301714833482535,1.0
-6.769672910096521,6.969073275892423,0.0
-2.55760794687935,-8.6904333498482,2.0
-0.5280288031433713,-8.407615569035096,2.0
-0.8196079348073901,-0.4483636737046819,1.0
-6.560341052868548,2.1280152178988843,1.0
-5.936357007853248,4.940730460329464,1.0
7.120118888663431,4.694705723959833,2.0
-2.838995833854092,4.342533945124806,0.0
0.4766499735015195,8.285759225362611,2.0
-6.058793589532878,-6.848111025902108,3.0
3.509709690569455,-8.585121465018165,1.0
5.035621330408478,5.4956754344864045,1.0
-8.687689184137277,-8.646144623767448,3.0
4.9607364690571405,5.915093357292649,2.0
-6.400778297419725,-8.539301494007418,3.0
8.314260357075472,0.030378664406335076,2.0
6.123636012231046,2.0159559734863954,2.0
-5.527064562348634,-1.484664464835042,2.0
9.174145604244437,-7.916940097514031,0.0
-6.281356559627973,-2.809072655450036,2.0
-4.254352230325118,7.053215310377773,3.0
7.41364162598056,-9.740993225413206,0.0
4.203257388951867,-5.394351006177249,1.0
-7.581032674020616,7.998315791561925,0.0
1.2845321361046143,9.293886677800021,2.0
3.6609229706003976,-2.9013856828737357,0.0
6.620780173087269,-8.48713685529969,0.0
3.8414850321436216,-2.9509926113317047,0.0
8.558578250650605,-5.347706446234845,0.0
-9.891810137170147,9.873069854776638,0.0
-6.9431414212086695,-8.697767280701267,3.0
2.226304204605693,3.35342357461775,3.0
-1.1461514525612024,-0.9564193587850571,1.0
-9.884901879911736,8.514650585318577,0.0
2.540319040615719,-5.1207755191697135,1.0
9.279957051035012,3.7470415251853098,2.0
-2.24963549059074,-3.898047222189243,1.0
-7.519300157798401,-1.1113251560556883,2.0
1.389178732499163,-0.1194580030919461,0.0
3.20292532649656,2.968908958910532,3.0
6.092996250402972,8.819150429455686,1.0
8.011996770103934,-9.740126948443432,0.0
3.4132586380342893,-6.840343664016464,1.0
-8.354223810567667,0.35912114825129393,1.0
-3.5667701434214276,9.325382224288575,3.0
-6.6118354207722145,4.880325284567473,1.0
-1.5686204708640794,3.0247093637386087,0.0
6.560494627354014,-4.936607734908174,3.0
-3.360681617911901,-5.604652711876382,2.0
0.1387410477139177,0.8452989178563044,3.0
0.3731185759987117,1.0397271724488242,3.0
9.028264191259819,3.87176213389348,2.0
-6.7021595576110276,0.4019289565387929,1.0
-2.603212708011031,-3.803018583064894,1.0
-8.893424386289336,-4.947152690766128,2.0
-1.268693205448809,7.7106137628487375,3.0
-7.314158533759583,-1.7210725762904566,2.0
6.701127930072143,-9.559103933023959,0.0
-1.1902460983416816,4.674643147587625,0.0
-2.947779627905101,-3.701199541457343,1.0
3.898479923071916,-9.76628308753596,1.0
-5.314754158644619,4.787359175709327,1.0
-7.9205642555784594,3.4833199752613133,1.0
3.4424750281394942,8.640052958906331,2.0
-5.150394942002469,-4.93340028008358,2.0
-0.15109227670906478,-6.639456251823582,2.0
-3.1593064789632352,-2.8000324747752403,1.0
-5.85082054904734,6.341271289126901,0.0
2.1861587421541984,5.024531043479566,2.0
2.1443774988893622,7.669391504490527,2.0
-0.49533336162149233,-7.9266384249654305,2.0
-2.5710953095644173,2.5387749790387186,0.0
0.14066834708752296,1.151218168594827,3.0
-0.1931766856113004,5.791138334729345,3.0
-9.526473831426935,2.506187765766658,1.0
-7.813613988129086,9.109152904833532,0.0
9.135070495157194,-1.209050032754181,3.0
7.042283666689219,-7.740782760657943,0.0
-6.280160923145965,-5.804226504732338,3.0
-8.387299504036957,1.3672810396399182,1.0
-0.002642384049735824,3.394256836095405,0.0
-9.36461786244777,6.917791880493187,0.0
7.302928595954278,-6.51954445569662,0.0
9.548170540145776,1.5063997898806072,2.0
0.7479647187122591,-9.62441543654702,1.0
5.230500617337999,9.1889375917469,1.0
-7.317019297150282,-7.0589318662312905,3.0
-8.05800384855801,-1.2186720981027737,2.0
9.973317912269533,-5.058741258529786,0.0
1.2112176118556626,-8.312933939643415,1.0
-0.5286786067042151,-4.0708884280620605,1.0
-6.1466121886334175,-9.135651239714582,3.0
9.236385410463836,-1.1032016904897883,3.0
-7.9979717803580535,-9.343846620787176,3.0
6.106474140849748,3.0180912511712865,2.0
3.3109175204354777,-9.491737499907291,1.0
-3.264305652373878,-0.6145718103499185,1.0
-6.261667174950625,-1.8380438076715073,2.0
-5.547015497556305,5.8487497301912015,0.0
-5.814872452513448,-7.110076553619988,3.0
-1.6149262873716825,-2.4155655961122307,1.0
6.16177876137013,9.78902503800563,1.0
1.3879125995664516,8.226479064863813,2.0
-3.7812006693540834,-7.930968317733984,2.0
-3.493346593554058,-4.565678823907337,1.0
5.796110345404964,4.471184171670872,2.0
1.6686005388231724,8.29567940389627,2.0
-6.163327346940304,8.772908348093448,0.0
-4.364648778070411,-3.438436921198049,1.0
7.279217405632174,-3.8517172042297325,3.0
4.148031991287958,-4.9352483504085605,0.0
6.719996571291844,0.9677686606036229,2.0
2.6840143618398287,3.9587403914460655,3.0
8.123831947811492,5.732828388591493,1.0
8.339743563764959,7.037397624966658,1.0
-3.485029942501237,6.043686413701323,3.0
6.297357222477629,-8.4356984410463,0.0
-0.06678081318388607,2.53302034469235,0.0
9.418335474273423,-4.774403439015751,3.0
5.675342614557735,-9.077084443872074,0.0
8.564548441759175,9.02871266827989,1.0
4.499607188754913,9.032664807120735,2.0
1.931734824658914,0.513997991249548,3.0
7.646570826974639,-6.877604345827706,0.0
-7.012244622444892,8.992329659666986,0.0
-4.155631961786144,-6.4811726403937335,2.0
-3.042165144659834,-2.7503620430208597,1.0
-3.1059394241618516,0.7103186315607246,0.0
-7.1746672212524665,4.98638802837791,1.0
3.300914099027029,9.329816259699623,2.0
-2.2910524204337808,-9.38950346736172,2.0
-5.879692420360847,-2.6136906972617258,2.0
9.594800442887987,3.7393595009442375,2.0
-5.712322836081594,7.054051779895058,0.0
2.6689250350105915,4.063186315784948,3.0
-5.05815352196924,-4.852742752550245,2.0
9.2134739145622,-3.4145214231045102,3.0
-4.848337588747864,4.646049088368102,0.0
2.45819404306296,-8.052045451028711,1.0
-8.393858184580637,-4.149358001696044,2.0
7.460029630396193,6.3528710525673375,1.0
-8.863904432993246,5.48958670041176,0.0
-7.03637508396443,-0.9789111958051713,2.0
-8.034086985942732,0.38586396367860054,1.0
2.3991235930306853,-8.426598954122815,1.0
5.685365542019227,5.043080049040093,1.0
-6.8451421570708355,3.4600277218926507,1.0
-8.997309464486138,-2.631825057420471,2.0
-0.5294680732773127,4.602408970880491,0.0
-6.151714336926859,0.24141813704352444,1.0
-6.337902483889339,2.543690447873173,1.0
4.957943212260233,2.8864798718163627,3.0
-8.654092842939324,-8.21068775559229,3.0
-5.660592543505283,-2.820944576247097,2.0
2.8132704570283966,3.2770385951828214,3.0
6.880665494628111,2.363563471118603,2.0
-8.6903874155865,5.672247975881406,0.0
-9.754813616387263,-9.77687713550453,3.0
9.278516372441153,6.24191288451842,1.0
-9.582138170559578,8.833254967246315,0.0
-9.862231426339743,-9.083539421750888,3.0
4.742714710720225,-5.844849757364992,1.0
2.258623905378398,7.811726915320612,2.0
-1.4873122727244663,5.1387812205013095,3.0
-8.349387010588616,4.243743880004622,1.0
6.459678354842268,2.016574144881222,2.0
0.9928261942465166,6.9167948209056505,2.0
-4.782896823488878,-6.901739687672917,2.0
-4.489328094222418,-2.3051086948632964,1.0
-6.653053241067719,-4.006978439811961,2.0
6.855219279072195,-2.860276646258506,3.0
-2.3388276909455463,-2.0148881452722804,1.0
-9.871355932371948,7.274360508937768,0.0
1.3759982243871498,3.2440512891958093,3.0
8.088817564536484,-9.527851157920837,0.0
2.3361265774966604,-7.234168209459391,1.0
5.124748575357483,9.83671535073313,1.0
-2.473322672428342,5.4685804922703944,3.0
-2.4577374545517188,3.0161945768342857,0.0
-1.4797867109260956,5.347544091646199,3.0
1.6723319646580936,-4.8216060518225206,0.0
1.8070163826222192,-3.526446938599859,0.0
-9.630381496727864,-0.5950935356003413,2.0
2.0708244778397003,-6.034584454615377,1.0
-7.374176755385868,-1.8124225437272496,2.0
1.4332545208314063,-9.894732485242535,1.0
-3.678681261721392,6.950782593451208,3.0
-6.761529161539023,-2.4922512892617092,2.0
-4.58859915740728,5.680642963276663,3.0
6.9723401757990615,6.065402779644739,1.0
-7.620748450780894,-4.920927529757622,2.0
-1.4193432473252,4.456666248836797,0.0
-0.5511987487137695,9.598126955827443,3.0
-8.747426160894003,1.9982915597902196,1.0
6.811556831485291,-5.853101911055125,0.0
-3.5205382183074496,9.95751236740701,3.0
-2.0969445185304547,4.154124585734603,0.0
-2.9425259951087845,4.415807619301175,0.0
-5.077673364272144,-7.928038784016602,3.0
-4.6935385640980005,5.458816716945911,3.0
8.12292461639521,-6.737600240399804,0.0
7.736068862932548,-1.9352583873276643,3.0
2.325319539030268,3.405080932425463,3.0
-6.289988707162893,5.904599379053456,0.0
-2.4822954895581173,9.574190571121502,3.0
-2.6865163185831964,-3.720644860220239,1.0
-9.110693680985186,2.022915709229199,1.0
6.636846880841418,-9.306386636930633,0.0
2.2929293083856237,-2.3596483351679005,0.0
-1.4120331208635921,-9.643101938408691,2.0
7.873834517135013,2.303361636344981,2.0
-8.582182063720222,1.901664228741291,1.0
-6.168482307614285,8.519479074825998,0.0
8.016799051486878,-7.071044624671508,0.0
8.86153069825848,8.254477533359779,1.0
7.3686771522903705,2.532349217617444,2.0
4.440831364106311,0.11617261316051142,3.0
-6.9064610860097915,-2.726518222637222,2.0
-6.555386282923001,9.92398393158187,0.0
-4.925401092641424,-1.7458758338806248,1.0
-1.6330157640795413,-7.122773344392927,2.0
5.688401212208332,-8.327999790653962,0.0
1.8970370147014748,-3.1286082800090975,0.0
-9.509025265087809,-2.003588025895768,2.0
-3.68080516846846,-4.121181785412786,1.0
-0.8646860831068857,4.612117015827209,0.0
-6.697291700659398,5.381882079195599,0.0
5.640357943368796,7.360075420727508,1.0
6.278439477775276,8.977029437908406,1.0
-6.992726915294218,-6.7013100951079725,3.0
-8.33141117629787,-5.711418139455082,3.0
-0.00597821285149891,5.485001993467648,3.0
9.803880647646405,7.926568080812036,1.0
-1.8222198009735102,6.587284492305983,3.0
2.1192492910911085,5.088907568774143,2.0
2.2740626386366216,0.4407543684966271,3.0
5.196913918145977,-9.627296748425618,0.0
-1.5374819432794098,-6.937191577004218,2.0
9.724536712986378,-7.553044178659198,0.0
5.555895018235248,-3.0938666193576587,3.0
5.482060424108198,-2.5843291645767756,3.0
5.833494301392594,-4.4717378717879015,3.0
-1.449799357574209,2.4541564425294844,0.0
6.052577979429902,-7.9879154252522655,0.0
7.0536459378740055,-3.6965884892244265,3.0
7.288134134603137,-8.204546436002325,0.0
3.220445272785625,-9.580747534249287,1.0
-4.533732450173296,-7.631631603598672,2.0
5.056955592646101,-7.024083980047164,0.0
-9.762215404014484,6.186983562771179,0.0
-2.139234703849593,-7.5702633282365035,2.0
-8.016656939600574,-9.50290457658847,3.0
8.167000671943338,6.895712746585705,1.0
4.435471663788636,2.8953990503152394,3.0
7.468396136183387,-9.02681611821859,0.0
9.687741021597688,-8.435158532474942,0.0
4.414322768605256,-6.408583770199039,1.0
-1.080159531678495,-9.15138431584767,2.0
-2.546738313206161,-9.194739855847647,2.0
1.0421559473941304,7.124790941271925,2.0
4.048592828145079,-7.354564520985263,1.0
-3.4737486738263,6.643766502015978,3.0
0.33090942473334195,7.669626297038889,2.0
8.883960266236379,9.27146176481526,1.0
8.33618392869008,-5.188105444786107,0.0
-1.6404555761233048,-0.7040201864441151,1.0
-0.21774073730678722,1.7742207080388432,0.0
-3.139488352646314,-4.788875661975824,1.0
8.851319015376731,-3.058447986021111,3.0
-8.369043234124794,2.31577540820917,1.0
9.526895669758776,-0.20465064368672792,3.0
7.250429004826028,-5.141716536504561,0.0
-4.8564340080449835,7.19496691196893,3.0
-0.20022667420831475,-7.259800376958443,2.0
0.3067045125672543,8.85279494543055,2.0
-2.6804993597093496,3.346850251329842,0.0
-5.384821674452509,2.5167694381718864,1.0
7.225887980352688,6.481970386119908,1.0
-9.957264324413423,6.160835673831919,0.0
-6.011630241926169,-0.5590893431261819,2.0
-1.8071148696294852,-6.782476429942125,2.0
8.97754480725347,0.22342767250007967,2.0
3.4681333656996234,7.502585178818201,2.0
7.900741235774994,-4.295185269706838,3.0
9.729156016812265,2.8706298774569543,2.0
9.71930549825018,-7.662438326932575,0.0
-9.051413807508581,5.142943207589443,0.0
3.0580792354955584,9.644680544913598,2.0
3.6529826732453294,-8.334900623566492,1.0
5.445227514814736,-8.028590797203897,0.0
-6.5387706377007255,-4.633613789366466,2.0
2.2863370865932726,2.4093910025765215,3.0
3.2623766708772415,-6.113705212741167,1.0
-5.3049487036723235,4.282352772934049,1.0
2.5417758126072094,-8.242828623173676,1.0
-3.0449920100871664,9.556409182050619,3.0
-1.8191262967628763,-8.649826917898631,2.0
-2.370573805446523,-3.5756499479549557,1.0
-8.915018436483575,-9.170860119050037,3.0
-1.9199386629423625,6.253781484657896,3.0
-9.191103763528705,-5.749819707251831,3.0
1.9967077906655035,-5.343814585428337,1.0
8.67201270014331,5.509799522912681,1.0
6.114562169135663,-2.718982290220529,3.0
9.267643482230074,-5.4998052379449,0.0
-0.6439107092011671,-4.372445561166154,1.0
-9.783689626467169,3.954901598511567,1.0
-7.062292263525409,1.9401637521967015,1.0
0.8776227247307595,8.316614593381185,2.0
5.342634739652411,-5.847243396016926,0.0
4.6956389267946115,4.0760409918983385,3.0
-2.494641967032467,-2.9954773303792903,1.0
1.3819275178226427,-5.180208632282475,1.0
5.44745133362871,-2.5849130261382207,3.0
1.7643299357353222,-9.493323324512941,1.0
0.8976983325992531,5.3359252406867625,2.0
1.9404488384036238,5.455675246991676,2.0
-9.00447528682987,8.142066544680358,0.0
6.586682526298858,6.864594171738947,1.0
-1.2008521385120652,-5.818377552755565,2.0
8.243894581511285,-7.54728268274008,0.0
-9.477572954351476,-7.107983256430375,3.0
3.3428499770368614,-6.176940823963777,1.0
4.714282945149629,-5.48191530769695,1.0
2.866392197844771,-8.464781170679155,1.0
-3.2077182512331293,5.924028607599862,3.0
-3.7645873516928496,-8.112100820651856,2.0
6.459226735617374,3.675944228386225,2.0
-7.487219014387763,3.422912280226246,1.0
3.107913513284416,4.868083128221681,3.0
6.0443032385725495,-0.9722452201780065,3.0
-8.355312681297208,-7.309766450866173,3.0
5.862880434260871,3.4658416772268232,2.0
9.54388503525864,-1.2881601028993845,3.0
9.245590773158561,0.16861023083796312,2.0
-0.6499691991435697,5.152396160373982,3.0
-9.986952749929085,0.5330503222370364,1.0
-3.7681098529934793,-4.831365919218726,1.0
1.1553050420929054,-1.9454598864658514,0.0
-8.271596440438634,-0.7028300895352757,2.0
2.603191036310035,-2.827892028350252,0.0
4.477594073364813,9.678276748361768,2.0
-6.970402532705052,-4.904461185347864,2.0
-7.027295241865438,-5.659380098567426,3.0
-0.4166115434655602,-5.712820580803557,2.0
-0.8106359262014387,0.009329381112802793,0.0
-7.687161304166164,4.60390586684462,1.0
-9.050059025793558,-1.7466453709509686,2.0
2.801731687265587,4.231980196292637,3.0
4.704119163681382,2.232259467075613,3.0
-5.650139801722696,1.1096677778784407,1.0
-1.509953237328718,2.1870817691527797,0.0
-8.123613150937965,4.309777650807078,1.0
7.906099616682706,3.151077946245165,2.0
-0.10684198506556264,-6.176899808722693,2.0
2.974578799707107,7.3551835253796085,2.0
1.5830097630620301,-8.198636651316377,1.0
-0.40302094389268817,-3.6825104917579914,1.0
7.3129983883018035,-5.24922307216956,0.0
-4.267853463316083,-2.024146901863495,1.0
-0.37296020708876654,0.28443299786043497,0.0
1.6641865526901682,2.5061696058002862,3.0
-7.721331805123781,-2.229355480637201,2.0
6.417542238904435,-1.0147161456706968,3.0
-3.276824065359653,-7.658425533476658,2.0
4.131208175162882,6.84536546345462,2.0
7.6012428167346044,-3.1285772402538488,3.0
-4.227004567981871,1.7197368947229492,0.0
-3.5467681320705573,3.2831286260162003,0.0
-4.706184771051392,-8.209213982353631,2.0
4.752567751487069,-4.815393219866005,0.0
5.842655499298219,1.1925850951928947,2.0
2.2751541416796,4.428746362675417,3.0
7.888819006643779,7.554680147518155,1.0
-8.081816483564062,-3.975325800900686,2.0
4.539078982456992,-1.45460998803288,0.0
-9.19381692227456,6.199403836459393,0.0
0.143452727400323,-0.5310568268449103,0.0
-6.648237019982314,9.921949186271068,0.0
-7.834440046036544,-0.24683709425056577,2.0
-1.5316169570865732,5.549697121534397,3.0
-8.256396005164166,1.8199741603037882,1.0
6.553092914393098,7.450437056634314,1.0
7.176430287637341,-4.967932936712199,3.0
5.836677198868276,-8.80225647478144,0.0
4.142795936481516,5.851700714409894,2.0
5.380929722922614,1.5951655723000115,2.0
5.427617503510973,7.253046755978257,1.0
4.0498688192087045,-1.913382044984285,0.0
-4.366911691191431,-4.622667263193576,1.0
-8.711135690875464,-4.776310290913514,2.0
3.0732330069042124,2.1452088032980363,3.0
4.5834641776008205,-1.1320716660497148,0.0
-8.328300031689862,-2.1559171339923093,2.0
-4.170968277327725,7.2693194760343935,3.0
4.780606288120861,-0.6614079686622638,0.0
0.3299071097239299,-4.653580718887371,0.0
1.6109273198143086,7.26698880163368,2.0
-4.745324896830465,2.468319939699658,0.0
-6.94885769340035,2.881540851726829,1.0
9.244252006043606,-5.61516611005046,0.0
-0.3614889733262352,1.7729064570133524,0.0
-0.5068067555795945,9.272401945677153,3.0
7.445395617768934,-4.60534342302557,3.0
9.417212748337644,9.78664887661251,1.0
-2.0071868553649193,6.320513541955005,3.0
1.7289121169002986,5.7377064174123795,2.0
-5.126021317996594,-4.26496522628981,2.0
-4.671056805608378,-0.652021207946472,1.0
0.8439425969796073,-3.0988116316969583,0.0
-2.247923029338037,3.88958572230959,0.0
-5.180870712633947,-4.190480323849237,2.0
-8.69837953157119,-8.245655563170661,3.0
-5.535613949013845,-9.385751067451075,3.0
-2.293303414220822,8.850393528918922,3.0
3.5413551658691276,1.2938189275651801,3.0
-4.67540912462259,-3.1275549260801894,1.0
-2.6316752574251883,-4.78306624558932,1.0
1.2997669859416625,5.376557402512345,2.0
3.257364573481645,2.0044062346051312,3.0
-3.2554954411299653,-8.348976569675886,2.0
-1.8106342025616051,0.29662663536019984,0.0
4.744926077059244,3.5491097537223055,3.0
7.424936415166233,3.748857112371484,2.0
7.178117000922107,0.8037653717422906,2.0
-1.9939009906255674,1.841773743137427,0.0
5.137645105742553,9.231241776452027,1.0
-6.70880161557135,-2.1453906060044403,2.0
-5.202633588616122,1.9056642193648283,1.0
-1.3214022865563475,0.6296433382152262,0.0
-9.741744727146934,-2.823140453546671,2.0
8.40842259314957,8.908746570184011,1.0
2.2090797837291394,2.7221648972310852,3.0
-8.57883853513296,-2.36435571018,2.0
-4.09934146259745,-9.96439190100987,2.0
5.961851812222347,3.459660490008199,2.0
-5.037158740049479,8.27725765733842,0.0
5.874264946367012,5.999307174009587,1.0
-9.038418117289249,-2.5992199409238896,2.0
-6.245522699663666,-9.842657620209078,3.0
-8.042373357234256,-3.6999913611030344,2.0
1.847357891426448,4.1450786345603134,3.0
-3.8989132876238592,-5.192532776159579,2.0
-5.865821123487565,9.127821429738617,0.0
1.7702485169819795,0.9241182388760478,3.0
-6.9830973723067675,2.459459282959413,1.0
9.195578807523702,0.6710521733188806,2.0
-3.2119778121499065,-6.8292306823441296,2.0
1.3859128380520058,0.9041383326634982,3.0
3.2091782569592233,0.2141365123910095,3.0
7.010738543906182,-2.9272558582465287,3.0
0.2558716331385309,-3.3637583765757846,0.0
-1.167965871537394,-5.496952688687946,2.0
1.694723494165185,-2.38808084412293,0.0
8.64710152962678,7.51517990304955,1.0
-6.54340105276628,-5.991182800895592,3.0
-2.6515871635270187,5.048524154617436,3.0
-8.26253470044973,8.255336842748598,0.0
-0.8768352522783083,3.1046367930376952,0.0
-3.1897248233612157,-4.949506696909134,1.0
-4.71574283614366,-6.656303886534738,2.0
6.081930072614579,-0.44259572114938983,3.0
2.46249600469298,-6.381519818651706,1.0
-7.927817406861024,-6.489099887213403,3.0
-1.9980072263769006,4.69890252740333,0.0
-5.879843434680607,2.2138141260647775,1.0
-7.814257578141057,-9.63098049250961,3.0
-0.3374228447895824,-2.9632719631785154,1.0
0.20424689727208545,4.638598495190356,3.0
-1.138574572501076,8.008660013829761,3.0
1.512501938481705,-3.56455060571482,0.0
6.9546989775692545,5.152247177480099,1.0
-5.2218374674096175,4.40596096291735,1.0
-7.942321402484782,-9.21820573937297,3.0
0.2664874567753639,-8.830244880772277,1.0
-1.3046745778788011,1.5363542398251901,0.0
-5.0338666873235915,2.524585639961739,1.0
-4.381803939492077,-5.035308466291239,2.0
1.4137758509122236,-0.48116937460901177,0.0
-2.3408671028938084,3.1819526056327625,0.0
0.43211944094476884,-6.731045161071223,1.0
8.389632170480937,4.823839192455914,2.0
2.8011002856887206,1.03016663339716,3.0
5.110789235617991,-6.601086064441968,0.0
-9.601109333144485,-4.511893274895118,2.0
-0.9667703510523573,1.0191001954661427,0.0
8.947409871528965,4.062238706977066,2.0
-4.581573384309763,8.84448900934007,3.0
5.169216964639258,-7.440731247511037,0.0
-6.980384985767016,3.9484597503557257,1.0
-4.2978332591905115,-2.531773995354902,1.0
-3.772415073579161,-1.0724921015164455,1.0
2.2287576729275997,1.9061415755208593,3.0
-8.715260169911279,-8.681984898081145,3.0
9.887087289407482,-3.305837910852489,3.0
-1.0956406378003827,8.608894649840607,3.0
3.1017864636901322,-4.548060838115591,0.0
8.908620634173815,-3.029671579198803,3.0
9.195595223604851,8.130815087134653,1.0
4.273524301439654,1.8121418313424602,3.0
-3.341724897068956,-6.512206377244225,2.0
9.033125926005493,1.084636834979511,2.0
-6.738758022387358,2.0021011765232934,1.0
-4.211957930896427,-5.594333702562084,2.0
-6.746261369505186,-6.244404040202367,3.0
7.8108420800991425,8.599760942964505,1.0
-5.396810384504964,-5.298570365043096,3.0
8.973662188889318,1.0379295588552946,2.0
8.231682401272437,9.452814967996737,1.0
6.839591168932653,6.430693771892081,1.0
-4.874261203307311,6.939029206502962,3.0
3.4816472269176035,-7.186579820769534,1.0
9.362885596733594,4.216647725755887,2.0
-4.375887827435907,1.0036077657464304,0.0
-8.747610634171,-0.852839007280382,2.0
-9.46769427948944,8.752879612984753,0.0
2.695910656516297,3.3653765665162823,3.0
-1.9975714297887492,-0.32434310623045803,1.0
1.3176284896113355,-9.30021171167464,1.0
-7.419539187991497,-3.813399854109436,2.0
4.591836494605715,-3.84256034373238,0.0
-7.611980670795601,-1.3920079191877992,2.0
1.7127506357311635,-8.644759346480415,1.0
-7.591280966808165,8.092301793786195,0.0
3.0086253401798047,2.3241826682156415,3.0
-9.024902390120836,-4.137247318837871,2.0
-9.247803797757992,2.4089338623892864,1.0
0.04431918127474965,-7.469370815248045,1.0
2.128224590211918,4.950951517455211,3.0
0.44466100019882226,-5.213283247178053,1.0
-0.7244670477582353,4.978249310861935,0.0
8.54097507834232,7.527587977405087,1.0
5.390566639312645,2.0311749846778184,2.0
8.27784351481591,-0.2820167309599615,3.0
2.142612120625138,-8.163870990678728,1.0
-6.9446849173854375,5.053219923419039,0.0
8.671782237613453,-0.2562760546065732,3.0
3.9865705803761067,-1.6848500042381431,0.0
4.710418473962141,-6.8887564878903795,1.0
-8.329606258301618,-3.9839709009740343,2.0
2.861297298531177,-8.10560153867713,1.0
-3.7817658839907686,-4.271840777219021,1.0
-2.8065528753837903,-2.430974524391649,1.0
3.5537028684979095,-0.5332308360975659,0.0
0.5589149349924085,-2.1831616782111496,0.0
0.04919025330734783,-7.06317578044467,1.0
-7.337625370079444,-8.122513011713973,3.0
-4.28016164793632,6.4356748587086585,3.0
-9.491993035675497,-3.301561355441942,2.0
5.865125465706502,0.5759809038064727,2.0
8.05564957747189,7.356312628716015,1.0
0.4445462826147484,5.281562905513642,2.0
9.869350274158691,7.288921767798527,1.0
5.116149408390809,-5.692241056972771,0.0
5.720617541108751,-0.4376892696905905,3.0
2.169923582594148,-8.883795744204004,1.0
-1.932418198897814,-4.130429778498326,1.0
-3.1816736603920432,8.481466014076354,3.0
-5.170016940401434,1.2539460260367612,1.0
-9.407654990409785,8.256402443606415,0.0
4.68267132037985,7.974766532516256,2.0
7.537962466891727,-0.19491709033679072,3.0
3.396423398411507,-2.1054723159133086,0.0
-1.4947769417430656,-1.713396965450439,1.0
2.2592836820035718,-6.336604013670362,1.0
9.904373150835195,-2.2270341844405817,3.0
2.046499540453155,4.588561844325451,3.0
6.741414502520687,2.736732350329161,2.0
2.3057793328511416,-0.09110379384862455,0.0
-8.635899224514612,6.671491276931352,0.0
-8.667554113462796,-2.732998330713789,2.0
2.2612765752578063,-2.3027993871414676,0.0
9.113144783535382,9.541615961574553,1.0
-8.29396257509896,5.860629720969579,0.0
-0.6700644156536857,-5.12321104024484,2.0
-7.956879967205759,6.002000633797643,0.0
-6.870158770436195,-4.392900902503194,2.0
-1.4988471620601356,-9.470938498925252,2.0
-1.1680478264931171,-9.61206059807959,2.0
6.628169843454433,9.115106310881728,1.0
-9.612891954908031,3.621798677097912,1.0
8.203134504194615,-4.854007507049191,3.0
-7.336120161366237,-0.3254449370591672,2.0
3.992465370250418,-4.074718018715739,0.0
5.6459382263302516,-8.77639651819975,0.0
-7.496151432041412,2.7540013332832203,1.0
-0.7196153905702616,9.432514960324344,3.0
-7.693545408359162,2.9135734075794435,1.0
0.02026983684728023,5.309833298148396,2.0
2.5960512568541194,-7.232263378772421,1.0
-9.380179174412858,-2.6969440951413493,2.0
2.0009230935338724,-6.071256973371531,1.0
1.7630957603537656,-4.9531024286842396,0.0
-2.4185226753276234,-0.926784854428643,1.0
-1.7720189251599354,5.5459116775038275,3.0
-6.976633497148752,3.1157901192072384,1.0
3.9083312476652132,-4.177039520150167,0.0
7.816442097534701,-3.3742877514514795,3.0
4.752336333795462,-4.061155138659817,0.0
-1.47232682319369,-9.831799028829085,2.0
0.03540174599879009,-7.499854760451655,1.0
-3.306411764288651,2.711793224285426,0.0
-0.36804913028381847,2.5154043146064193,0.0
4.394884180918712,6.027437632681757,2.0
-9.090396569771455,8.572618647832705,0.0
-1.2099100821465427,-9.332429157306583,2.0
-1.7381198014429167,-5.821113457201226,2.0
-2.148502241317038,-2.611205227131526,1.0
0.7927051741213376,-1.2408168376367215,0.0
9.03051445619159,-0.8436160413075164,3.0
4.189958170177746,7.475181535657207,2.0
9.126713745972328,6.238693448848522,1.0
-1.7200230709582272,-2.207953981212894,1.0
-2.3584913461195285,-4.706402112639769,1.0
8.280770012302415,-7.649860327987015,0.0
-2.8571768863250817,8.476700988839376,3.0
3.5884965660240375,-4.366935331319429,0.0
8.213822735313652,-1.4404463658577882,3.0
-3.7401136471529117,-5.08075089394898,2.0
7.024917330834011,-5.41123436913529,0.0
6.12148649709259,-1.8225614321379613,3.0
-3.416750357869409,3.558519516350241,0.0
-1.582690916252453,0.19865803319729736,0.0
-9.268682639417792,-6.119033216173035,3.0
9.847255021190225,-7.413852025438736,0.0
2.5189259715150687,-5.071905054262862,1.0
-3.359939341904809,7.414943103209602,3.0
2.028975995006375,-7.240938779583022,1.0
-2.5672828812682553,2.2520755398264782,0.0
4.156241787019672,3.1290381194410894,3.0
-6.541830952780687,-8.012771158628818,3.0
-2.493111920811044,-6.053949761292648,2.0
-7.848309685708275,-0.9183852925417195,2.0
2.2854279805393176,-7.982566529260096,1.0
-7.043406822187459,0.6127890158062836,1.0
6.908290152545007,5.306578412845447,1.0
-7.748990942607435,-4.520507866449486,2.0
-2.531063820578421,-2.999561031135194,1.0
6.739709561952061,-5.177426407138488,0.0
5.549389211413615,4.502252394576416,2.0
1.5645546364234484,-6.883598324159603,1.0
-9.505485291358864,-5.933314285619402,3.0
5.997242109928152,-2.030036833984557,3.0
-0.8659852737073415,3.4698295477239416,0.0
1.9887964502574604,-6.920506369086825,1.0
-9.33146011411257,-1.4385231322275729,2.0
5.112148062770592,4.792992098518917,2.0
-7.112082367440835,7.534524304205895,0.0
-6.513004516342846,7.697846799617402,0.0
-6.740515162671787,3.136053389290897,1.0
-5.653438495572161,3.4078397447109303,1.0
1.7697134373975114,-4.890101289272161,0.0
2.0435293866207527,-1.0801313469467093,0.0
-1.7262077513874452,5.434414935626625,3.0
-6.983459870058885,7.240386081169788,0.0
-3.3860466264054185,-7.107455985091566,2.0
0.7873935843573783,7.1556995147265,2.0
5.03781704460798,9.438335963994138,1.0
-7.197148397817646,-4.866611558756031,2.0
7.196478900069199,5.733355300113146,1.0
-7.297754923108566,8.161734618619608,0.0
0.7927410290647092,4.367203339197797,3.0
-1.2824526401388603,7.213947346581918,3.0
-3.3710869809824366,-4.844386415081521,1.0
1.6169583805369072,3.7577625972570257,3.0
2.11736282452258,-8.206077659327596,1.0
3.087604211014412,7.26257378674708,2.0
-6.117752816991578,-7.798204625615348,3.0
-7.59635493759448,-2.5842988811451795,2.0
8.14575431022892,-0.05910312806592266,3.0
-1.2710632460101383,0.5047324172229573,0.0
7.9498835592104875,-1.3074084814718372,3.0
5.920040546656711,9.606032582924435,1.0
7.4361987393474465,0.5201156179335911,2.0
-9.127554966601327,8.825952516124204,0.0
2.4572755200404863,5.023006701540599,2.0
-3.337760893305055,9.101306720055426,3.0
3.640618551342346,-7.22053921011587,1.0
-2.7026592332079646,-3.627953700399564,1.0
-4.444520529847738,-2.066033744685254,1.0
-6.707921857516286,-6.58536006545539,3.0
-8.851157179143893,-7.164411273889694,3.0
-7.895153373959625,8.243368902904592,0.0
4.783431623194277,9.650079009866115,2.0
8.414852701680914,-1.9212614681688382,3.0
-0.6794750867126709,-7.970127891007943,2.0
7.0360707791514265,-0.6133741250088605,3.0
-8.775570528746535,-7.778701546576501,3.0
-6.18435231287058,6.503059147176039,0.0
8.885324311221556,3.3556511955335484,2.0
4.472601627758246,-7.144596088650643,1.0
-1.6899551690596013,-5.488159104132309,2.0
-0.4557620017628956,-4.090559119097019,1.0
-4.973574916796593,-1.0002765335773987,1.0
5.465061731304207,1.1528817134069396,2.0
-4.866927140568629,-1.680016481574512,1.0
-7.808025601350035,-8.364420343431417,3.0
-9.331834352950887,-5.846109910937393,3.0
-6.694769853190503,-4.638378165867305,2.0
-9.0664167210698,-2.16550590674196,2.0
0.5387673688762558,6.492675152146372,2.0
6.50067195298185,1.549397197918232,2.0
7.918133819668963,2.2458716832863033,2.0
-6.843379818252799,-7.725863993445861,3.0
-1.7019840401905206,-5.5046571563597,2.0
8.51988995714694,-2.3935796442545865,3.0
6.17310751099534,-0.816601756466449,3.0
-9.947995584479244,-7.126844924676508,3.0
-6.288414367224204,9.552247380878203,0.0
-6.5077257895001654,6.76260595882491,0.0
9.03791768141205,6.468206572640721,1.0
3.4751905456300314,9.521385533789942,2.0
-2.431600673636847,6.843840353932308,3.0
-2.1302782867719783,1.3827623624269592,0.0
1.3580443054513225,7.81192353088581,2.0
-4.28665828809242,-8.388857659939719,2.0
2.3424810249782304,-8.261050786630808,1.0
-8.41728475236938,-6.192611147763765,3.0
-9.029158389500536,-1.5935704915531872,2.0
7.353524978269277,7.408855587929537,1.0
7.388920564928249,1.387631441942645,2.0
-7.107923771246085,1.8912032254010125,1.0
7.901320305618576,6.826111217822245,1.0
-0.23922376628416053,-4.825863637708217,1.0
-2.079816281832281,9.660282452676828,3.0
4.361524405228227,9.750043613880159,2.0
3.57692214353216,-7.838946171528455,1.0
-9.90414011816667,-4.374693623917068,2.0
9.37967609075579,0.8370065722433679,2.0
-5.07894562959557,-8.356981475311331,3.0
4.678250382920698,4.676666763194813,3.0
-7.899654537818548,7.752646763706238,0.0
8.362249379592527,-3.133710968241452,3.0
-6.157337983715079,-6.337757131734776,3.0
0.2826501753576629,2.674215644966594,3.0
-3.9325670200656866,-9.335615900410266,2.0
-6.512647182711982,5.262473964675456,0.0
1.50736824995521,-5.818735636877477,1.0
-8.647593080166189,7.401154236451045,0.0
-9.177510719515851,7.093176138741786,0.0
-2.176490987327475,-4.523420486764447,1.0
4.533587249553769,3.7135352622475875,3.0
4.128730572952961,7.748537278320995,2.0
0.04439780566455376,-9.485602534531614,1.0
-5.094963122021074,-6.928658563595804,3.0
7.721673969475415,8.39666524431825,1.0
3.509706421463907,8.684426057825743,2.0
-9.609333974177776,-8.372137084724296,3.0
-0.2872764052284378,-8.760610308316322,2.0
-3.735362867149618,0.7816673391354474,0.0
9.900211288813303,3.207600043594759,2.0
-5.724851370041972,-2.1525415478329135,2.0
-3.1852170254642314,7.787106412848608,3.0
-9.929761930427022,-0.36286974817645756,2.0
-2.020459862107355,3.889976594706541,0.0
0.9293376015654058,6.451196376709014,2.0
-8.116069203109896,-9.7405503374344,3.0
-6.187901298060869,-7.454198731098045,3.0
4.414852085633608,4.396838754120839,3.0
-9.604943525415875,8.447049841815403,0.0
6.602839623509269,-3.2991954871267293,3.0
5.308594722426129,-5.424042116089747,0.0
3.1366053414688757,-5.27516929124274,1.0
-0.8562217217103356,-0.6062400296894914,1.0
-3.9375350312169104,0.35651792641495916,0.0
3.745736544558227,-4.68605592804157,0.0
-9.298434676441307,6.975460369103299,0.0
-2.93682743217464,0.23684104056595423,0.0
8.79081015048131,-6.417514472534269,0.0
5.269448798700772,0.3610981147407024,2.0
3.920576694675873,-6.794818843839574,1.0
-5.298673434995356,7.494662686908885,0.0
4.465555594400746,-3.702625706110654,0.0
0.4421464658824945,-0.4426832101713494,0.0
-0.8598073108086233,1.9661443140346524,0.0
8.249524739157298,9.019168446157238,1.0
7.781394599772064,2.034767496792904,2.0
3.7264948238044315,2.865419258843671,3.0
8.17825394837348,-6.421370968961988,0.0
3.4149838959998213,-8.96293236087375,1.0
5.555438160001993,-3.6013388045507373,3.0
-0.5737218722525625,2.743845285015052,0.0
-7.722688952718939,-8.60346342411952,3.0
-8.238876687700419,-7.926362918669783,3.0
-7.415952412406536,-1.812411511682031,2.0
6.951024195998535,-6.401583319353916,0.0
9.007301233635317,9.140611271292869,1.0
-0.9836072070381583,9.027811140269812,3.0
9.671523357730411,-9.759293781859423,0.0
1.8907133586327252,-6.760637724535503,1.0
7.981721403753248,-2.4121497672570698,3.0
1.7531279659413617,-3.5208551460386044,0.0
0.3057681681186075,4.1879770550297035,3.0
1.458114932035473,3.2293169274875684,3.0
-6.374319242515448,-2.0941413421425192,2.0
6.974679713235361,-4.004571785413589,3.0
-4.553826173302107,-2.8494027842698237,1.0
-2.790776186945701,-6.135537241584239,2.0
-5.470974499739585,5.694521700804744,0.0
-6.245524794809329,-5.807125302810919,3.0
6.592078686276537,9.30575118257557,1.0
2.1224009751205415,6.478874436831397,2.0
-9.491910644666635,-9.722955236639317,3.0
2.6723790149761655,-2.921850812731835,0.0
2.0659631650388217,4.308438646322237,3.0
-8.57914894660386,-5.708227331083684,3.0
-8.284938156424786,-7.56503958096308,3.0
-4.949354810700804,-4.0695151763315245,1.0
-9.659304120215925,-6.744145386226899,3.0
-0.02551514770836505,-5.490779145521083,2.0
-7.196481681090363,-8.594132120074544,3.0
-2.917348297756419,9.516201796535352,3.0
4.369591505524719,2.805198848300021,3.0
-3.8594926529942963,-2.107293863355048,1.0
-2.398205659903474,4.236175252030858,0.0
5.484930377611828,1.098801186134688,2.0
6.316595227468493,3.4656307714220596,2.0
-9.229186163378735,3.1457311039692826,1.0
-9.358028271237519,6.948135069332341,0.0
9.549148696609535,9.384494079981906,1.0
4.851450268195574,-3.111576457790866,0.0
4.018711792759182,3.518475691795233,3.0
-7.306548437429181,4.27194899223381,1.0
-3.073289287538916,-4.331014484239302,1.0
-9.244538991633604,7.063520714935368,0.0
-0.76029534520754,4.578392988709801,0.0
3.364938143031237,0.3027559741373054,3.0
-2.744477129448411,-2.7416115417442093,1.0
-5.247499868368113,6.018559152927438,0.0
-4.457474600159945,-9.454213618995752,2.0
-2.5573314982824265,-4.225477384262506,1.0
7.171610194733866,-9.951392224170633,0.0
1.2952229239119024,1.766438677900295,3.0
7.028457949713971,7.64303932189118,1.0
9.620897669693548,0.7986187428579328,2.0
7.865147555714131,5.355009596135131,1.0
-7.173738979423425,4.180870976328443,1.0
6.83414582452961,0.6693996656473455,2.0
2.6338215944388903,-4.110488274562902,0.0
4.739185290975303,-8.73442993894238,1.0
-2.0538261248774443,-4.579417042866092,1.0
-7.917770046166908,-2.7018575496033526,2.0
-8.353861108289935,6.83051115584248,0.0
9.41176765783053,-0.4971579955580019,3.0
-0.39685400062323417,1.1545324796702872,0.0
-1.9124801725291505,-2.2134579703252015,1.0
-0.9518629417791722,3.155412281156069,0.0
4.88771186409069,-2.121582449081756,0.0
-9.375296762024995,4.897885347370872,1.0
6.461860220627365,-5.473156884436059,0.0
6.426544690588514,3.822200068656965,2.0
3.2357535938577193,-7.322338712007794,1.0
-0.1977026695851194,2.2107957122465454,0.0
4.387734073406948,8.193021200184521,2.0
-0.7630301726627593,-0.4773939574043595,1.0
-3.667359440661084,-7.150078883452475,2.0
-2.6018716412576897,1.0977746097898855,0.0
1.5201685255071578,2.8078875504801317,3.0
7.149517368354996,-1.310763099199054,3.0
-8.046218858567018,-9.757849048031439,3.0
4.927527067918582,4.354791287999621,3.0
1.44715715271869,-2.258132004517119,0.0
8.418482546906247,-5.857475579953384,0.0
6.922792966234187,5.189564758479932,1.0
0.6329670025431877,-6.557300641911743,1.0
-1.0577283950407832,-2.271827648115787,1.0
-6.369600323935902,1.2790522579030394,1.0
6.552854489719127,8.750510602979471,1.0
-5.271265760047696,4.160412049853788,1.0
7.037106297534578,9.024956544127708,1.0
9.734125668039482,9.740012714024296,1.0
4.258143972711464,7.148923407415715,2.0
2.8889594695074727,-9.238956145175122,1.0
-0.6118572408682539,-5.529585310088669,2.0
1.9261965322689356,-2.1207529169177004,0.0
2.349392323647253,7.251501319509632,2.0
-3.3633740465197874,-6.476245311233182,2.0
7.291933219096961,7.165817470197254,1.0
6.0459284393967785,-2.3506963431871686,3.0
-8.838136439028048,-0.9903170457075312,2.0
-7.439610399695513,-9.976205714610671,3.0
-2.626882320624448,7.4911472635516,3.0
-5.401462106296336,5.937132189063787,0.0
3.1396122637601422,4.838242955572589,3.0
-8.934763128540013,1.8142733750216387,1.0
7.727512475199255,-6.049834545933268,0.0
-9.464663554144558,3.6488275345796026,1.0
0.3635746482265123,-4.049967928413043,0.0
8.919841138254665,4.408630433828469,2.0
-1.6861453419856414,-3.116838449389241,1.0
5.705271432520194,4.378268643339878,2.0
3.462880740483971,2.472738800300027,3.0
9.163948912774703,-2.9563688484421995,3.0
-2.207061915013435,8.970888186379742,3.0
-0.2016110137210081,5.175789958352855,3.0
8.223155427490816,-0.60475844140813,3.0
-2.010260629072908,0.31238759061032795,0.0
2.0759081066462883,3.976300676925579,3.0
9.653886575177548,1.516325797718764,2.0
-5.826529597485511,-1.1037896738521251,2.0
7.231174356853074,-1.738744865357699,3.0
9.15778435825797,-0.7457944457637353,3.0
6.3656618167545,-4.313544752391407,3.0
-1.2234929587132388,2.0959410673886953,0.0
3.9729244336450513,-7.2576318484313,1.0
2.3624602958154988,5.125083723868592,2.0
1.3197510084831698,1.8489156951310566,3.0
-9.219060578462969,-6.7546557915074645,3.0
-9.370188225808016,0.7788011555615881,1.0
-1.7115974703353114,-3.973484335121313,1.0
-6.266846252469717,-1.7797237187302013,2.0
-7.299382650916826,-8.803052010708436,3.0
-0.7773523287283375,3.619199635594203,0.0
-5.3934216493418425,-1.6368148393761608,2.0
-3.437563305140385,9.962074087862387,3.0
4.949263214203505,-2.6589511637067194,0.0
9.432708664107704,-7.298306991675256,0.0
-4.149299391880432,-0.5312484566481928,1.0
0.06278022588988108,-6.2354399802351,1.0
6.868710908160203,-4.302425638473926,3.0
2.4802289206003216,2.0023052907438554,3.0
-7.78114188732318,3.685744493418925,1.0
8.339236053149943,7.409837103820326,1.0
0.26356371259593736,4.907130693651025,3.0
0.6460559037428837,8.815345229026718,2.0
-1.387298422866781,2.0973630284402507,0.0
-7.561530304412645,9.86113661583283,0.0
9.62248242714799,5.4692467195843015,1.0
4.706474585850522,-6.441979140226833,1.0
-2.636118167944117,1.4136026173113887,0.0
-7.378739749805807,4.968013582007769,1.0
-3.1156800289586517,4.0358140074925295,0.0
-0.22247735782000078,-2.1374927977309692,1.0
-1.0149312289150618,3.075055642956542,0.0
9.701536130797255,0.9522926564001128,2.0
-6.165586788237993,-4.02567576241915,2.0
-9.094863938425242,-5.662100724839149,3.0
-9.346377520760276,-6.199351535240581,3.0
-2.1046377186667016,3.2003088593255224,0.0
9.801035060402274,-0.7451270952580202,3.0
-8.971612287985522,4.462727958526623,1.0
-7.486346162613071,8.450759273176892,0.0
4.947908414622198,-6.847487120882192,1.0
-4.8158809778592815,-2.904299788567939,1.0
3.6114946765399036,-3.258366719113271,0.0
2.388792864300484,7.3680172817168845,2.0
0.9177988635173087,-0.4580569174123088,0.0
0.10680372422657669,8.69828228432813,2.0
-5.935237926356589,-7.709045057005042,3.0
2.4568413697374663,-2.226718516424768,0.0
7.845556226682106,-8.162685942688038,0.0
5.978414378141515,1.2392548502522125,2.0
5.983074326478082,5.728546081527899,1.0
-7.357080576196388,-3.1191179021761917,2.0
-1.8536115650899472,6.592991623962135,3.0
-5.870743319517255,0.19472304558858866,1.0
8.033336916368029,-2.5555447510055025,3.0
-4.448268194453675,-9.20162226417487,2.0
1.6733766477064513,-2.21994185435455,0.0
-6.0578265860914,-3.291003341903491,2.0
3.462037568632823,0.8705586196698398,3.0
-3.6823345779608214,-7.2056823882066245,2.0
-9.66219363825468,-9.043906228362284,3.0
5.217355878125309,8.815303244714563,1.0
-6.066987106430011,2.740079654121544,1.0
-6.7143133710617375,-1.2374979581532344,2.0
5.090220389403022,-7.660598123398,0.0
-5.445570935005623,-1.9516331940991059,2.0
7.380089899115074,-4.7687203804311125,3.0
-6.986844925150009,2.7616548413485695,1.0
4.797993198427996,-5.129876291877682,1.0
-0.4908293904287646,-8.949601457099392,2.0
8.336466532404174,5.750145960176528,1.0
8.52354777595789,-9.658720512487392,0.0
-8.74278111831922,7.169240787974026,0.0
7.600761323998221,3.0136233876513074,2.0
9.551054144272996,-8.55402065413517,0.0
-9.721194127814208,-7.147625988738278,3.0
9.732040176216493,-5.048652530427193,0.0
-2.2561682605899547,9.6471052139565,3.0
-9.067396558284301,8.730039328842786,0.0
1.1716860468165375,-2.9084466434787926,0.0
7.721409365653493,2.234497927988162,2.0
-9.777002674795984,-9.817923648858368,3.0
9.878928025270255,-7.88420768073385,0.0
0.8446388056257241,-2.2820083068744896,0.0
5.87591013720046,-6.430710785897686,0.0
-4.919673539465075,6.883391741560217,3.0
6.292236827880995,-9.764077954623007,0.0
-4.966627843419101,-7.962020049385455,2.0
9.044282294541798,7.76774038933133,1.0
-8.068075293104775,7.834523007418557,0.0
-7.361749425611526,-2.079112884931802,2.0
9.554231209229329,-6.6204323633002655,0.0
0.9004596761319323,6.730407094663281,2.0
-7.806896821640519,6.765578860738511,0.0
5.128249377612288,7.539576112334753,1.0
9.804385104529938,-5.753980149518165,0.0
5.560843321703466,2.5036257278994505,2.0
4.52273352268543,-5.620197736221524,1.0
-9.222657805842527,-2.9750454770308306,2.0
-5.520924847297348,-2.85407610100489,2.0
2.1828049540769143,9.771454849493338,2.0
-5.747946161665933,4.818907596284882,1.0
1.8103491504270544,-3.4765007042548106,0.0
-7.345895876203478,-2.5097459855613042,2.0
9.849116469761842,-0.9387770831212077,3.0
5.574337137115412,1.6159753977984277,2.0
9.180880070608854,9.205930514840446,1.0
-1.2349570997216759,-9.074726019420012,2.0
-4.63682354541749,-7.8373687994310925,2.0
8.365991548907527,-8.326538210303182,0.0
9.063314018351878,-8.253761429704003,0.0
4.5671337746415315,-8.79709926881138,1.0
7.8988088056693115,1.1491419380380368,2.0
9.017763011905775,5.34251821499832,1.0
-4.338942570884276,6.105903871178246,3.0
2.410124558551562,-4.3551502199290155,0.0
-4.996018754241751,-4.945558854813912,1.0
-0.8183714318564927,-9.992884031857338,2.0
9.765417070055836,4.067089956666376,2.0
-4.711040056505076,5.026510537144302,3.0
-5.010399986616894,-1.5814869401396479,2.0
-3.271129089342919,5.052331279534501,3.0
-9.162923608403924,5.4763451418552265,0.0
1.695563993237588,2.6212794456417843,3.0
2.0995472029004603,0.6625468438771538,3.0
4.31372198277564,-2.560005847872649,0.0
-5.3720213904496,1.593678208695259,1.0
-6.033177004764911,9.268558138235122,0.0
7.5502994064149185,0.6314550335032152,2.0
6.21635881560298,-3.353021219474148,3.0
4.988994235789592,2.0585206179577256,3.0
-8.93936275911871,-1.970531404890048,2.0
-5.26315249914602,9.088305700520753,0.0
0.7813586674534534,2.2566997530629926,3.0
2.901508520593419,-4.986359707943151,0.0
2.868856792132492,6.673429593040645,2.0
0.8546064392126933,0.09712668127873592,3.0
0.8296804366454591,-5.9726554781529355,1.0
9.026609713816093,-7.4084731138296505,0.0
-6.780680911240524,-3.45802210669111,2.0
-2.1662549857530085,-9.951022038984128,2.0
-1.8057666735203188,3.8300973471718596,0.0
7.653678330439767,-3.566300510524945,3.0
-9.856788382729144,-3.78929169089467,2.0
-3.5986776843411095,7.494386456465854,3.0
3.7105321977527854,4.99496326486728,3.0
-1.189672996981468,-7.515192901729706,2.0
-2.62438010189582,-1.6202340805145745,1.0
-9.559765968171043,8.054780383308294,0.0
-3.202618037145699,4.560924069726784,0.0
7.762767649292638,1.4962718191444857,2.0
-1.206271412363975,9.519669041301999,3.0
-6.257521023921089,8.965961953075663,0.0
4.221842333574678,5.702742357323389,2.0
-9.140370477875537,-0.1008155112293192,2.0
-7.113671957207217,3.2227081494261647,1.0
-3.123044340702716,5.053583404303428,3.0
-2.8845768529752984,6.100996625838025,3.0
-7.001402062985889,-1.4504441060221112,2.0
-2.57465603445572,-9.430103637677927,2.0
0.4666634214449079,-0.5903606946390756,0.0
1.7687364731171566,-2.060242133718453,0.0
-7.065246579114676,1.9842710705477078,1.0
-8.991636812592967,6.9412919601818075,0.0
4.567014452295009,4.988978353225043,3.0
-9.466122573074202,-5.566579002393032,3.0
-4.529145154960583,5.824122512447406,3.0
-0.5579892902957972,0.5607954169629394,0.0
-2.430576081886322,0.9135406301540332,0.0
1.2229104031246152,5.252797906234132,2.0
6.9479191122781785,-5.0725436501883685,0.0
9.980606525553071,-5.842907259183754,0.0
-9.367866335169905,-0.16387897063318846,2.0
-2.1359580114500005,8.952033156402376,3.0
5.0666028245105075,0.8042961094943468,2.0
-2.780299939248831,-2.2584977974860205,1.0
5.878529226824776,-1.2414127156670336,3.0
5.306790546607198,1.1821356948098494,2.0
-7.178535721974231,4.721287322955485,1.0
7.708045427063038,-9.667439267681118,0.0
-2.3620668202315143,3.557890317359343,0.0
1.537407056880859,9.833006364822545,2.0
-7.025917306979759,6.86937996999551,0.0
2.034228751102912,5.565667581243346,2.0
-1.3140256003174962,-9.239019058774193,2.0
4.425407660615752,7.00157480775087,2.0
-0.9313011076068882,-9.758739400022785,2.0
-0.5855342277170283,3.6202467118548203,0.0
-9.068022662726205,7.932459433015147,0.0
-2.4191477895164226,6.617980783052538,3.0
7.202663009121633,9.206307447950806,1.0
-7.126828335113798,8.164997058855008,0.0
-2.466481583842306,3.6677722252971545,0.0
-8.522316349374497,3.711326697957409,1.0
-3.2302232047177215,9.879720046179589,3.0
2.9310171633813553,2.0335476381826485,3.0
-1.2761309603315212,5.695190508582687,3.0
-9.318016171620634,0.5168175506669073,1.0
4.397671862605181,-8.29432210414778,1.0
6.753668523306654,4.451623509230105,2.0
-1.1733146180511955,-9.53438651407081,2.0
2.9270834188045107,1.016355391343975,3.0
-2.526538040405728,-5.457334051390372,2.0
-6.495255273795413,1.9138223287508023,1.0
2.498428356549166,-0.9630287012215284,0.0
1.6603166538619067,-1.7311277334209922,0.0
-5.402335057299627,-1.8950506895412023,2.0
7.374616907104507,2.7024432546887986,2.0
-7.168408361997809,-9.529523095507692,3.0
-5.077787748062219,4.4310094902707124,1.0
7.927932361813653,9.779162969509308,1.0
-7.586587346922473,-1.9138473779462508,2.0
-9.615373035505703,-2.64039327695256,2.0
7.185310921870084,2.97752328553206,2.0
-6.059454797800807,-2.7681388845347037,2.0
7.010447085441079,-5.647623888405089,0.0
-4.678974029452217,-3.7066053704550805,1.0
8.97304294600604,-8.488875306525934,0.0
6.6728881111648946,9.31514550058602,1.0
3.010927642376016,-2.548772020641124,0.0
-1.2513479147258622,-3.704568594584236,1.0
6.820934905943261,-3.4641508607020333,3.0
5.477122801870365,-1.7583026180361205,3.0
4.728884617689221,-0.04950078646363565,0.0
8.848119337812925,5.0335362790455225,1.0
3.7700651414141966,-0.2722460903863304,0.0
5.313132733197328,9.419365038223656,1.0
-8.838166420789008,-0.9954488940187431,2.0
4.686437680634379,5.459358356920919,2.0
8.622978817687933,-3.7495293820339626,3.0
-7.5623266151099955,-7.473455734657577,3.0
9.442708184337203,9.025842720494762,1.0
4.668694990519619,-4.228637909282849,0.0
5.829299910070505,6.105647730623925,1.0
1.5241294361979527,2.354804923712388,3.0
-7.828468543475042,3.6930132628779493,1.0
-7.376647941795631,-6.212544195557863,3.0
6.096425254577518,-7.05148687920415,0.0
-4.1274705430240815,8.5346259917861,3.0
-6.372626673973178,8.647120349524279,0.0
-1.4329753702042325,4.13354906878129,0.0
-9.116262289418533,3.9018730935220383,1.0
-5.076801835100637,2.0334535470882926,1.0
4.468960840989727,-1.3194866678517254,0.0
-0.07837300431167549,-0.47913578069129414,1.0
-8.520224952517088,5.813473790678408,0.0
4.184921208949408,7.860025626975698,2.0
-4.180663633508872,1.6136646001410266,0.0
0.657009952327881,5.296323782355367,2.0
9.06875808904881,9.459951189001238,1.0
-7.552912379058956,0.47551946058455385,1.0
0.018316619247357835,-5.862968731529352,1.0
-3.2994780761352764,6.3169712624150165,3.0
4.839868242310212,-8.804910273082289,1.0
8.300134915074157,6.227697117692003,1.0
0.6158485064618517,-1.1402193291502432,0.0
2.6156814540997093,-6.458461522359162,1.0
-8.748239890886175,9.445019794289568,0.0
-3.7694387083659127,6.436013783202192,3.0
-7.446887174894115,-0.7036624696120839,2.0
7.53465314983297,2.0096135637633488,2.0
-0.9281063317694098,3.658969031878348,0.0
-6.503983097826724,8.554618316972508,0.0
-5.722085628385198,9.680885465224854,0.0
-0.5333596114033927,5.137894192368373,3.0
1.8647651010116242,4.553652595289595,3.0
4.318711546181575,6.100429094502115,2.0
2.5190888062646195,6.236903195195943,2.0
-2.7534612499605355,-7.8151079699395805,2.0
1.9683224120605036,2.251075849688881,3.0
-9.075738879656134,0.8409141623826315,1.0
-3.8955070066287556,6.3925151194687615,3.0
-6.03800647508119,-8.376987997710462,3.0
-2.199088433033925,-7.650679198641386,2.0
-7.089129419096709,7.7835737901726425,0.0
-6.7709709816341785,9.630999061459285,0.0
-4.690484874547698,0.7985630727265516,0.0
6.30820709795103,-8.209638659942014,0.0
1.48178083334229,1.307141561510809,3.0
-8.163760186601143,7.638186435894582,0.0
-9.581144065056455,-4.764752229818436,2.0
1.5751488995814782,-4.499725005493957,0.0
2.5582212850025385,-1.5501197188895617,0.0
4.806531842702551,5.256250984648172,2.0
0.7482736135041339,-5.853054049979511,1.0
8.290302846028126,-6.14162586878269,0.0
-5.39531731397219,-7.721434901712183,3.0
-5.562880329123456,-0.37982985970721295,2.0
-1.9431896824448263,1.6045380095982598,0.0
-3.1044675579031207,6.809910087199544,3.0
4.513795609367758,-3.7609286407408815,0.0
-5.7116653439474785,-4.734677391062183,2.0
4.445869949401985,9.65868033381642,2.0
3.6936595060644724,9.755208910270753,2.0
3.6446015502330624,4.081563060733,3.0
-4.6052852523800425,4.1084580360707985,0.0
-9.005416154402084,4.60725848870532,1.0
7.839355904991521,2.047535020415017,2.0
8.603516369279834,0.2688038430174373,2.0
-7.6981798528100365,7.594284765687632,0.0
3.059349547296833,6.1005750561878855,2.0
8.915013545874821,4.335612299367543,2.0
-0.3941915783431398,7.07742184858887,3.0
7.383996809952336,-6.71266763920219,0.0
9.403365350844506,-5.207550143344195,0.0
4.99066196240905,-0.23871050551893447,0.0
-8.578602905473927,-5.903382286186433,3.0
-9.755781822774669,2.1141868024018766,1.0
-8.90585722592775,-2.0585786516521427,2.0
6.585857159877261,-6.859259465466971,0.0
-0.7399347925544753,-0.7032451245527387,1.0
9.636909666102746,-4.885047869191689,3.0
2.74701813167999,-3.164323493449242,0.0
-2.0112373186007337,-9.696900526317142,2.0
1.0786559684651316,2.4348327171490105,3.0
-6.628378909527022,7.22396166594185,0.0
0.684980263530834,7.782469475894231,2.0
3.519822846447065,4.20013419893176,3.0
6.575363996004068,4.237518878993864,2.0
-4.461560115027146,6.251354050093674,3.0
4.855946670607823,3.379409215261086,3.0
-7.48702774807533,-9.169506611523268,3.0
-3.871148258677488,1.3477267751491588,0.0
5.636030839942105,-3.8148236906715223,3.0
-7.076494961834358,5.096109140535178,0.0
-9.122221953833336,-9.025900369808191,3.0
3.9134091747808455,0.26440573002700773,3.0
-2.6904838000815996,8.410299129807491,3.0
2.7393012116268665,-1.1839943490838607,0.0
4.380909342446799,4.50440846477526,3.0
-9.194214421284583,-9.38380446646434,3.0
-9.905160293124782,6.0984285265696165,0.0
6.361607612911321,4.538983973759281,2.0
-9.590073815634153,-4.871397167419868,2.0
5.0041456672399764,4.360077206045759,2.0
1.5798743859793323,6.513385150814205,2.0
-3.9554642690436097,-8.842901396577219,2.0
-4.305903789724004,-3.9908420835172898,1.0
9.38530938658307,4.578371061658553,2.0
0.3769874563164439,-4.003707595057104,0.0
9.55702026891369,9.040633290902583,1.0
-8.590379806349437,-7.261939025888906,3.0
2.291203081737015,7.1855524570712,2.0
-0.5653492587921818,-6.480626567416259,2.0
8.190145761965137,3.355405164088312,2.0
0.13307010701499777,5.327543464553381,2.0
0.9751593727594727,-8.162111391215063,1.0
1.789628258329106,3.9616940482142144,3.0
0.11077257508583571,-0.41879875551068224,0.0
2.54989003322547,3.006914930509268,3.0
0.8884751947245544,0.05452521715741909,3.0
-2.9871089506722033,8.179299241647172,3.0
9.460864835058004,9.436484973322596,1.0
6.922956123482237,4.379301758150838,2.0
7.910682569780903,-9.530109007214726,0.0
9.789754392783305,6.751715013357483,1.0
-3.2704500693070937,3.584220182491176,0.0
7.669447450051216,-7.011603005703755,0.0
-3.9292472250545085,5.052276025509304,3.0
-5.746583622621442,-3.406371508322894,2.0
-6.058296127012246,-4.7323592993203505,2.0
7.028296367568874,1.7548061097214571,2.0
-9.455763041598535,6.463048130706124,0.0
-6.329158845428406,-8.483560239502868,3.0
4.342555951012754,8.490156601105003,2.0
0.4441423812692751,-1.0690104262864963,0.0
-6.069974972378476,7.553072702301776,0.0
-8.880050743018888,3.798431185133733,1.0
5.156630244882262,-0.7742273298981228,3.0
6.781566608651495,-5.8185188082941375,0.0
3.928239250745591,-4.662434861358942,0.0
-2.899862928467063,6.127972848913114,3.0
5.491182740912697,9.65283956608301,1.0
-3.4762185396843766,-7.620158422698681,2.0
-1.6139792261199108,9.786665272949186,3.0
-6.9071571586967195,6.145065151526058,0.0
0.6987592651986461,-7.578270023552589,1.0
-8.45925618259904,0.6638490607395138,1.0
-0.9059318554447984,-3.904172286448251,1.0
4.326400282126951,3.4242767210226415,3.0
1.818538522106115,-7.734507309764192,1.0
-5.189523951044119,7.373061552784005,0.0
-1.3533476236027617,-3.0706782225653306,1.0
-8.780178758984786,5.070019373113075,0.0
-0.39376263244948007,-3.8196678320744244,1.0
6.342010315222286,-7.5514282909194,0.0
-7.517605450639948,-8.355745887917,3.0
-2.95119743262714,0.4219664971476753,0.0
-5.11231284607579,-2.9121345996463477,2.0
0.007682236495869077,-8.204953675702031,1.0
7.332945498598971,-6.191994845265505,0.0
-9.011932893218347,-0.29625745790205116,2.0
8.752020400320191,8.016352686596562,1.0
-9.329823469686396,-7.970568024518263,3.0
4.918300900802606,-7.778107492148498,1.0
9.382318416455444,-4.620091751480295,3.0
-9.533731347075022,-1.70528058869529,2.0
8.383332740276721,4.333945001477167,1.0
-8.879020382253147,2.4790019514705506,2.0
-6.912673053812255,8.676317089285114,3.0
-8.259377620362171,-2.8258691768266804,1.0
6.85642827907019,-2.978600918842014,0.0
-6.354692653524534,0.4905839116360724,2.0
-8.858648400324487,2.4306426910462697,2.0
-1.6682465753239129,5.1279774775266755,0.0
1.139561200779351,-9.951010022524521,2.0
-5.249909325387582,-5.215235667580327,0.0
9.270776251454237,1.0123359245134615,1.0
7.531984081913279,1.7901238529855323,1.0
-0.39077827359523987,-1.9226282078495078,2.0
-0.8589368614766268,1.4013434230670612,3.0
1.7686949798149936,-8.362667869096434,2.0
-1.0213149336704426,8.892020215371076,0.0
-4.7124532294552735,-4.370995493450147,2.0
2.8289130925085466,6.8439759684853705,1.0
-7.070616529507743,-2.222805123250435,1.0
-9.61868377118732,-5.306221315497124,0.0
8.309042797005798,-5.154646176189235,3.0
-4.211939899394603,5.952638934175473,0.0
-7.072690930958752,8.29991058261706,3.0
-8.100176140332056,0.7279522704423798,2.0
-0.09934489598996521,-4.368685771631389,2.0
9.36656289792137,-5.115672055804337,3.0
-1.859586586718061,1.2056305309970483,3.0
-1.7631408713444436,5.358858080790686,0.0
-2.205027863667146,0.5803225125072391,3.0
3.8315612405543735,-5.223140392761172,2.0
-4.5126231553500045,8.326420704694296,0.0
8.745026088580367,-6.025032862859112,3.0
-7.18274863930713,8.572533896425742,3.0
-0.5857610863500469,-7.163883117063239,1.0
0.6674211799192413,-7.5621605714159905,2.0
7.031767751631357,-5.705540508233535,3.0
-5.163534897802156,8.064592105700086,3.0
9.627721564745752,-7.6423874971164025,3.0
-3.9434766215404826,-3.2055259664289615,2.0
3.5274174952202166,2.9112270642485587,0.0
2.5861469244872204,-8.585815881079528,2.0
-9.609418364578865,-8.272553570959989,0.0
1.4095973791739915,5.0665435774368195,1.0
-3.532274430058406,-0.4181447599136323,2.0
8.467050785615996,-5.633316250022833,3.0
-7.033736120582059,3.14785327724206,2.0
3.790926234422713,1.4482573691848515,0.0
1.39832538936915,-3.0047334783140194,3.0
-7.665946731312174,-4.667117460844656,1.0
-7.63436823958849,-1.022382422642604,1.0
-0.01656150419894864,0.3976249899613453,3.0
0.0817463095709492,-8.717808080245966,2.0
-8.365324601767917,-9.655760680251074,0.0
1.4942332703710726,-0.4909016273324731,3.0
6.843464702164756,-8.982925948696536,3.0
1.8379019460135293,-8.335167633405543,2.0
-7.986860693973892,9.605922294207868,3.0
-2.3664109867166117,2.471361990014227,3.0
4.655177005665635,-0.14590165952607492,3.0
1.6224472180660605,9.537041758573498,1.0
6.822411039990953,-9.477010194311992,3.0
9.76166085862652,3.1384036399034194,1.0
-3.168669086546987,1.6637124165715615,3.0
-6.208719335290088,-6.549469995697899,0.0
3.8050885300460635,-0.4879975334542017,3.0
4.907659036812024,6.478391898305613,1.0
-2.2840297615571137,-7.503064201283786,1.0
0.09514224466869692,6.927335933228363,1.0
-0.43047301419053063,6.619283853320685,0.0
7.3219370033126125,-9.742476981999529,3.0
8.374703413818175,5.389668858376371,2.0
7.493412619627101,-0.37892928415053717,0.0
2.1767637546076983,-8.657197727262755,2.0
-6.329965612156374,-4.667814471349345,1.0
-0.4169812785990974,-2.6260019660868377,2.0
-6.406989865334893,-9.330949689823791,0.0
-3.4306368205795774,6.100617384139074,0.0
6.252345825827973,-5.903028413451845,3.0
-9.442791646036554,8.607051637523597,3.0
1.2568918678433647,-6.39848948300183,2.0
5.4913245832178745,9.62294335885963,2.0
6.573500785467097,2.738524165684238,1.0
-2.8473837807609037,-0.35181551975684044,2.0
9.36954789275044,0.8964436672401241,1.0
-8.61996994122274,-4.2802283935925844,1.0
-7.402131053707421,-2.3167649837079862,1.0
-0.07090060542984133,-5.9410953609671235,1.0
9.010766480633428,-1.2258674036265145,0.0
0.10686334201306735,-7.745998236968097,2.0
8.35113199763504,1.7927331054714948,1.0
8.402930762949115,2.7364588573968707,1.0
-0.0542770318974064,6.611378998889034,0.0
3.69566009700784,9.602522614476378,1.0
-1.6720063714187532,-3.518396646417772,2.0
-3.495111178043768,4.282884904362881,3.0
9.5490860677222,-8.742928128640672,3.0
9.078896453123967,-0.9843346638143373,0.0
2.9262266822521443,-4.296221026760474,3.0
8.609305511637181,-5.48259827509751,3.0
9.776993213472604,-6.698091710006324,3.0
-7.909281148482115,1.8957382719190967,2.0
7.921972455460139,-4.937503646129255,0.0
5.45302437557017,-3.901563533966663,0.0
1.4361525786114804,5.886211434397197,1.0
-2.138512766377623,-9.09275944139522,1.0
-1.772723209540917,-8.105802100144464,1.0
5.513494462257118,-1.6353379521319606,0.0
4.710413978349466,5.858503469862349,1.0
-0.23749637347547292,9.399549828669965,0.0
2.2433517108148866,9.552566468040823,1.0
2.8173476290032937,-7.847453631187513,2.0
-7.220633720896787,9.148231337883633,3.0
5.5987957138740985,5.47457361841732,2.0
-1.4351844323810106,0.958488394135129,3.0
-5.657530426146089,5.070244973495592,3.0
-3.930088142051309,1.4875234640135222,3.0
-9.368158760088367,8.366930151086592,3.0
-4.962265193750115,-0.4209190725878642,2.0
-2.3284330437753002,-0.252360614660196,2.0
7.772387135731069,8.435757414581644,2.0
-9.323898351191751,-1.8913368773063723,1.0
-1.0718397281869834,-2.5775189438753614,2.0
2.48567891696802,6.315431343989687,1.0
3.1408761759791766,-6.19304453907702,2.0
-3.527400364168944,-1.1493380243184177,2.0
-3.5333210839970057,5.298986969987862,0.0
-1.0998805008812873,3.2889186746909598,3.0
4.092709256058843,-7.486629222479881,2.0
4.690245155105577,-4.420374117911128,3.0
-2.1662321571543774,-6.62192753755374,1.0
-9.497301128406832,9.037627735866739,3.0
4.455274272736116,-5.438300964888412,2.0
4.851206744903983,-6.955318315112646,2.0
4.046155949256942,-5.87393393270392,2.0
0.9806941817180999,9.384517127032396,1.0
-8.123603479930095,-4.454498458164721,1.0
6.330143558046185,5.223067983216634,2.0
8.210417745718573,-0.4119600314231313,0.0
-4.861554829307098,2.208275968627847,3.0
5.88458472514281,3.6014755229178324,1.0
-5.600078294646673,-4.588819806598352,1.0
-8.356709470164665,5.364363281756264,3.0
-9.657769047731172,5.724639195092001,3.0
0.8627482778010673,-4.902602455249603,3.0
9.32984331813011,-7.7623114075360045,3.0
-1.4858994416769136,-1.870462657498038,2.0
-9.540933906618907,-6.216433005431479,0.0
-5.811029529881937,-3.550838562356395,1.0
-8.618738518738414,7.012400068467347,3.0
5.00580562070386,-4.88407425545361,0.0
1.005003904968607,7.625568417224631,1.0
-6.167076755607943,-0.7072886618775627,1.0
-2.886155219351119,-1.4177308207773383,2.0
-2.4614863548221795,-2.837184364596144,2.0
1.1513561583408496,-6.775398229321262,2.0
1.338076656566038,-6.293049782189149,2.0
4.525355525577929,4.006649675927141,0.0
2.976304265214363,-3.0896616521205083,3.0
2.7647675497330777,-3.350932770716309,3.0
8.548554152151102,3.5958437874134503,1.0
1.1436467498103156,8.52710852466765,1.0
-3.4894392217366166,-8.663030724210884,1.0
-2.3049307397957346,9.172413420349802,0.0
4.527667075959114,-0.9467563510297001,3.0
5.1829645951798025,3.259514354564921,1.0
2.0809820288443692,8.635849795257219,1.0
0.8197987506300404,-8.28528827190572,2.0
1.6448481225801341,-1.3909967098252274,3.0
-9.174023553071454,-2.719704922791051,1.0
2.370093521466112,-0.8782073083435566,3.0
3.682735632108333,5.237115856299381,1.0
1.1638339702906038,-1.928278226902238,3.0
8.748806346958705,7.505061727923412,2.0
3.0656741846416313,9.508624235014558,1.0
8.239534727464036,-3.9619768570230995,0.0
5.345379430505817,-2.667570960460665,0.0
-7.614564301271363,-8.308902647809894,0.0
-1.7957007803576186,4.762521201194625,3.0
-1.667725604952416,7.173277556568095,0.0
4.50181184017735,5.923687555835906,1.0
-9.143613208061721,0.09688853828776978,2.0
9.377272200022585,0.9122050331175338,1.0
9.977096290892824,-6.4985162663710705,3.0
-2.3523554030289233,-7.506354144068322,1.0
4.0885239314247634,-6.538526943065781,2.0
9.089388324674424,8.193576488776,2.0
8.005569283950301,5.080806195299578,2.0
6.197363377156268,-6.044117534270114,3.0
-9.733669939447719,4.934348725858477,2.0
4.4805883241732225,2.95602201476523,0.0
4.308714352428639,2.8170003052213684,0.0
3.839728250688914,2.47920349903608,0.0
4.154036496903963,-0.44119553829967906,3.0
4.897882843896701,-0.17564809682524718,3.0
2.893068614399512,-4.6047520565868405,3.0
4.963238953740811,5.912935018544429,1.0
-3.529052219244228,6.979626422891766,0.0
5.546719179049017,-6.602047833022427,3.0
-0.9644638982899085,-6.030436466590887,1.0
-9.547994902047135,-5.195614929551695,0.0
1.8381358807220405,-5.817158845952058,2.0
-7.416551253306194,3.047282567774584,2.0
3.5250150918501237,4.298696205668888,0.0
9.066335595587852,4.057726100717964,1.0
0.8932630573992011,0.1334595517110735,0.0
-1.6268263287516973,3.6931907605658143,3.0
2.5652312689481924,4.960044017346345,0.0
1.6255158147212523,-7.655222764231773,2.0
-6.004298026407993,2.6834623624999665,2.0
-2.9171156950125194,9.718717754314312,0.0
-8.020152649416758,-0.5530938080102832,1.0
1.34208745225253,8.411584663140083,1.0
-2.36164046691115,-9.217736106514412,1.0
9.000508222806623,-7.959174396901528,3.0
7.601352584577718,-6.522270829207724,3.0
-1.8230237817110186,3.0017506012154964,3.0
5.473151357105143,-0.14683184601158317,0.0
3.235097374407953,-4.856430123593851,3.0
-0.2854222065217016,0.42104953007206447,3.0
-1.6717812721626366,5.167287726388283,0.0
-6.096326395872767,-1.1531284366165053,1.0
4.019651052125393,-5.1731548107463805,2.0
-4.155801955277505,9.304618668309455,0.0
2.857602254979474,5.376953526525847,1.0
4.949290787837997,-7.927732570126079,2.0
-6.7352270273423915,-6.273664114335739,0.0
-9.68139120164973,-2.9351352738703813,1.0
-5.885538817020464,-2.557013785759919,1.0
-9.445075172702854,-1.0100357259090273,1.0
-3.750898083332319,0.097482415722137,3.0
-4.143506512492177,1.3889266119547408,3.0
6.2068990110833475,5.213480150786596,2.0
7.781188456375617,-6.477251012111525,3.0
4.37625842147807,3.781621733873994,0.0
1.251118013810327,-2.377708892712893,3.0
-4.5154663972079785,4.82990665386307,3.0
1.2189000428458652,6.821461804833959,1.0
9.659830688035079,9.601361727373462,2.0
-7.381584303993813,-2.5636588043360202,1.0
2.965766905832808,2.4979472943100607,0.0
2.1235771261198444,-1.7238157556139182,3.0
1.188661451495408,3.4858144442206758,0.0
6.978610441271368,8.859912955065134,2.0
-8.481941053187722,0.8504030657560886,2.0
-5.331955276107349,1.3728704414872706,2.0
-5.361265097904637,1.9146422262797902,2.0
2.1294411878915867,7.552424990611659,1.0
3.269922502822574,-2.6866225453271664,3.0
-1.9625471923772846,-5.958958305986892,1.0
7.755293029818958,-3.4565145166794053,0.0
3.250193264457531,-8.704351193929549,2.0
4.323082146228236,9.76391125822532,1.0
5.025896553383113,5.336288555496813,2.0
3.0904512970433036,9.730241442443276,1.0
-4.172868288762617,3.028917591826092,3.0
-0.4923288500288141,2.9751515429222035,3.0
9.214396687638416,7.166461557364894,2.0
-1.2723367179780034,0.687646787405372,3.0
-6.254837978857126,-1.302055614466937,1.0
-4.24571768603295,-5.854985972129201,1.0
9.99453682936215,-2.218428578871312,0.0
8.64616240873935,-4.720030862676188,0.0
9.900015992433325,8.879406394802977,2.0
5.541112857007233,-1.8694352729150694,0.0
-7.735802452444909,-8.772356820500944,0.0
-8.159272309419826,1.6038808940351341,2.0
-3.8477128193913623,-3.8357106687812497,2.0
-3.4876278727717436,0.13278646896717916,3.0
-2.398499706995489,2.386289528606495,3.0
-0.22516335316113079,2.453363043462595,3.0
7.124640742764587,-5.722406422224767,3.0
-5.241236966698615,-8.843273649967022,0.0
-2.3496893432526207,-6.317120738912312,1.0
-9.259641316446212,7.275456297654177,3.0
-3.148129524788432,3.2618046798342846,3.0
-5.11414337885753,5.878103993837964,3.0
2.1987489714117565,-1.9108538261748205,3.0
6.319310009046752,0.8341034033855301,1.0
-6.675207355993256,-9.326296152809562,0.0
7.141044767640825,-9.599606422859337,3.0
5.6859256217112275,1.8201958224970483,1.0
8.722305885341157,1.9050201576076056,1.0
3.6314066572369956,-4.63939307215695,3.0
1.6536692243423001,-2.2054005422698175,3.0
-3.5903382527836136,-2.3145671940140016,2.0
4.803388656971139,-2.8171594964421924,3.0
3.4437044214693397,0.6192093915253576,0.0
2.733356129884024,1.208494573798637,0.0
-4.787337244513519,-8.73002181838852,1.0
-2.008022690864772,-5.7033891156241046,1.0
-1.2082935117852571,4.445796400010254,3.0
8.861583470047442,9.521313091574608,2.0
-2.8255911152723385,-3.8134012122548615,2.0
6.443616681195664,4.275238824860905,1.0
-6.436175499494691,-0.2387074113994121,1.0
-9.818185592174931,-1.907944067342875,1.0
5.406473944982748,4.733411183831599,1.0
-9.245482713073127,-4.415989983345405,1.0
3.6344350100551353,1.066486752608979,0.0
4.45351726189358,5.090306311160745,1.0
-8.48011938054377,0.6618884233878397,2.0
-2.181014159440659,0.7866995930824867,3.0
8.768031695824515,-1.4839336753052734,0.0
5.150049515638532,9.406279332709666,2.0
3.522904513263512,6.722850957439274,1.0
4.338678682237143,5.201248647065281,1.0
9.037668046801592,-8.086197202726863,3.0
5.59013746969584,4.583621016863546,1.0
-4.010258519152754,7.470102246180346,0.0
0.5658516496652268,-7.494668638757895,2.0
-2.311856580506473,5.514456681674616,0.0
0.7180433896733813,-4.570076872924595,3.0
6.436248371841128,-0.9676568958650105,0.0
6.150686299298055,1.3834584875745097,1.0
8.030893578319755,-0.07361686594372863,0.0
-5.214724326419617,7.985387633691779,3.0
-8.53390508849095,8.688706296083204,3.0
0.8174648480101876,7.474611487440473,1.0
-1.1743874894296464,-6.139054476166377,1.0
-2.4543452590764385,5.961176904468521,0.0
-2.099564093037836,-4.705637841145178,2.0
-4.038957364026965,1.3974632641705593,3.0
-8.935807591482053,4.843043734117334,2.0
0.4299628630078818,-1.0566956295448477,3.0
-5.466893140191409,3.3804488281933445,2.0
4.7559754947266235,4.219779900769954,0.0
-2.149949338905679,-5.277726386151302,1.0
8.99671489170844,5.8081242927092624,2.0
-3.7894857967217144,-4.17439504813919,2.0
-4.903972030814803,-2.809794846394671,2.0
2.0997801577610495,-2.187914083744216,3.0
-5.324486336560009,-5.88553788662638,0.0
-4.683451414302942,4.915976318007193,3.0
9.132775619461885,0.8478043427402309,1.0
-6.4632533905529765,3.182684941331903,2.0
-5.534388786794578,0.33502835536833153,2.0
-4.048374912937415,-2.7430172735409997,2.0
-3.993092441908539,-4.729760700160064,2.0
-4.0086111044901624,5.6742997465387255,0.0
-9.787665768343688,-4.983253181444171,1.0
7.15042671700261,-5.260081135086773,3.0
-2.2409358652773737,-4.116187524892161,2.0
2.5813366331158036,-6.900038207101911,2.0
-8.702698155315339,7.734684640976468,3.0
4.026048006003183,5.292822295034245,1.0
3.4687628615068338,9.561255508600727,1.0
-9.452338210963081,-5.1943733961577365,0.0
7.178761088057037,3.3579415307779765,1.0
9.251881362878024,1.3854606145636872,1.0
7.263435460955549,-2.1144067632904324,0.0
1.2614159582965598,9.136128402103964,1.0
-0.020471021497527886,-5.758182917172179,1.0
-7.43494325007326,9.541154894305617,3.0
-3.519531216376506,-4.993946468800128,2.0
6.874715736191639,0.6441913861757413,1.0
9.37259392868188,8.220913291394048,2.0
5.418216787352447,-6.6619853362063175,3.0
-4.300797393481317,-5.417643602084823,1.0
-9.624214256552406,5.209812353794039,3.0
5.430665477533616,6.616849176472936,2.0
7.692724397354471,-3.7561954757670453,0.0
-8.307157173626194,8.80306919093422,3.0
-5.890647066530754,0.27255169934042556,2.0
-4.801232549298824,8.453145627479632,0.0
1.9079464225804816,-2.3248475655637613,3.0
2.1303805148976007,-8.400852144785517,2.0
2.9979619758069713,-0.21760392437531095,3.0
-5.319592858938266,2.1820728987444973,2.0
-4.167676321861363,-4.823253047151226,2.0
-4.368625835673012,-3.7147292597516053,2.0
3.5092082896491927,0.9585407343300307,0.0
7.063815190267462,7.874918036214719,2.0
-5.11522585296346,-7.14955535586312,0.0
5.215580511272645,8.633722579412183,2.0
3.2819030857667126,-5.251795905074412,2.0
-5.509299247211208,5.642753957369974,3.0
-5.856513410073574,2.9248948834891095,2.0
7.366836074939762,6.6119146761080145,2.0
-0.9986889894020567,-8.658998835462238,1.0
-8.2989569820735,9.663212857601696,3.0
-3.0451591889046803,5.6080796723252,0.0
8.93361389765581,9.340533103779624,2.0
8.68126629462833,8.760907903700879,2.0
1.7249618837221643,7.989438106752086,1.0
8.76019729820283,-4.119260241963705,0.0
-8.688305229572212,0.5347575431178875,2.0
2.1224158188219135,9.258094532799191,1.0
-9.119182313187986,5.292973976840138,3.0
8.29079863840558,-6.133903245731069,3.0
4.2663641575003926,4.5857104400144895,0.0
-0.06763420720753821,6.182533024542774,0.0
6.045171378402806,4.942262691775339,1.0
-4.619462250012387,7.9379182447403664,0.0
6.056038119307342,-9.031308952165585,3.0
-4.591069263576378,9.422871372365464,0.0
5.530830873698864,2.2252446680540885,1.0
-8.150532227778516,-9.524973390579177,0.0
4.337336952606856,-5.628215671074073,2.0
-6.315521522715923,4.181598866559266,2.0
8.637600258510219,-0.4626465313230206,0.0
1.4744572245459668,6.653808577309764,1.0
-7.026414541648743,-4.298663921481345,1.0
8.878964951445528,-5.152232025383697,3.0
6.451250230738864,3.7273314293582125,1.0
-4.125740498408572,-6.064888560742736,1.0
9.172738111136876,-6.504370752128141,3.0
-0.06819131572186876,-8.437936898757467,1.0
1.58612243635263,-0.6156246421860185,3.0
7.520263859009837,9.334230472279714,2.0
8.202234441338877,1.4198926318513792,1.0
1.0072821096140316,-1.666776508295202,3.0
2.8949134511594465,-1.5886810677819714,3.0
-7.036159327370434,8.53747946272906,3.0
-9.02715688043849,1.8859787437273656,2.0
3.049748914757851,-4.600609646882255,3.0
4.226349932199074,0.9191080873574808,0.0
3.881639225395501,-6.448289844051702,2.0
-0.7454446337806768,-4.058220489570184,2.0
4.54242976298179,7.769602536422504,1.0
-8.59068719478837,-9.748275072409571,0.0
8.001370823878108,-0.27424873163656827,0.0
-0.2907719630099521,6.273570427316432,0.0
-8.801431471920385,0.009036257560268268,2.0
-3.0825135031337254,-0.4207325770756718,2.0
8.920359632151786,-7.3683984008316745,3.0
-4.339451209277232,-7.278368881346708,1.0
-0.5345442503365749,8.860188274123018,0.0
-5.241306483146007,6.10287018144404,3.0
-5.341508126728794,-7.465306866077834,0.0
9.612831906010811,1.005158305751717,1.0
-2.709087602883673,-4.870307034891066,2.0
6.6976863819577375,-5.669875705008581,3.0
8.868626988885431,-7.202538445706335,3.0
-4.351178499013688,-6.69678068294171,1.0
-3.6374270805784414,-7.5558584252365835,1.0
3.2470391709725437,4.112257675569639,0.0
-2.5616021411684864,4.321214309517586,3.0
-5.91574760933262,5.1803076553177725,3.0
0.4906065652543816,-0.9017869000959422,3.0
5.642443509936506,5.809040472339934,2.0
-5.809336623346866,-9.81240455217981,0.0
-5.022117448723606,-4.4702921124807045,1.0
5.1059132416298745,-4.8128370240698315,0.0
7.82997615467691,9.421183768758045,2.0
-0.7860336149198925,-8.935604530120795,1.0
6.010689015309499,-3.5144607431646975,0.0
8.147122054218201,7.804297517712733,2.0
9.263099083446235,3.6248429120802967,1.0
5.427712594056031,7.63685662767131,2.0
-1.8364765887176642,8.229870732380078,0.0
-2.8542182950867794,6.41511863824773,0.0
-8.19729696142585,-4.85173361232774,1.0
-2.6461762300441123,0.5745891965385113,3.0
0.736581017944463,-1.1483354823932785,3.0
6.364836839806802,-0.03558587842324279,0.0
-1.061446073878221,4.874122671390229,3.0
9.121127417987068,-2.6182087916875325,0.0
9.767013224086497,-6.904704109964753,3.0
5.0456425032310666,-8.321435963682283,3.0
9.863482791723804,0.03184068644327098,1.0
2.3834271408309107,0.9632397011543308,0.0
9.92141860644928,5.374563900683194,2.0
-1.5450330648451622,-3.6729482168750405,2.0
9.062554260339585,-8.26901123145581,3.0
8.981890252563655,-5.48918812076292,3.0
-6.285382024805766,7.8043080596368775,3.0
8.771176577057322,-3.4187710639373092,0.0
0.3672409425598939,5.898110955788807,1.0
2.1824701387159617,5.297116899816972,1.0
-5.347513960497983,1.3964542964437179,2.0
-3.2143727266028854,1.9712566496848858,3.0
8.129257009023195,-2.783037797602641,0.0
6.700685685636749,0.6101239576445767,1.0
3.644247182675633,5.770943605760044,1.0
4.112168248688935,9.240702713296912,1.0
-5.114337631321073,3.857730046682663,2.0
-7.51363641754544,7.349200729266492,3.0
2.94430451743553,2.661113337476298,0.0
5.146378471449079,4.1335058728762135,1.0
-5.218001471186193,-1.110669597736928,1.0
-2.887339905852615,9.506800129769552,0.0
-2.457555608830287,-6.687121792483117,1.0
3.265174519394119,2.5223796864871435,0.0
-7.070425948407446,6.145571762580445,3.0
9.99762002763477,-1.2046575244274642,0.0
3.9610595840217115,-2.964661755421152,3.0
-7.588726724592368,-4.93707588886833,1.0
-2.284386955655158,0.25832480462044316,3.0
-1.5867006841048497,-1.713092207945719,2.0
-1.1274370653449157,-8.703569915109401,1.0
7.364302789285631,-9.144646277252262,3.0
2.127808939960726,0.6657585577887168,0.0
-0.5242748599146694,-7.390031597534808,1.0
-8.055291125943729,-5.483555350759694,0.0
-9.416122937690865,-3.40195829385425,1.0
-1.9311735642845314,-7.685073476026401,1.0
-7.983311734989089,-7.090167105883475,0.0
0.6701961026453045,-6.868061480542568,2.0
8.81867981617425,-8.942792219315713,3.0
7.328706254274184,-0.5541620766363557,0.0
-1.4452104422435497,8.868911615003338,0.0
7.562471422688212,7.930506447484941,2.0
-7.731589433559714,-7.245633077243485,0.0
-5.705847715219059,0.8294016361010002,2.0
-2.618654027193341,-2.5939660386875403,2.0
6.678919426853913,-6.746070663302753,3.0
-4.363781815666446,-3.967701951773101,2.0
0.9323651182917363,9.401219753981746,1.0
5.157774050757753,-6.514778582464715,3.0
-8.68476739129127,8.135127667783877,3.0
-2.400827978569713,-8.449274875287603,1.0
1.8507321037790003,-0.8843374252146781,3.0
9.293020640110239,5.449836990774861,2.0
-3.4510595234486763,-5.638896647548847,1.0
-1.430220867877452,-2.104593355960363,2.0
7.6514110510434605,0.10946677469259924,1.0
-2.425340550574491,-3.0648045512720774,2.0
4.8677329035233985,-7.856515460715139,2.0
-4.506368608671889,6.705100192450264,0.0
-7.0629636931804445,9.11094305406704,3.0
5.8196584722265925,4.508379847933774,1.0
7.076650818557074,9.759014480778767,2.0
5.743294859396853,6.721550801241744,2.0
-8.017959476785663,-0.24603914123618686,1.0
5.28572121119357,-7.945991307064045,3.0
-1.626961035542827,2.911687367165623,3.0
0.47217391912911744,-1.9402896172954183,3.0
2.8827816851210386,0.7738551937828113,0.0
1.5446106586559551,-5.011154851725097,2.0
-1.1443909243449717,7.660186862824652,0.0
-5.986884096092813,-0.244752562486104,1.0
8.835393955822411,-5.223481212966414,3.0
-1.4204445503930945,2.3019702688507806,3.0
-8.759900066932236,-5.284038839213583,0.0
-8.551816526681632,4.248915568226799,2.0
0.13342270839980408,5.194897948256056,1.0
-3.6289836966104243,-2.167015473574647,2.0
-0.23336017335465087,-7.402561087140169,1.0
-3.295023647283477,-8.27842153311723,1.0
9.010743792148023,-3.034852619505144,0.0
-1.0996005510553708,6.728455599967877,0.0
-6.776701700311058,1.8450735445732374,2.0
-2.71468849710047,7.757076515030256,0.0
-8.934282157499807,-9.375472878924075,0.0
-7.539507231664368,-5.238842746525528,0.0
7.537824135854038,9.823139726444083,2.0
8.444523167714792,3.7003870874665274,1.0
-7.885880068744844,-9.420437955648623,0.0
7.247045894160323,-3.179523876220765,0.0
-9.074410452351362,7.874389903975636,3.0
-7.762396883609599,6.677464354349947,3.0
8.295196606150991,-2.1810772152147955,0.0
-4.7938424077858866,8.90122618576017,0.0
0.8428217693947193,-4.079488714259918,3.0
-3.3033681457694275,8.412890850230287,0.0
-3.203194913147456,-4.2735707519216515,2.0
7.308603241284736,0.2519873660032186,1.0
4.716929716052178,4.682040444573214,0.0
2.274290608388494,4.011674972216943,0.0
7.715598336143707,5.603622797338444,2.0
-6.495587888128947,-5.048317561553164,0.0
-7.986517710910823,1.5652582846911898,2.0
0.0941326904550337,-9.995774854492119,2.0
-4.7604094104882115,-9.769719762368307,1.0
-5.258479890299148,6.49785087497451,3.0
-7.186171441999722,-0.9295566809004789,1.0
7.264077680134061,5.896455277314081,2.0
-0.29865116902780287,-4.403445082711086,2.0
-4.0992517015362395,9.868955583152378,0.0
-6.127799256360547,-5.171317784790319,0.0
-6.299143228627077,6.009962810782351,3.0
8.64220403155128,8.637166744118279,2.0
-7.324727168170533,-2.9686057962765737,1.0
1.2731145909630914,-0.22493577801236242,3.0
-3.7427429468207762,-5.526391681015712,1.0
5.494558638678962,-2.6207696513458085,0.0
-8.189647573450634,-6.475223278426481,0.0
-4.852024370155954,-5.854943639385355,1.0
-3.843081698720619,-7.104157274791822,1.0
-8.914650052627543,-7.7950277072352865,0.0
9.655601226089388,-4.7296373293601635,0.0
2.1568671081081785,9.438907115882465,1.0
-1.9170381405608268,1.8969660112785203,3.0
-5.2567048659051725,1.8980318788096184,2.0
-7.58230730308094,-5.14239284938572,0.0
8.332094993720109,8.347184907574267,2.0
2.334412049591112,-3.3309451041373617,3.0
4.071688791773733,-0.594818510324906,3.0
-7.243085414110489,-5.517937955765588,0.0
-7.560303721065509,-4.660602968318994,1.0
1.0692902214668365,-5.1446440116878955,2.0
7.032305443427283,-6.407964026834665,3.0
4.929550230744223,5.139176678502777,1.0
-9.62244813700394,-2.259353199160346,1.0
9.177703365655795,6.479470876416698,2.0
-5.804462340533306,-6.550411383710417,0.0
7.288614468991035,7.841611586690661,2.0
3.5495811333053453,-0.9380002087788775,3.0
-3.164784825283535,9.206798441595904,0.0
-2.0915294362708625,-8.22719866669399,1.0
-7.394313958870753,7.942528651947889,3.0
-4.145204968983183,-9.760702961047373,1.0
4.337218769302735,3.0307013441996915,0.0
2.343115276196251,7.070647029963201,1.0
8.708402356803216,4.391193143789071,1.0
9.80130973680474,4.630955723172665,1.0
-5.609884982745124,-3.456499446164991,1.0
0.5665128293979471,-0.3446561626635223,3.0
-0.1776120934326748,-5.650259780742641,1.0
2.0294308617077803,3.850829149286323,0.0
-8.150002043980365,0.022866668530994616,2.0
-9.481105665106169,-8.5675692141467,0.0
4.811359093244661,7.7003198688277905,1.0
-4.257050618295586,-8.638156237126214,1.0
-3.9168771790157653,7.512330482972601,0.0
0.9818407441769779,-1.3553976369723877,3.0
-3.271611506987231,7.6240251793997444,0.0
-5.153264901180505,-0.7782610203653526,1.0
-9.33600124559307,0.5020573635311223,2.0
5.572851849516029,-3.6853624037792754,0.0
-9.751032953395862,4.041589458959924,2.0
-4.509117721785232,8.202488523924067,0.0
5.472588878596378,4.738689403587825,1.0
-3.2437429373201487,6.238444312221244,0.0
-2.6483240328913427,5.601822131825484,0.0
5.589778068525817,-3.0737303398617595,0.0
3.176304188487439,1.2108821548135769,0.0
5.869620158112376,8.553875266766099,2.0
4.660746831944367,-8.433650748280856,2.0
-0.5578385901903573,0.10457833846523101,3.0
-9.616210864169739,7.37965166066034,3.0
0.7575875798434737,3.777474967821604,0.0
2.5455470946688017,1.7151572565179833,0.0
8.038477114597892,3.487230589872162,1.0
6.304497345137843,-0.31650860693273586,0.0
-4.818464546360268,-8.009880553227944,1.0
-0.21273127859598517,9.966745255670599,0.0
9.746881724957436,8.042364094160096,2.0
-0.35693187934029247,-7.304027834681226,1.0
-8.880111734265835,-6.396040139818584,0.0
-9.80569105333166,-6.774263113458292,0.0
-7.664150076608786,2.312349138259952,2.0
3.769367640430181,6.22598632149732,1.0
9.36258820832563,-6.620121783861648,3.0
0.19515893506689608,3.4796299119349072,0.0
-7.541797352024697,-6.160191514736413,0.0
5.167294702108025,4.796493288797521,1.0
2.0224524431798905,1.2526287624486248,0.0
-2.5229092135203963,-6.833663217640162,1.0
0.057194788216559544,-4.767607003858458,3.0
-2.3606820239018145,5.131327378824613,0.0
-2.2377094260046837,-4.733960290629675,2.0
9.322240760109036,6.005528087742373,2.0
-4.721015302301359,1.7636973913196314,3.0
1.149374237901963,-0.7263597511113531,3.0
0.8273223883005549,-9.211583217207135,2.0
-2.9810797654316357,3.438791734628131,3.0
-9.617512875420907,-0.011165744199841399,1.0
-4.541727496989287,2.6427676937888727,3.0
-2.395611827218702,4.974753087486706,3.0
-7.717197605622717,6.956207846367192,3.0
2.2381626138387833,-3.8928286380294157,3.0
-4.429732062279839,-6.176679038390733,1.0
-4.935463911276205,-8.7935290919936,1.0
3.9849285894309965,-0.7776809351848506,3.0
9.46196924706808,-1.0292697724688882,0.0
-2.669192981158597,-4.207134384832418,2.0
-8.695668937037999,-9.718062043447965,0.0
1.0884155523418126,6.965770830858531,1.0
-4.016146923034654,-1.2636618562689002,2.0
-6.904858756073775,4.045826034100564,2.0
-0.3104263513172114,6.673293534318251,0.0
-9.263226117884223,7.577471600171265,3.0
1.5571824159343386,-2.9221903724400473,3.0
2.5568267749317037,6.2885078726509285,1.0
-9.245892041112658,-8.798896123641608,0.0
-2.696926364089016,-2.3381573245088694,2.0
-1.271685673324372,-1.0854733422666651,2.0
7.99634797610242,4.170986429293038,1.0
-5.645400068222117,2.7269441091428686,2.0
2.8930854579550758,5.995640138358514,1.0
2.9826456065959324,5.3613850247907475,1.0
-3.2994600252582202,-9.927047944016437,1.0
1.4754875275089212,-7.301071538650232,2.0
7.599219101259379,-0.37383844503476027,0.0
1.6296975141060006,9.226948897286622,1.0
1.2487764626683902,8.431541583769796,1.0
-1.455202558669935,6.9255797179771825,0.0
9.64127653201373,9.07619401944164,2.0
4.476234697886559,-0.27967673638542223,3.0
8.563314022436739,-9.422270460239151,3.0
4.657382815343034,-9.32812893370504,2.0
8.480871523030288,1.3907794362353734,1.0
-9.931688223752664,-2.6659642906425107,1.0
6.501735018137044,-6.744732745880871,3.0
-6.955846468047902,-0.1375753482944404,1.0
-9.862934425271519,-5.484033900530663,0.0
8.985734785379801,-8.099634093629373,3.0
-4.260286594409974,-6.057345788985524,1.0
-2.7070978074576697,6.857646825621341,0.0
9.049552024548202,-9.748852668713006,3.0
-1.9428736635100936,-2.6041775408290775,2.0
5.244001233017785,-9.386633655688213,3.0
-9.723540954071312,3.836078048109048,2.0
9.575548523523832,-0.32204650867265094,0.0
-1.7051242764658987,-1.6304768920368407,2.0
0.11674496478813978,-7.352495909197108,2.0
-0.009205327616662373,-4.398806542498475,2.0
-5.811561066503321,9.741605700211469,3.0
-1.9504216237410539,-4.435891300464913,2.0
-9.281788819964781,-4.801647402776414,1.0
9.559678380757127,6.201416192055419,2.0
5.560344887449142,5.3189970578147765,2.0
2.0220487697718,-8.807284770202632,2.0
-0.16324419810086965,2.03917880964892,3.0
-2.0614272911763276,-5.694123928400636,1.0
-5.453770433769329,0.8322864392889144,2.0
-8.695464028554271,-9.914540172328728,0.0
3.5582513866769503,4.166494741391521,0.0
4.812633974455448,-6.850998895619826,2.0
9.298237106026495,9.825235147611341,2.0
-2.065732903496917,-5.401222990810572,1.0
-8.46794635511288,-6.44928491178919,0.0
7.175396620627708,8.441276644424843,2.0
-7.771673743228076,8.446878383403316,3.0
-0.7216064852852195,4.3042438845447535,3.0
1.861072091278027,2.277542585894036,0.0
-9.160843883904423,6.359816557680382,3.0
3.807414910247605,-0.9327099229120499,3.0
-3.27603270600735,-7.221431572316169,1.0
-1.900020459455444,7.2335981213027125,0.0
8.016571584355574,9.337756477210647,2.0
3.556506983363743,-4.560377022024662,3.0
-0.37158009351009724,7.4464441793830325,0.0
-0.7220104081370842,9.149570637957915,0.0
-7.950031223332559,4.287628125003625,2.0
-3.8402466051928874,-9.465352986791153,1.0
-0.0447268123904081,5.2897645187510545,0.0
-7.6927429321399305,3.190726483800182,2.0
9.552726118674247,3.0917124584517115,1.0
9.760691068753996,3.503625973852813,1.0
4.352128976959804,-5.028460817993814,2.0
-8.000187908735736,-0.7447480949824836,1.0
5.506222066143396,-7.264185669671148,3.0
-6.11111866166657,-2.353979740879206,1.0
6.212690831746414,-5.5040001853492315,3.0
-1.574705454018213,-1.9128593614133038,2.0
8.154168836343072,-6.541135419954987,3.0
-3.6911120817862786,-6.334684792025451,1.0
5.652703342651966,4.658878741110712,1.0
5.687715194444936,5.455480548951787,2.0
4.6221598919363505,-1.3245310784797049,3.0
-6.093478350678813,6.531228983523331,3.0
1.4178945134922731,2.587398002890513,0.0
7.712723936099891,-2.520948051558298,0.0
-9.02958482674273,7.856964169464796,3.0
-8.792101020650083,-8.768996916781104,0.0
-5.161325500892517,5.517196847247824,3.0
1.0107384098182681,3.57742592831511,0.0
4.839442744949256,5.1789056586805735,1.0
2.8173893637350567,-0.8309074509365466,3.0
1.6610537971238504,6.031211974228935,1.0
-3.352455524492539,7.551770403808224,0.0
1.908887074229547,-2.175876347463266,3.0
9.388003814673304,-7.119530385242257,3.0
9.315453379083209,-2.8040734118263018,0.0
0.3874711918773226,-4.837975155289731,3.0
-0.1358546603066202,5.066850538625495,0.0
-3.4746289590182506,6.969553998270374,0.0
-8.11436198329128,-1.4729594080583261,1.0
0.6305042250123893,-6.481228427287215,2.0
8.346998952243847,-8.406677180245392,3.0
-3.577563789477902,9.172538419946765,0.0
7.133797788484721,-7.464439751903633,3.0
4.229757255268829,6.492967731715581,1.0
-6.1662213762814,1.8036308974493451,2.0
2.92597856356835,-7.476516560437235,2.0
-6.994222820670457,3.4842652009371804,2.0
-9.902741914204633,0.1581909805758297,2.0
3.6427386872566263,-7.6629280093962056,2.0
-2.400937785088102,-2.9150437029690117,2.0
5.4725662476646715,-2.6049569942634765,0.0
-3.1499790308718296,-8.686529234321787,1.0
0.29882591387321256,-4.369084593472121,3.0
-7.929553547503496,-7.663932350956458,0.0
-9.534220321660246,1.7591484281619767,2.0
-6.5207315212235955,-8.356324916062006,0.0
-1.012045956106391,0.1182336585663819,3.0
-6.415887947232628,-6.353132115083094,0.0
8.362625985707414,-9.626314261487853,3.0
-6.630046175216848,4.510363756495121,2.0
7.036385605705355,3.939944070282724,1.0
-2.0073401348498905,0.033174053221507904,3.0
-4.323669511592431,6.856752594934473,0.0
8.061979204833442,-4.848073819018417,0.0
7.372355879027964,8.674295393762698,2.0
-8.36887663223369,4.606922740322791,2.0
3.9128375473295876,8.334165040214604,1.0
7.313047008776387,6.086087489341281,2.0
-6.946793043991056,3.2841865773207957,2.0
-1.1850353366776112,0.7451522975551974,3.0
-1.5065584392158353,0.9388706413952868,3.0
7.437129348416207,-0.1494788269663534,0.0
-9.277660212880436,1.7872999422860616,2.0
-2.08154950306956,-9.56946006162491,1.0
-0.6158186093868956,-4.63487520646998,2.0
8.544223126928987,5.218017384052105,2.0
6.414409507205516,-9.950249329724933,3.0
7.654823914146437,-6.24291824754059,3.0
-2.7074174958109865,0.6973281087136751,3.0
-7.280453158249833,8.417465115165953,3.0
4.357165723097054,-7.589164330993974,2.0
4.706935679698788,-5.125602022874096,2.0
-2.380606502575544,8.47609845025556,0.0
4.921113869774448,4.344862516469149,0.0
-8.714316788993665,-9.955964723085575,0.0
0.6230378598018742,-0.8481133278283437,3.0
-9.04748562551654,-7.462277664398409,0.0
2.458372125317549,-9.793586734009894,2.0
-0.29630591249123306,5.157770892909991,0.0
4.7463264947362696,-7.980538050751562,2.0
-1.3494961760406543,-7.081495033034493,1.0
5.75234080204906,4.770854014032013,1.0
6.258863411796213,4.442671871580599,1.0
0.01061332160923456,-2.904424546374413,3.0
3.977117910907424,8.212504416875838,1.0
4.868823947153686,2.2547079633127716,0.0
-3.5454234390083954,1.6227789398454018,3.0
-5.629351755785077,-7.4567164082350335,0.0
6.451265776889482,-5.066775797798475,3.0
2.4699918898407702,1.9272966721339557,0.0
-3.9502611340554683,2.7793336207328583,3.0
-6.645344013125614,-9.05608205748152,0.0
-2.5699075670818523,3.3832321036465647,3.0
-7.147667311625343,6.6002212898811905,3.0
-2.2012852098941993,6.207691686752522,0.0
7.730929531114587,-6.61420092267848,3.0
1.223142099031648,-4.33451749302834,3.0
-2.111277640585561,-3.000536275685752,2.0
-1.3691195353309453,7.56906436775531,0.0
2.4700750393233672,3.394636074454615,0.0
9.4157989922872,3.416478478538947,1.0
4.465066821763898,6.938433843732724,1.0
0.27766210969021365,-2.9816415220195447,3.0
3.069257575981247,-1.5800790747288644,3.0
5.528236047477154,2.309334681607748,1.0
-3.773704445260706,8.932694049110836,0.0
-0.8217189351285761,-1.611327123668854,2.0
-1.1464476652328948,9.814958838858995,0.0
-3.3545206564962937,6.1558398201468165,0.0
0.04297068826421224,-0.2154514026224934,3.0
3.579642389840984,-0.4722769704030192,3.0
0.3944561412611911,-9.573428262233197,2.0
4.218720915360111,-4.260880599449588,3.0
-2.162989086617162,4.359197482843536,3.0
2.6115010140480504,4.003196216252238,0.0
6.144393469258958,9.131122119984127,2.0
8.54243562040152,3.30562203727313,1.0
3.5222938776710695,-1.3317056236241864,3.0
-2.810108313805884,-5.889303269350423,1.0
-1.1842284541961874,8.639760562219895,0.0
4.0273649573714465,4.891401884160791,0.0
-3.037183508520953,-3.0991553637354263,2.0
-2.9094436095829357,-4.19772772529064,2.0
6.298385053248246,-0.4037329095086246,0.0
-0.1254839514949495,-8.334446748069384,1.0
-9.19273445175174,-3.8626672830126356,1.0
-7.167001867703386,7.422193667841025,3.0
2.8130955440249146,-4.557551627448479,3.0
6.113378987156445,4.474024075594711,1.0
8.71654622169596,4.709201642974502,1.0
4.53918028445192,-4.969851248663028,3.0
7.7703130003361345,4.0764167757683545,1.0
-3.05190172301518,-6.812770601696744,1.0
9.367227264244853,7.071551805924532,2.0
-5.691220466472291,-2.1017350855945693,1.0
-8.881532431842922,-9.419773603906732,0.0
-8.181144117448767,6.824654246852258,3.0
-3.1787811851758434,5.14360926747586,0.0
-1.2454150161973327,-2.2050461280092426,2.0
1.29886658793734,-3.636509132298114,3.0
-2.9154578980140977,9.31034179682878,0.0
7.359796650371756,6.587449364114406,2.0
-1.046826068469656,-6.318674446516896,1.0
6.618059471040418,5.04242142506701,2.0
-7.428995869476247,-8.417910208402537,0.0
5.864068133970763,-0.2952057710270939,0.0
-9.761183521832319,-6.895718188643871,0.0
7.8671025919399575,6.548523562179852,2.0
-9.482107450715896,4.097787588361733,2.0
4.600816712626564,3.5808515468538022,0.0
5.095407086947404,8.286219480824688,2.0
-7.5944951361684225,-2.655154726945108,1.0
8.048469195283271,-1.6019720040203982,0.0
0.4314470088829463,4.9838127550749824,0.0
2.6118223576006763,-7.952422068382883,2.0
-2.991594773973139,-7.314333424115686,1.0
-9.864833186109738,9.612000980798221,3.0
9.017731032772211,-7.794677630722601,3.0
9.097459998475674,0.29417131233598504,1.0
-8.889116357277684,-3.4728234985456137,1.0
7.2141547762672396,6.056155639628013,2.0
7.259989255668163,-4.585615181317677,0.0
-7.756704462316504,2.3541220559692846,2.0
7.7729068750008885,-9.195467533062523,3.0
-5.662906840825048,-3.029636335110448,1.0
0.9882767289409351,3.496288663483158,0.0
7.456154271336505,0.5138384196748742,1.0
2.9764459097201073,2.570224966241067,0.0
-5.4168651022753895,-5.098413924183647,0.0
-1.8618030035630788,9.122940094166921,0.0
-2.8228440483008637,-2.495177142089222,2.0
-5.167156815587228,0.23529974686979038,2.0
1.2987048112209933,6.05103222853004,1.0
7.956556081398013,-7.679713233185628,3.0
2.3776456232011363,3.2589759543270844,0.0
-4.973649450962978,2.4377869299511303,3.0
-5.292637171816179,9.584599110473341,3.0
0.04277577669457422,1.7649740364692974,0.0
5.91114144981519,3.577591330730174,1.0
-0.04818215279975213,-2.4551790775341757,2.0
-9.91956430622599,6.878003597160394,3.0
-2.998875639919383,7.502274612259274,0.0
4.811038613181394,2.6439622140750867,0.0
-6.578059626469662,-1.5652615948390558,1.0
-0.6490406016677515,5.275765146118355,0.0
8.569777784227284,-8.613735533752854,3.0
9.598517907723842,8.37177029109921,2.0
0.21156580517241963,-8.912506915941318,2.0
-6.980802033755335,-1.3264725113235585,1.0
7.639529580108228,-8.878908425392332,3.0
4.420230349393394,-0.3785322532963882,3.0
-4.806173477899618,5.314089126402614,0.0
4.018005779510203,6.760119649437083,1.0
-9.128730018261383,-2.1212529211927063,1.0
2.868210883616726,-0.9686295398012277,3.0
-3.552656254772999,-9.844841236616425,1.0
-5.240931102772224,-3.4580895160318743,1.0
-4.002138644750126,-1.3880070427729585,2.0
-3.700914776099424,8.696531366021748,0.0
-0.5034611567791885,9.292001257792396,0.0
-9.20319054986445,-5.996957697401786,0.0
3.108163456178552,-3.81450734164388,3.0
-8.693534133813722,-8.491143981478315,0.0
4.061681201839772,-8.992599338277776,2.0
-9.4349667840908,0.5016761303185451,2.0
4.947414217927534,8.10868447120086,1.0
5.960660541921426,6.534146347491557,2.0
-1.862330325031266,-5.725448891581053,1.0
1.0836068103457706,1.0381974585224345,0.0
2.632381829208475,-4.981606840395942,3.0
2.403653013946725,-2.021143835791282,3.0
9.083175137445952,-6.15259465850416,3.0
7.093718266493486,0.8979027981056902,1.0
-3.2465292052994936,-9.156741116931038,1.0
8.606785134713803,3.1493885802233628,1.0
1.0417143444457508,6.255559180269614,1.0
8.419457218152886,7.246589468380719,2.0
0.3039890016648439,-4.666461310555863,3.0
-9.692066615287754,-6.290854996190238,0.0
-3.686860527281679,-1.7232285985652958,2.0
-7.197140320131923,-2.1139366753752897,1.0
5.547979120487842,3.39389685174298,1.0
-7.0003064984574825,5.491068659255287,3.0
-0.5766799246127992,4.127896882252349,3.0
7.882430209162749,9.376659139667964,2.0
7.830810285639888,-3.829190585699722,0.0
9.850292771502794,6.951460213415018,2.0
8.41609208501453,2.5302168224783372,1.0
-3.6595743124475018,-7.600299961518619,1.0
-6.266556696417254,6.8887413640692365,3.0
7.597593561661402,8.862651627658632,2.0
8.515627143780435,-5.681442754620194,3.0
-6.103343126940679,4.32306013416747,2.0
6.374204349329592,2.3996019890577553,1.0
7.58388205859498,-0.9033904005277762,0.0
2.541763058242278,7.230335415172323,1.0
2.7588875496775582,-2.2968157678690027,3.0
-0.27510937845388383,8.782095344905787,0.0
-4.9898687181903885,2.640853858336863,3.0
5.540132787902962,-1.9393012643598535,0.0
8.244577784672213,8.58125517817722,2.0
-2.2093808597924225,-9.719891908615983,1.0
1.0652512235094331,-2.354000773346514,3.0
-8.961926680524622,-9.774695320859735,0.0
9.715362570620222,2.9975381700075783,1.0
3.4048406625591436,-9.399172447148189,2.0
9.199194263716713,-0.3151872027125595,0.0
1.177534862411303,9.249802516495183,1.0
6.8069294346659035,-3.636195199729104,0.0
-8.569381109035561,-0.21659395204583198,1.0
-5.882510377025929,-8.595283269310228,0.0
-0.16214041949621283,0.4729602233638843,3.0
1.9999860035170496,-8.971009301945621,2.0
7.60666986357791,-5.033557741140601,3.0
-1.4903215480429122,6.265580314702255,0.0
-5.584786622841977,-2.931960739145662,1.0
-8.588193114999438,7.046302467323471,3.0
1.8955726399386919,1.2359503034634436,0.0
-4.144487817509763,-9.923741356836118,1.0
-8.161613642155721,9.554768403155173,3.0
3.5867550340420777,9.767498087985935,1.0
6.861284315203136,-9.222786795242978,3.0
-6.463063515828473,-7.106746596298137,0.0
7.382435347178085,-4.266947147324107,0.0
1.8666049562623712,8.886097753674768,1.0
-0.16557055562941336,4.862172980409065,3.0
-4.378259100273134,-5.743876249523061,1.0
1.2533710135192102,-5.762981725949885,2.0
2.3038221399834153,6.896361509424775,1.0
1.1145565596130176,1.5544316020188287,0.0
6.459434405281879,-6.643259648516764,3.0
5.402891399716514,5.930369217809497,2.0
-6.247698495909706,7.756860483091415,3.0
4.781926544191466,-1.266340367218202,3.0
7.7122880870686785,0.33540572567528315,1.0
-6.383640774885036,1.800784543155034,2.0
7.142146963167516,6.617106009604292,2.0
5.081196432526118,5.729934844005996,2.0
8.327385162120219,-4.99849446640188,0.0
2.9108123823517555,-2.3155847056254437,3.0
-2.340085121807185,-6.952512627497316,1.0
-5.220900241165383,9.2208329909467,3.0
3.909077923647377,-1.3387292748510227,3.0
6.849635801665034,-3.226615027045603,0.0
-0.571904125957623,-1.0110174967832144,2.0
2.114055028853766,2.4301698572004753,0.0
-5.261346576389771,4.556081820688902,2.0
-5.676016044693868,9.968538505063677,3.0
7.818707645698467,7.439026456785413,2.0
-3.5798675203633934,-6.874745634697829,1.0
-2.657035775738434,-8.311818856719935,1.0
6.317736343373944,2.283745536103442,1.0
7.226275626306563,1.8707098585864443,1.0
0.32461127710712745,-7.045429031835921,2.0
-8.247905735309832,-0.9234571933214539,1.0
1.7713179561105559,-5.545325080949281,2.0
7.564809600933728,3.427340555055471,1.0
7.122394471806274,7.578909392410324,2.0
-6.077645285279393,6.149376593259387,3.0
0.6383599642225395,6.780447145231751,1.0
-1.874677218972252,7.82340715890993,0.0
-4.061746177128336,7.04576809288633,0.0
-9.577547980350882,0.43565257755619413,2.0
3.101828504115783,-2.721141210741842,3.0
-3.717994376763736,-1.3402562525859292,2.0
5.070611641443776,5.447537928827234,2.0
5.6442354362234255,1.4053174221056857,1.0
3.927627784547415,-2.2904632247791596,3.0
-8.871096985734672,-0.07688000063953204,1.0
-5.5026367972139205,8.551187090871956,3.0
-2.7407043840385414,7.967162652421436,0.0
-2.7327691850426934,8.134718512600088,0.0
-5.82849764989149,-8.946943407594096,0.0
1.946108240070874,5.4289145580790965,1.0
6.514329555890853,2.958301628474393,1.0
7.403509256693127,-8.870441220765876,3.0
2.8432032670916776,6.870778530671618,1.0
7.172965516718911,3.948096989852745,1.0
7.027270685918811,8.816328241787431,2.0
-4.877559092829515,2.625458945055401,3.0
9.018117934887854,-0.985806065723434,0.0
-9.572107312326882,-0.31635108786888644,1.0
-9.180848344646584,7.175149394522883,3.0
-6.4667598488964835,-7.004164075763497,0.0
2.5735293893793916,-6.5659887336992,2.0
-0.03670112766336331,-6.636600236959513,1.0
-4.717757682878442,3.1097816985392406,3.0
0.16283654978090212,-6.1672614284499545,2.0
-2.932182000529857,2.910863649349144,3.0
6.936419269717771,-9.875885488357508,3.0
1.0049155463595731,8.221620861390985,1.0
-4.1952906928301426,-7.834033930175178,1.0
0.0880383087468477,3.2842008570868657,0.0
6.99425688199408,5.457866581172489,2.0
0.07618587053866932,0.38643663480943324,0.0
0.257154605405038,-7.62791650072026,2.0
5.131091657695247,-4.12939551090833,0.0
7.926604904318701,0.9988151181707767,1.0
-5.8512356893866135,-7.3674997307758545,0.0
2.9716666230834967,-9.570352008339826,2.0
6.404882563735054,-1.612545664913636,0.0
-4.110105144675094,-0.2894347740987726,2.0
4.717174456901576,6.0336542942105815,1.0
8.413050271289315,-7.123667826296569,3.0
-5.349691548444328,0.5576166165657099,2.0
4.047542781620859,7.132224765652893,1.0
6.7291515999441955,7.771461594782501,2.0
-7.104070287057144,-5.677717910946929,0.0
6.4355403363149435,-6.557414953905409,3.0
-9.465068557916101,1.3253580148364286,2.0
4.866332225736782,-8.182176340520082,2.0
4.017304001985522,3.536040439720395,0.0
1.3871148048754751,6.7364916912401895,1.0
-9.99412044382769,3.970789885069525,2.0
-0.09980506187354266,-1.3206320731104313,2.0
-6.848709036353617,-9.136170838021373,0.0
-7.4421240502233115,9.096518767724426,3.0
-3.2922265465606753,-3.508582568175747,2.0
-6.637985595650743,-4.03533452107101,1.0
-3.0320107199692075,2.065497879119853,3.0
-9.793909855043779,4.082378152134824,2.0
6.405905737887238,-4.478011349829469,0.0
-6.922732806826735,4.545171318161961,2.0
-4.011729100808954,6.388298302061667,0.0
-9.341937293932588,1.5631449907623267,2.0
2.131679933643147,-2.2910466569110106,3.0
9.120674747301216,4.105509656580516,1.0
7.6189043490437705,-0.5105989937086814,0.0
4.005775251348593,-3.419064035023533,3.0
-2.4120538329687573,-5.529279518536871,1.0
-4.2210852528678355,-0.4664238375003915,2.0
-6.364506174581665,7.970767325944003,3.0
-7.86953875642798,9.102475044604454,3.0
-1.7312495304903646,-0.6564533928221472,2.0
-6.082959860469812,-3.1345756598928194,1.0
5.23765015005133,-0.15812778776551362,0.0
-9.186219113715286,-8.736618537281874,0.0
3.019963616866235,8.218978749243359,1.0
-6.3355204482588645,0.5807623235181403,2.0
8.001075043849816,-3.9257802388835454,0.0
-8.566668744010853,-7.304822685556478,0.0
1.613335227086841,1.0198958320144342,0.0
9.847296691344152,-0.33711468365145336,0.0
-4.5278745441121515,2.3689726620364144,3.0
-6.478528270413295,4.904699467668729,2.0
-7.872567338926142,2.2540604554549244,2.0
1.7203618052422698,-8.10994829716809,2.0
-8.611989307968654,8.386492687677048,3.0
-7.424822857586828,8.750843863734339,3.0
2.213204587630095,6.77177841910882,1.0
-1.1353295918790085,-7.399948933064307,1.0
-8.47221785866233,9.650051494928526,3.0
5.868873492172526,-0.6292485262051546,0.0
-5.557360293992271,9.6545169471081,3.0
-3.8289602502419466,9.082525826355653,0.0
-6.995639855155189,-7.2568317405530784,0.0
5.760971513007258,5.503077110099035,2.0
-8.777508068565904,8.228932401393994,3.0
-6.894937463575214,8.781608495846367,3.0
-9.950554826477543,-6.180004566998791,0.0
6.756355305408384,-2.522026059936799,0.0
5.287424245893522,8.843271799743036,2.0
6.124130683899068,3.960869341042933,1.0
5.725418554034077,-9.605430351871416,3.0
9.618401024578759,0.7929093252531754,1.0
-6.059060089431252,1.9804252139722962,2.0
-6.766556646046979,7.683108596222375,3.0
-4.378074370266376,6.458378919369082,0.0
7.54375696154656,-3.683662787598929,0.0
3.8368498673336617,-8.101200087164667,2.0
-6.6202411260920275,1.356130565347888,2.0
0.7984308322921905,-1.9548360913601837,3.0
9.951905882200723,-9.5071671106502,3.0
-0.7430354773811931,-9.872957315510698,1.0
-4.862137870521071,3.02606348725665,3.0
-4.771585759612185,-8.494905840183339,1.0
2.666074818750822,1.3042775133409794,0.0
-0.012403497805291153,2.6824162847626134,3.0
0.8991028662404883,-6.8872061093585035,2.0
-3.585876587097565,-4.542014738506008,2.0
1.9178555719137087,-1.1821718892889503,3.0
4.810650862087275,-0.8110381391418819,3.0
-2.7434513922721226,-2.997119249494345,2.0
6.080536522655663,-6.6862668908020435,3.0
-0.7536365193976184,0.3096594821186507,3.0
4.930493063702215,7.99212597477954,1.0
4.1185989226811515,-5.681416855269292,2.0
2.7899781330270272,-4.821323457083451,3.0
-2.1486665026433416,-8.779491411997277,1.0
-1.6969358105761074,9.921912439044121,0.0
9.87663808081179,-3.2362317517643806,0.0
-3.3217159387834982,-5.93843818239203,1.0
5.355342967965516,8.258878489599123,2.0
7.884218386497611,-2.111616518450214,0.0
1.0301995171250091,9.597100275230051,1.0
-8.34508805589383,7.789837352677928,3.0
5.106042990645648,7.26438483584948,2.0
6.074957536930743,1.839110047455982,1.0
4.538830356051033,-1.1251683343981718,3.0
-5.2188072906897,4.178052634464226,2.0
0.6866220414550881,-3.9075611553149514,3.0
-8.789896860894435,-2.6044506681955815,1.0
-3.85335480939297,5.315873404131137,0.0
1.3853626110801294,4.186505554452722,0.0
-9.946542132336853,-3.3674578517734632,1.0
8.943828064692166,7.678214187545279,2.0
-5.941406184530886,-3.424881384642391,1.0
5.3474529493611005,9.672991943986226,2.0
6.585379833780721,2.6014684983428857,1.0
-1.9078065500317933,-7.656727260438747,1.0
-6.883477141595842,8.306237493586057,3.0
-0.9195559369121664,-3.715856525688073,2.0
-8.76122518225804,8.414829616356606,3.0
-7.565784942805028,-9.740910965050077,0.0
3.891708016323097,-1.0447159971761248,3.0
3.7064397869165475,-0.5249324599371121,3.0
5.909041669050152,-6.024053862835612,3.0
-0.8534898770793014,0.40829682334222994,3.0
1.7731780497734935,-8.794863303952603,2.0
4.636492598501123,3.8025318990838226,0.0
-6.997003228255904,9.305446953443926,3.0
-5.950339200390083,0.6709110754618148,2.0
-4.147825918698553,-1.852260428801129,2.0
7.131035496226232,-8.170165057882077,3.0
-6.285475380870899,-0.8380370347330981,1.0
-8.045258762589945,-2.807108475358195,1.0
-2.467006391345321,-3.595397144334953,2.0
-7.999472569771779,7.60356111320549,3.0
-7.432234640271423,-0.12694466100312596,1.0
-1.5244605442750352,3.1094819612361206,3.0
3.5231243080095176,-3.9910225718539643,3.0
4.4998993177450775,-7.092598130917631,2.0
2.4854643978593227,1.447488487561138,0.0
2.354015422114431,-0.10363247947346999,3.0
7.916875420526239,-9.736270044890071,3.0
-9.30135886885729,-7.026727291458242,0.0
6.5290716404043465,0.6603373193628208,1.0
1.1717159490614897,9.320372824999026,1.0
7.644198718981983,-5.9476032910362875,3.0
-1.224907448735511,9.461578851208433,0.0
3.979542154913842,-8.1119127796151,2.0
2.8614043372404456,4.709203355557561,0.0
-7.284074020284111,-5.4645947159162755,0.0
2.7300672081092774,2.27075813414425,0.0
-4.202093562715506,1.617411976876351,3.0
6.189580864546954,5.582535457540859,2.0
-7.48337093674742,1.710755301917029,2.0
-3.6130174048268877,-8.131561664502394,1.0
-9.537709894963557,2.6590851917974447,2.0
-5.67692453909844,7.055468136433131,3.0
-1.9239950271728539,-2.540178763209912,2.0
-4.327451971164235,4.016486893220977,3.0
9.389135719574561,-0.42476983155968995,0.0
1.6849473197609157,0.1538692937959354,0.0
-0.34146230781874287,-6.400723682784177,1.0
1.3690170830210207,5.125424463050317,1.0
9.805273950298506,-0.7447100413221541,0.0
1.3405916379060265,-8.960147256467184,2.0
1.1767582370196035,-0.490539978783886,3.0
-6.430910118907094,6.957048928913345,3.0
8.911014982167952,4.970887944546064,1.0
6.075736172793345,7.264399067382399,2.0
-0.0959252744404182,3.972250378232072,3.0
-4.048320415289139,2.4968319936739576,3.0
-2.982325393915133,7.916939185916874,0.0
3.5220357362564574,1.2469731856549586,0.0
0.8372067208772176,3.734248402507159,0.0
6.535576818206653,-4.928094377359773,0.0
0.9736069674723336,-3.345772720171942,3.0
9.442567042122551,2.1890077256014457,1.0
-8.012829148713035,-0.1236895038538286,1.0
1.0134915366760318,-7.4188446126268754,2.0
-9.583127224104835,4.199855589786271,2.0
-7.846732137304102,-0.41520857660731814,1.0
-8.413845909860342,1.1283099828172123,2.0
8.939844624378669,0.8998946928552272,1.0
-6.942863874366754,2.9518948723068767,2.0
-6.806700795083969,-5.752863223396529,0.0
9.79417592655934,6.689118547997097,2.0
5.870582812312771,4.213859040814983,1.0
5.2590598544058125,7.1269841571679535,2.0
6.420851071226945,8.886081150134945,2.0
2.039072802514445,-9.936893427534867,2.0
-1.8951023706524417,-7.881214948262414,1.0
-7.776998033856255,7.846249719450633,3.0
6.05399234891658,-1.0969885070882377,0.0
7.0999960277078955,-8.508492449237142,3.0
7.918766546836093,-4.593497784610867,0.0
-3.0560628271147117,0.9821695750795492,3.0
-9.880212204446124,-9.932213733185149,0.0
-1.5798116113900242,-9.566497394864026,1.0
-1.9115759919181308,-0.6312430557214554,2.0
8.33397068159303,-6.38532255712239,3.0
0.2607247034231186,-0.8121525933991016,3.0
7.270315687173575,1.3973270949368555,1.0
3.750925499332192,-4.473317670131232,3.0
-4.761614159873309,2.544223467713069,3.0
8.69371248438146,6.4062095263999765,2.0
3.7306415321549764,5.91233773582802,1.0
8.534103581194415,5.0447284671441075,2.0
-7.614425765343949,2.0170052734457435,2.0
-0.8301403877758418,9.318560667098854,0.0
-7.053163799431386,8.0792827923569,3.0
-6.5868563069160295,-9.91279736752503,0.0
4.908116438648202,-9.63184137026272,2.0
9.550213879698624,-1.3854509468651148,0.0
3.791484086027303,1.0894700623503653,0.0
6.288423217958975,-4.991322435936912,0.0
5.366848321037946,2.2232868915186472,1.0
-4.526531253250347,-9.77186932808501,1.0
-4.380548693059381,1.6785408491943663,3.0
7.316002469416183,-6.146602123910904,3.0
-6.660254803653835,-7.391088000399368,0.0
4.6676999340245136,5.876596327629937,1.0
-2.1615641075285463,0.0748036990852885,3.0
-8.603217306139722,8.5034570120253,3.0
-4.569639731257025,-0.6273841436621392,2.0
2.322455929693204,-7.087779316871739,2.0
-8.14647543795517,-7.993399343248482,0.0
-3.4769024733599885,8.790784635008976,0.0
2.468749677210651,-2.487971743170614,3.0
6.850198698758319,7.147489425950106,2.0
-2.7927221070388892,-1.1585375008479541,2.0
-5.005551305803828,-4.428313534410386,1.0
-3.0368478650659565,-7.665226083247991,1.0
1.9653136697359876,1.1194285027651478,0.0
4.523027093382662,6.718792289709093,1.0
1.5696787148705802,0.37727511629542576,0.0
7.752799382070105,3.8383409083378375,1.0
-6.386808596363873,6.2530231421932925,3.0
-6.089489079906274,-6.41714027568127,0.0
-6.6644104868139165,-6.600127958974705,0.0
0.8502824204948105,9.427600434631202,1.0
2.1423395806824637,0.2827115236867286,0.0
1.7415672428806772,8.284128661014492,1.0
9.487187408846015,-2.283039364433394,0.0
2.850983094905061,5.315889184874891,1.0
5.071940616378374,-2.685343883194382,0.0
9.470568582736568,2.6792494629531163,1.0
-3.5379406340649133,-7.1408686516818065,1.0
-2.464559670199227,-7.252778466644854,1.0
-5.93569134204933,8.31808291773973,3.0
-3.983225915557485,8.276326206938943,0.0
-7.6407548249049695,-9.529215017207658,0.0
-1.3354649466112445,1.5090434327666955,3.0
-1.1446043453942405,-0.10436847598797172,2.0
-4.690358090271529,9.765720944148974,0.0
-9.924699856613199,3.685665581129218,2.0
4.838480278752561,4.512268909567217,0.0
-8.914044001814503,9.344706300461684,3.0
2.7970294919602896,-4.730574927446362,3.0
-4.559873425518115,-1.4843952155042839,2.0
-8.647314181376128,2.0479457785316484,2.0
0.5506773489891721,-8.427220965982162,2.0
-7.748457263339961,-7.931260316564195,0.0
-3.267270253019017,5.162236654360878,0.0
5.4168164981132705,-0.90421782083647,0.0
9.425621166549824,-7.8723629743362045,3.0
5.731163062834879,7.719362515140613,2.0
7.788809571051246,-0.38204227197213214,0.0
8.322539310157058,-7.057385744528033,3.0
-2.0021749387505956,-5.171301247278304,1.0
-4.217735425703724,4.467541760040101,3.0
-6.700261995774362,-0.8312778106196799,1.0
2.0863397594762105,3.4222614906822297,0.0
-1.9665347224762506,-1.4315841549588306,2.0
1.4561727776758069,-9.928843592550693,2.0
-7.2033839719074555,-0.4592655557870309,1.0
3.554410649610176,-1.6943883207315835,3.0
-5.273039963829214,-9.914427607295462,0.0
3.9432489598755467,4.797450202767292,0.0
6.389849914388648,5.530963821589804,2.0
2.1701233073878683,-9.093506526146268,2.0
4.236743348085037,7.397164830737314,1.0
8.7888736856383,-6.270494481178592,3.0
9.064681964289779,-7.620541691185854,3.0
-9.446696150224327,-6.936434319541258,0.0
6.9535821742655735,-9.324821433884257,3.0
-2.3609976312446683,-8.203701739033413,1.0
-4.974927952592461,6.036319009272486,0.0
8.008674558598056,-9.543298861056362,3.0
-7.387586808107951,-1.9861494684647738,1.0
6.319556058903878,-3.4837448626103136,0.0
3.835617928515955,-7.037060155237285,2.0
5.940434356866238,4.050183354030638,1.0
-4.238180527643777,1.5887889516848261,3.0
-8.410912794028755,7.585344222214385,3.0
1.1933444471831862,-7.604807736468862,2.0
-5.125523394627858,-7.558683239767053,0.0
-5.169662236095551,0.490030249148802,2.0
-9.828089374501447,1.0945767836473514,2.0
1.9330231558876054,6.1865775387566515,1.0
-5.203598810710197,-2.050342528454774,1.0
1.7312995024779916,-0.5776771175855835,3.0
-8.67948801039502,-3.3876736054542818,1.0
5.732396516959362,3.239209623270721,1.0
-3.832962170646903,-2.0038137739865753,2.0
8.655472727225547,-1.3022281035895524,0.0
8.403491890344448,1.3337441375004957,1.0
4.732783092661537,-8.455420293797399,2.0
-9.563423883675359,8.519998579994027,3.0
3.0730382277347967,5.425572034665166,1.0
-9.226248091157768,-5.930565886968127,0.0
-5.285428719223468,2.9274068891024374,2.0
-1.5078145052529024,0.02136968471654832,3.0
-8.243077857533637,4.753618773440618,2.0
9.499146740274174,-2.8037652800484603,0.0
2.2558083321409192,-1.4518748616291361,3.0
7.774015579233378,0.4003772120876725,1.0
-6.33050120769134,1.0883771033254455,2.0
-1.9324147090793016,3.1783269558929668,3.0
9.396198982391432,1.7304966037212317,1.0
5.896580968438091,5.3200563208975264,2.0
-9.82250088796275,4.115313305987202,2.0
2.1030964760646604,9.955129837008354,1.0
2.480806332493197,9.418030498336336,1.0
5.218310423496021,-2.138981002061902,0.0
1.504729839741204,4.415737462115112,0.0
0.4015261833372179,4.2806070045217695,0.0
4.243749022205128,-6.656253745903571,2.0
6.621844433133067,-5.97117924236297,3.0
-8.91890864361146,-3.8209612782502482,1.0
9.89281213015241,-2.3287371827953063,0.0
-9.344713868125968,2.843474288480456,2.0
1.240302876672878,8.622319888495646,1.0
-9.813487615815468,5.331494868156241,3.0
-4.461102970921996,-0.9410157286488747,2.0
0.49606036530462205,4.358851016607577,0.0
-5.629671622142062,0.7648406661338303,2.0
8.710109703882747,8.170639707707316,2.0
9.439497377784956,-9.648152372778043,3.0
6.531289919357171,6.901137465923984,2.0
-7.578309007239639,-7.819769646427388,0.0
-7.564848700678555,-6.215266605169225,0.0
-9.704774626234908,-5.541852669073057,0.0
2.0013290989745585,-2.696885735082068,3.0
2.1474823156942318,3.6087625039731908,0.0
-3.5535818079937016,2.278920832217837,3.0
4.444069139931646,6.675708131029772,1.0
7.722373999487221,9.257717304344705,2.0
6.255527443384722,8.448386543561185,2.0
-6.642900939552831,-6.264772182812357,0.0
7.7211669030293635,-0.7950444653099176,0.0
8.068308268878923,-0.6097706834251753,0.0
0.7546601566209468,0.4345344277625287,0.0
-3.2923558345531383,-5.613152769163312,1.0
4.854740829880411,-5.8584783922497286,2.0
-7.283560490851699,-5.932032587331435,0.0
9.968765879297244,3.9186839108781424,1.0
3.4804202210677477,-5.464826740798776,2.0
-2.468476033056442,3.654775416769148,3.0
2.345119504093905,-2.5628161622368424,3.0
-8.770596682930616,-7.072764702542271,0.0
2.386328612599577,5.214728025284437,1.0
1.5491020777683566,3.298811904550007,0.0
0.029589858129661195,-6.0732192072613085,2.0
-8.530237156409903,3.5857818776415584,2.0
-2.745406321020667,-9.157966150038572,1.0
6.565321897721731,3.66734741570834,1.0
-0.5028567887624575,-2.02371856311008,2.0
0.42606244559207695,9.672096522660826,1.0
-5.424455122534586,-9.046307765733768,0.0
-1.3820086434211731,1.1383692461966337,3.0
-9.986364641748677,6.097274113504561,3.0
-7.2125964661790825,-1.2047472761823546,1.0
-2.807706060238548,0.49284864028266284,3.0
3.893254172594002,-6.445484157500488,2.0
-6.301258001930414,-9.183632025331356,0.0
-5.0566612067093,8.295673539814345,3.0
-0.4795671999189981,-0.3575181280198656,2.0
1.8193990440738812,2.3051929024372004,0.0
-8.491906853060811,-8.076613098062317,0.0
-0.2150390890310767,-1.4994274004130013,2.0
8.253532200895787,-4.404907895555203,0.0
5.988464534158473,5.392491010662061,2.0
-3.552109029272204,-2.5550414284587752,2.0
-3.4347654510443686,3.509968618452696,3.0
2.294815390568612,-8.437028491646599,2.0
8.695381370047993,-1.213843846340552,0.0
7.06273776028717,-2.1949842755748055,0.0
8.831106072827083,-5.73670247428709,3.0
-8.997044485081409,-7.0320769004209716,0.0
4.829639609198477,6.089341695155884,1.0
5.786979984311957,5.461908952460119,2.0
-0.30977370760246536,-4.264061820669152,2.0
-0.11840480741603443,4.450616008450099,3.0
8.46256065182752,-1.6741435890189411,0.0
-7.145374270633176,2.9741087682563325,2.0
-7.454896694101835,-2.16860831691859,1.0
-2.9814201043718764,5.4419764470871606,0.0
-0.5606409012935494,-3.3432534120033752,2.0
1.508367809390725,7.082719706554137,1.0
-1.0308796831021674,-0.22957753295253625,2.0
-7.297113250534446,-7.94133289011874,0.0
-8.861920097083573,-6.653693550922766,0.0
-7.663246381834654,-0.17685812256033273,1.0
0.8229586506612723,6.527986766665531,1.0
-2.8365812884577446,1.838147113650507,3.0
1.6345150130995272,-2.527991126888571,3.0
3.619085312003932,0.270202357974771,0.0
-3.1984037530273373,7.696641388937412,0.0
7.263506082033636,-6.202417088963812,3.0
6.264841758707295,-0.8268621678325854,0.0
-9.087388742970058,5.791790393353434,3.0
6.702963246135901,0.33770316253501953,1.0
5.547582166279907,-9.847828242807763,3.0
9.710722229452202,-4.42617818040294,0.0
0.18961655519677834,-4.976577859180571,3.0
8.050766653188859,-2.3242530450670724,0.0
-5.064158733804391,-0.3523726226617825,1.0
5.731251985576337,-3.208094147594311,0.0
-6.978529486363332,8.498713116339214,3.0
-5.822349563071059,-3.320187062163729,1.0
3.897367236265705,-3.4393676926487498,3.0
5.570554860727597,-1.5141371306152962,0.0
-3.5491916476134655,6.471759363163546,0.0
-6.215620355574371,5.96944803734387,3.0
-7.040907054386314,-8.042654534896702,0.0
1.3886756665598714,-3.2013477579103604,3.0
-4.033155938855344,-2.37341381604865,2.0
2.810565983395982,-5.908724248480411,2.0
-4.946827747825457,-0.48674773168061414,2.0
-0.05326628163197711,1.9384080340770602,3.0
-3.791771722475737,3.2178262744998136,3.0
7.83917428538582,-2.473647513398465,0.0
0.8872916531198971,6.8581184459149185,1.0
0.6692790584972315,-4.738785194742734,3.0
-0.9546226199735557,-8.890315382197375,1.0
-7.288045068127664,-2.5152451526184683,1.0
7.652354190867406,-7.851099585056367,3.0
-4.691675399077666,-9.863297340690298,1.0
6.179265523184739,-4.340172497689039,0.0
-2.309453720177574,9.77346798236497,0.0
9.842240957143009,1.580621343812993,1.0
-9.14951589096075,-8.243484193535565,0.0
1.3608098915709377,6.326517714817843,1.0
-3.729671223982127,3.1446359988759554,3.0
-6.5399787638748785,2.536096597207422,2.0
7.24861706240576,-8.118283548338267,3.0
1.8677415619974695,-4.109172144866761,3.0
-9.263694143655387,-4.657487556580973,1.0
-2.156364716841825,-4.009976594939062,2.0
5.1095153004130385,-9.21972328450726,3.0
-6.247432441804981,-0.971421743350307,1.0
6.092011295553284,-8.199936923265895,3.0
0.8987153589849086,9.534432283123266,1.0
-4.8595032905568925,9.654149374595477,0.0
7.967596473457736,-1.9111635053559457,0.0
-7.224929439853844,-1.1734907635621603,1.0
7.092552470627563,-5.481920532366651,3.0
9.076046560494667,-4.968614633119475,0.0
-3.809045984637467,8.13241221687236,0.0
7.658049175748825,6.73580772143082,2.0
3.42957158007367,-7.217969512402725,2.0
5.617083030141533,5.852460363584644,2.0
8.912043071786712,-4.941004849525001,0.0
0.8889834320066132,1.0696970942580748,0.0
-9.75299478541358,2.4134450943872885,2.0
-1.1015206418013719,8.380585019783734,0.0
-5.578072524955862,-3.6280502583017,1.0
0.5623921846828654,-1.205431492478331,3.0
2.532183823284255,-6.904191347356406,2.0
-8.335904306939623,-6.715239395989245,0.0
1.6490021000796755,-2.475779002758161,3.0
-6.090665192422248,2.0753085084693232,2.0
-4.7778569556948725,-5.044535809022537,1.0
-1.6899198393874144,-6.801170451530245,1.0
7.302649679651957,1.073307468579161,1.0
7.907804379058348,-5.010163730005064,3.0
-0.051928361953335056,-3.1632675979522755,2.0
-4.6381277418042615,-9.43848397521332,1.0
-5.4799991227412415,-9.192282984067099,0.0
-6.798769893539802,-5.164422895494425,0.0
4.409500559592292,4.556718900039453,0.0
-9.384792849458119,2.4359591807352388,2.0
-3.492256014536257,-9.896985290534285,1.0
-6.413242106452344,7.136455955553146,3.0
-5.466521258210378,-2.705843531330732,1.0
-7.078323337602899,-2.5413868333335943,1.0
4.394300104648083,-7.488665559347993,2.0
5.334638283182251,-3.7440353390862917,0.0
8.709745759531025,-9.01360575738186,3.0
-7.74266925205092,5.420860870275694,3.0
-5.611790130797871,-2.6810133911843064,1.0
7.155641381306506,-8.345273746068516,3.0
-8.317685804254182,7.592042284302032,3.0
-8.25716562281148,4.745231339332941,2.0
4.649785319386135,2.1442641442693837,0.0
9.028045504192459,8.279786362653251,2.0
-8.904455069206298,-5.357406873612853,0.0
-2.9456386870940516,1.820686978073189,3.0
-3.4824870444393285,-6.163606229235398,1.0
-1.128490819109567,0.8251412746954792,3.0
6.387945475872073,5.53422630190159,2.0
5.919784259233133,1.087488283388641,1.0
7.873824653900488,-5.035441006671382,3.0
-6.412915879692578,9.658904719574966,3.0
9.23999055802311,-7.294685929058811,3.0
4.77144828805937,-7.378084164940275,2.0
0.7575944652059263,5.265030173152876,1.0
7.70147308571898,-8.341825466372597,3.0
8.246750727516403,-8.983226078662705,3.0
3.03142046628696,4.06881195298617,0.0
-8.356903408411727,7.089574520849716,3.0
9.649060510802784,3.377112170278071,1.0
4.060901893608744,-9.282823229447814,2.0
1.351322307803608,-7.677101863307863,2.0
3.2835436102044966,4.400073061806193,0.0
7.3424090588826445,-1.9061516114822012,0.0
6.308053897547332,-2.397584048137709,0.0
5.551114445490768,0.2231151404174252,1.0
-8.835612494013109,-7.592845190121786,0.0
-0.2637084158941043,-1.8525650649619365,2.0
6.683813339644434,7.001871199009905,2.0
7.690202605642799,-0.158580404224411,0.0
-5.634745478997651,-0.9773716272177495,1.0
-8.878276925657564,-5.876978876177108,0.0
-0.5873309889561469,-6.292596069578322,1.0
0.360798593142027,8.42504530181062,1.0
2.419868239784858,2.772051675355531,0.0
5.366814327341052,8.788660015484318,2.0
8.267585510895433,-5.201047371955559,3.0
-8.908481820491414,3.990746310114803,2.0
-7.615778495349477,0.14885779231030227,2.0
6.951218621826719,8.060639284227623,2.0
3.1993681916318053,-6.894500993586766,2.0
-9.421941195365411,6.044222456811692,3.0
8.58900039733778,5.528184443719315,2.0
-9.301477197241585,1.4992997318791588,2.0
-0.9667882802720857,5.099969567852096,0.0
-1.8364514371522755,3.871583074981608,3.0
8.772398716435571,-1.681257558510234,0.0
8.122259675513924,-0.7357459535536837,0.0
-4.945562625652489,-4.094192313672551,2.0
-1.4609249712541654,1.9277585385556524,3.0
2.552729376715586,0.3885122241782675,0.0
-2.2688704438086322,1.622202673612156,3.0
-4.755938625319278,-8.121314992928193,1.0
-1.972203986023068,-5.539885063089294,1.0
6.602596130386313,8.676490777841451,2.0
-8.73643930219407,4.57898930378294,2.0
2.2666691623218327,8.644966712358258,1.0
3.2460036216150083,-5.933926433864438,2.0
-4.563546393721312,-4.594727298119466,2.0
2.883665365657107,-5.695657312956623,2.0
4.29225342586399,1.430978490534951,0.0
7.474389247128361,7.535775898994757,2.0
-4.3670281619938915,5.307456743429533,0.0
5.860191641690747,-7.507110563261601,3.0
5.673909156150433,-4.036943383097002,0.0
9.099208335395108,-9.156728743969737,3.0
-5.707220437991783,-6.15867556952074,0.0
1.5175193414964738,9.389499568932873,1.0
6.171796085091682,-6.08948074710685,3.0
-2.838723432719135,7.409789236535964,0.0
5.501925969376158,-7.628034277090507,3.0
7.62682673502659,-4.532106731649359,0.0
8.393289281269173,8.649008209204187,2.0
-3.697580569210583,-6.42586263250559,1.0
7.244340620838646,3.6669567093140127,1.0
-9.689694833416056,7.624745426387001,3.0
6.306566174616336,4.140674760760955,1.0
-5.980517117594659,-3.794391789258908,1.0
-6.579306147270874,-0.2303944948994463,1.0
5.487973825164351,-9.741587695846356,3.0
5.5675517897140665,-1.7793764389591225,0.0
5.5632134878788655,4.83822622856075,1.0
-4.200636051025808,-0.7800972231717651,2.0
5.589108257788979,8.223492789261037,2.0
4.193508312704974,-7.246083884269092,2.0
-7.1013170208426235,-7.318102635801493,0.0
-8.493889449330826,8.657283158916634,3.0
-7.278429046319632,6.061496659880774,3.0
-1.6880943599625517,3.3950446644320813,3.0
-9.277492760004769,5.997474800190748,3.0
-2.3217495637133245,3.748808220413597,3.0
0.812942140497789,-3.736502662426185,3.0
4.559245455496232,7.039239733960663,1.0
-8.051965042089426,-8.768942121035723,0.0
4.296181417466622,4.191881484893937,0.0
-6.432707705433176,6.416445290754595,3.0
4.508629906245476,-7.822757907970432,2.0
7.193172122831623,-3.5321019771164197,0.0
5.127160194178549,-5.710628626999448,3.0
-7.9513334137088325,-0.7050151886934373,1.0
5.759787093092939,4.57848761629883,1.0
-9.68186261936552,-4.116981348875919,1.0
9.013273917723367,4.9688772686241975,1.0
0.2862895154538041,-4.928635842412168,3.0
-9.721152546016917,6.894089386046144,3.0
7.8181550981276935,0.04103071073249609,1.0
1.4384114887130153,8.476251654529921,1.0
6.409602539805313,8.380741091228028,2.0
-5.291499148629297,8.60694606693955,3.0
-2.195328655807119,-6.889224200913564,1.0
-5.699075704047194,-9.885934603807518,0.0
7.183433196770999,0.7341896416582205,1.0
-9.997442666591997,7.07681262296936,3.0
3.4830265710444746,5.325837582542443,1.0
-5.10499335235941,1.4419729802708545,2.0
1.2956837942709232,-9.086034614116498,2.0
9.04897751979933,7.229487101047692,2.0
-0.2367672568255088,-1.826513290398541,2.0
7.48419259235175,7.784378272330905,2.0
-4.4711120733561565,8.56816319633063,0.0
-3.643207013310925,-2.2464372991491093,2.0
0.092701440721628,0.6121780652500952,0.0
7.557107871576385,-1.6834055090307416,0.0
-2.7501508157359105,-4.731516161678606,2.0
7.3421438325344575,-8.120125031254638,3.0
-2.9047827987216106,-1.0878998968793763,2.0
-8.227147273509576,-3.531015146485861,1.0
1.138667224755336,9.239265193485114,1.0
1.3508462680225684,0.6963897899215787,0.0
5.751208092409852,-2.9078126758559435,0.0
-2.7433745845701445,9.520244424005504,0.0
-3.475030305850515,7.63720959741006,0.0
-4.414041947101781,1.7736766488962363,3.0
3.4163384220841397,7.277610856167808,1.0
7.854161976220372,8.87386399781477,2.0
6.119701971745524,1.800177647836792,1.0
-5.292238414507557,4.9620330787888385,2.0
3.6020990892676394,-2.0383081667421195,3.0
1.944840835963344,-7.7412946455159855,2.0
-8.36819307830872,-1.558417461711299,1.0
9.176086597210954,-7.110361927633962,3.0
-9.52429087381017,-5.413803864853728,0.0
6.163285283515016,1.526416932689168,1.0
0.22200641294999457,4.070736897784691,0.0
1.7755673171331452,-5.0742462877501175,2.0
6.439992302473026,2.6107321838012076,1.0
2.377975542381826,5.790091437892158,1.0
-7.885475497357934,9.446451286105745,3.0
-6.884657166722286,-6.414430503510291,0.0
-6.016060640824605,-7.866407955540453,0.0
2.430806801511869,9.97354031927335,1.0
-1.957232792079477,-1.9284442058881268,2.0
0.2829137438587441,-7.375407973681911,2.0
3.0827060979212657,9.22812140578483,1.0
2.6779550535834353,7.070873221740143,1.0
-6.681208407801917,-1.3668426377162533,1.0
-0.8739116484561738,-4.604655249510681,2.0
-2.189821288501803,0.18177401884077327,3.0
0.06676470004833135,-6.536991107577677,2.0
1.180138195306327,9.379172843312428,1.0
-8.623603183747264,-0.07714240047949161,1.0
3.016297298821975,3.100795443790151,0.0
-0.5852412251931653,5.843787203635763,0.0
-3.679207963521833,4.860014244347964,3.0
-1.9749920645721115,0.8394299211454701,3.0
4.370277364521096,-2.9364884982611343,3.0
1.6213621034343255,-3.4480943377260935,3.0
5.132648403267069,3.8050182281258422,1.0
-3.6670872395416376,-8.427317715938212,1.0
1.2034575940775518,-0.10281531048251935,3.0
0.33772299494520475,7.717912166760058,1.0
-6.76092510245131,-1.5939476020470487,1.0
-4.366977474176403,-5.824347790625515,1.0
8.502676635842988,2.1132827533564846,1.0
-9.837622937569545,-9.519590125028852,0.0
2.2892615960994256,-3.160651514805741,3.0
-3.32797978076724,1.1957407774602569,3.0
9.37183440149704,8.07355222575633,2.0
3.1822504143349093,7.487011383721661,1.0
7.356809852843295,1.3866880792405372,1.0
9.655148646954416,-1.8961170382113437,0.0
-4.74387205322214,5.911191707338599,0.0
-9.402725419112857,2.8377758865476466,2.0
9.194082317539962,-0.7761136372131539,0.0
0.6171423288651781,3.172741861832103,0.0
-1.118263309655493,1.9485635862413915,3.0
-1.233708189337916,5.5349386113503645,0.0
2.4322229292358326,8.035151685843132,1.0
1.590325595603442,1.88798542976828,0.0
-9.166332281545213,5.620612215910285,3.0
5.557234748581767,3.7891487105625608,1.0
-4.852175750488734,-6.212726924033247,1.0
-9.096214787369831,7.229999273363113,3.0
9.750166093417175,-7.377820304999121,3.0
-0.527960995745298,-1.5479731065991427,2.0
4.389171512456315,8.346694166868442,1.0
-2.966359283402202,9.979843044144431,0.0
7.153229339912144,-4.088657077188551,0.0
8.901447332799155,-8.847910882737954,3.0
6.730324919884833,-5.876563415151448,3.0
-9.220439731141665,8.94958047240712,3.0
3.250418057551448,9.917916898645881,1.0
-0.13937117771961383,-3.176340293784814,2.0
-2.491997739883498,2.8140664539573557,3.0
7.8801906056605375,-6.902386487669139,3.0
4.728109864334451,-6.239945805768956,2.0
-2.6807385900557605,-6.730352401727475,1.0
-6.650529002477096,5.724510810031898,3.0
2.575982366516424,-4.88937325924506,3.0
6.100849431555471,2.6359564239678797,1.0
1.051273646334053,7.167190030985818,1.0
-9.77589953846724,-3.2087472129751298,1.0
-0.6638416804714886,0.8232010991031338,3.0
7.812670537865575,0.460424088562128,1.0
-8.340348316333014,8.598613840425806,3.0
-6.697552156683697,9.414292722620946,3.0
-6.937114705970724,-2.9829996193104558,1.0
3.6387891862927653,8.135160266829846,1.0
2.023846089495944,-3.084391853101149,3.0
2.676116256632808,-7.41395610261984,2.0
-9.594865754417937,7.990423274382248,3.0
-8.227697583121454,-4.376562340586306,1.0
-8.262561452969223,7.268633696697151,3.0
5.903032105105394,5.365655757447168,2.0
-4.268431611956498,7.015920408330338,0.0
-2.551254309413067,-4.990991801893944,2.0
-9.64869937673244,9.104189219630126,3.0
-0.4057742696111699,3.24457053518797,3.0
-2.6530254980589145,3.169205820057872,3.0
-2.7034507261898177,7.808600312501671,0.0
-5.652314448900537,2.0551356426593657,2.0
5.547139531536576,0.09125200392489674,1.0
2.4944776641419093,-2.1725235669249994,3.0
-7.086819851743229,6.7798176223708495,3.0
-5.120178799097202,9.62390905640778,3.0
8.512354020797613,0.06820984223030635,1.0
1.4844070455336045,4.508636078917283,0.0
-1.8748377726727306,-1.584247429844547,2.0
-9.454017808337,-8.452113313769832,0.0
-4.410814854431737,8.482932560124944,0.0
7.513388663343779,0.5880252322482953,1.0
-8.689652509257744,-0.6133713903345157,1.0
-8.742116574200322,-9.914861999748295,0.0
9.558462277108518,9.319918066840177,2.0
3.2357286070023648,7.347231957075916,1.0
9.402773095088843,8.320875355892142,2.0
1.201371998445655,1.4439010266116803,0.0
4.448243336390462,2.201211396289784,0.0
-6.211929633548998,4.854855874830829,2.0
-6.951486340204003,-0.7586830964498361,1.0
7.9603136661116345,-9.86259012117721,3.0
-8.923765610985416,-1.5751683427318124,1.0
4.5548060353210325,5.043462064662389,1.0
-0.25520435744104475,-3.6704386388678216,2.0
5.670693395166985,-5.412061649994817,3.0
6.5606046656781345,-5.0894344165587935,3.0
-4.141012381989979,-4.469084025570407,2.0
-3.9906337438379147,5.538460412032652,0.0
-3.6952396476092204,-0.37779590603084756,2.0
4.198812929282115,1.1289468568077137,0.0
6.736473841937766,-9.426915840094097,3.0
-0.1794001459503356,-7.05174179626961,1.0
0.5874640001197111,4.743301909536147,0.0
-8.212339793912541,7.908532934717563,3.0
1.833501561631925,-4.315596769990493,3.0
3.6457784504888995,-5.516083296115221,2.0
8.568910054121275,2.316895611570464,1.0
-9.90533293939211,-2.780132276015639,1.0
8.095163844977026,-3.8985378052624275,0.0
-2.05473124126655,-7.3185499416418125,1.0
5.068364396630852,0.3709184900191058,1.0
3.1311998649361747,-2.8275520334745163,3.0
-0.9208402465454935,7.686443358024345,0.0
-2.0558050019036944,1.8715138870621022,3.0
1.068220060287521,-7.828683244115668,2.0
-1.0382208589381392,8.044478503993307,0.0
-5.691624532719148,0.030537451388262582,2.0
6.904853944148044,-8.300610425483168,3.0
-5.061838874535544,1.8831792534381968,2.0
6.524208765824206,-5.787247850998343,3.0
9.244201724814257,-3.2156053924644956,0.0
-7.622991930703568,8.496312818828798,3.0
0.15896564619355225,-8.639318677001421,2.0
-7.2009967806982615,4.7469317430357965,2.0
1.438619571629582,-8.299323497212754,2.0
1.8627849306042865,-5.218080027905286,2.0
0.6913923344867605,-6.090932747960995,2.0
-3.4235138962140477,-4.466555243181325,2.0
-8.466430698491386,0.24223163138924697,2.0
9.510611143160837,-0.14432742878308602,0.0
-1.0143787360312029,-9.189856873069251,1.0
3.314905085306016,4.987903720830493,0.0
9.999552111480778,-4.8401843551055235,0.0
-0.1513955181593829,-7.145546754308563,1.0
-2.9159434311298753,-9.850281061946543,1.0
-0.5890231465603524,-5.835955749251038,1.0
-2.7534312885369054,3.439270866165039,3.0
-1.2985913074810718,4.646131267782065,3.0
1.611931556955577,-7.667201727681987,2.0
-3.92551305407161,5.079237921103614,0.0
2.4621137911774085,9.78602446167567,1.0
-3.9488400308554406,-0.12477451664348926,2.0
2.576471523610156,-4.635657076231681,3.0
5.867998886210664,-4.804365710244342,0.0
4.323793390017585,8.229113171499336,1.0
-7.0040780205384685,-9.042140465010323,0.0
1.0159736846420557,-8.482241443259465,2.0
9.30450847095122,3.0703193077090347,1.0
-9.652222229932852,-2.94046648640448,1.0
7.28324319266677,-3.381686850396166,0.0
-0.23519761419479046,6.410953890369726,0.0
5.079476237753834,-5.232604841787618,3.0
8.275432111016706,2.763124723714064,1.0
-5.077246981017356,7.61911320914464,3.0
-2.8924707789041264,-8.876103399654161,1.0
8.93600223397566,-3.052178212744849,0.0
-7.800853048424051,-9.923220489739977,0.0
-4.208999612618946,-1.2224315108801456,2.0
2.712757648294968,-2.45824957844456,3.0
-1.013736839606059,5.8215566078925995,0.0
-7.887223280200977,5.026389068892767,3.0
-9.330290431234598,1.098892022897342,2.0
-2.062281651894901,-1.5515968897928616,2.0
5.721470173243608,6.774475382861731,2.0
4.58581304332424,3.4663906867859744,0.0
-9.100304862758136,0.5964822836225974,2.0
4.317410473195036,1.2941725439749359,0.0
-9.43047765936733,5.89587798988352,3.0
-4.233184012473967,7.545059152641546,0.0
9.900434564293615,-0.04628704323789101,0.0
-5.0354762261424195,-7.886522233705446,0.0
5.190508292315574,1.9152477358973385,1.0
-0.8220810716754006,-9.975831103691863,1.0
5.007146345295544,-8.162482858559088,3.0
-4.381839941657917,6.398130720264611,0.0
9.181246256611097,6.715177090949872,2.0
-1.3251559118397545,2.788355103868067,3.0
-7.771778788734642,5.370124634657184,3.0
-7.19600804630828,-4.736966059024892,1.0
-3.891671770638494,-7.004274163346507,1.0
6.87080210257507,1.3561200583197834,1.0
-8.611632481511393,8.952308017786088,3.0
-8.494883069430932,3.7271489221517395,2.0
4.820834598859356,6.703049313215637,1.0
9.926279037863562,-8.916685137559057,3.0
9.264864020810975,-7.912836077911987,3.0
5.521670626316178,4.098786943087598,1.0
3.0128479354671907,-2.4926256437310546,3.0
-0.874987785623965,-2.317258047578261,2.0
-1.6091019902152333,2.258103730875476,3.0
-3.4433138092761784,-8.921850715110924,1.0
-2.614709203892369,-2.119463125830099,2.0
9.542729374655103,5.9204158728290714,2.0
-9.91359046852523,-6.346194634435227,0.0
-2.4865494001743915,5.656022318033147,0.0
-5.442787283273902,-8.417242224003967,0.0
-1.9497493913053496,2.868581431255155,3.0
-8.46170429484995,-6.853410512519911,0.0
-2.176386596812545,-0.5458143967296145,2.0
-0.023804250297379426,-7.061179646294282,1.0
7.999498629436474,1.3968368413043812,1.0
-0.9205257048935955,8.065319069235105,0.0
6.882444875197301,6.449492245795891,2.0
-2.3151785648566996,-3.114553292534379,2.0
4.41889664771,2.734647442044807,0.0
0.5548719320100091,7.259203013386472,1.0
6.020092017889006,0.606947265090378,1.0
-4.696455780226185,-8.014530266516008,1.0
-5.992006563451591,-3.5870813567910957,1.0
-6.217211662439341,7.535908368852816,3.0
-2.2887223688416665,7.578506292117893,0.0
4.418628450671617,-5.202334934808624,2.0
-5.963658343093508,-0.464639432186436,1.0
-9.848429619083968,-8.615269423850933,0.0
8.833516968823542,-3.9526000733223388,0.0
5.150628310736085,-0.8248523501977587,0.0
4.745551479768164,2.290252475356084,0.0
5.082233937023222,-8.327372740859296,3.0
-6.489010757749041,2.706586669529493,2.0
5.394871320009676,1.2897766900761827,1.0
6.529721238780997,-8.11784870293909,3.0
-6.328946367293355,9.69150910422647,3.0
-3.4806291269154555,8.576172754247061,0.0
-7.313278566741907,4.525864115409641,2.0
-8.33264607900518,3.1417661700681165,2.0
-6.116080512589967,9.907043162530936,3.0
-8.52604212490806,-4.820590237593163,1.0
-0.2983870922011107,-4.862044213553467,2.0
-7.9022285414602855,2.8786554563008124,2.0
7.8796819175097035,-4.61441379802034,0.0
9.123108558983681,1.4878558657225796,1.0
-0.5816596441108928,-9.831944692317371,1.0
-7.02207039539484,-5.516568451753732,0.0
-7.689994392054375,5.093649413227224,3.0
-9.118460910865537,0.05966429568237608,2.0
-3.684519772699632,0.26507768692099276,3.0
-7.6913545363986096,-9.112860486064458,0.0
6.807843819788481,4.215716281955915,1.0
1.8333911722686942,-5.0550357753705715,2.0
-7.654092848981384,0.5195658693565903,2.0
-3.00148919627095,-1.8088660097077458,2.0
7.185928664068065,-9.515952725575875,3.0
4.457257506496672,4.417375637790764,0.0
-5.106460207642045,7.568606096858094,3.0
4.925927981016866,-9.867832912605621,2.0
7.319145687417979,-5.8227967079656695,3.0
-6.82741330970768,4.6282276484730005,2.0
-7.516552876791196,5.839969513994953,3.0
-2.081200142795212,9.06627187191068,0.0
-0.5112735552786596,-3.5862413402680327,2.0
-9.219185195915331,4.257094520739679,2.0
4.4858491487102725,6.311785695534017,1.0
-5.466017881891396,-0.8043369694753029,1.0
-2.7684145521772603,0.9586794082082069,3.0
-0.6952373326429075,3.319596430667273,3.0
-2.606480391595256,0.5526191077702904,3.0
0.7613999146474253,2.1197037684747944,0.0
-5.111056869059043,-5.410280509080733,0.0
-5.813437369004837,-7.24852642099262,0.0
-5.5130426315071945,-3.716094176793641,1.0
-4.7272213885136445,0.5253269194160293,3.0
9.55503548087896,5.549166829545252,2.0
3.2370157269909114,7.062398447219099,1.0
-3.4292238200577145,-5.7681112592124695,1.0
0.6652469936136267,3.0403937489306028,0.0
4.613672233645067,-4.771027593566737,3.0
-6.0750820105591385,3.847695467503989,2.0
3.1010653103153185,4.479834829842694,0.0
-0.7682798667486139,-6.025153995339396,1.0
-2.4591778762415277,-6.383251778714194,1.0
-1.6321298624955212,5.872945573655134,0.0
9.295982754522669,-7.4427614165237,3.0
-6.877097140530792,-6.602491708195912,0.0
0.27169739632385337,-3.8173839838618795,3.0
-7.832620138126549,-4.51161483372339,1.0
-5.720029787841268,4.896044608915108,2.0
5.260751832794153,-7.514957875351893,3.0
-9.551045784949132,0.40167812537186265,2.0
-3.062241922892288,-6.6209383233447605,1.0
3.149399431008707,-0.7332005076348995,3.0
0.12749183832377042,4.720563936114591,0.0
-2.1158083857299737,5.365393744275773,0.0
4.2009902584490195,-8.794331759501947,2.0
7.615538910258689,9.335492095679967,2.0
-8.291528377058103,-6.745500146350825,0.0
8.794634383457339,3.385758764650163,1.0
7.827743509900383,-1.5975687564905847,0.0
5.438518061107011,0.46312930249155215,1.0
9.925442111629195,4.191656385619142,1.0
5.993043709247683,-7.276107690987457,3.0
8.026028159844621,-7.862047608316662,3.0
-3.261245570711317,-9.576528078573759,1.0
-6.999941931980369,-7.5340326369754145,0.0
-6.521931888647991,-3.1854546123870175,1.0
-0.4565892795696165,1.6447235901516706,3.0
-4.399365288107086,-2.749101103521361,2.0
6.314631660395335,8.416070284285507,2.0
-8.797503210930175,5.751918140869204,3.0
-2.3325675695532144,-0.08596845283462784,2.0
4.05955192609059,-6.957446649534003,2.0
-7.256063472152492,2.7911407278643434,2.0
6.741880059466492,0.36351055034579005,1.0
-2.904701162018717,-9.790184562639455,1.0
0.8168174862541999,0.0012956312307803586,0.0
0.8406310759081208,-5.7460049577606505,2.0
-9.333643230730814,-8.337702057983858,0.0
3.9704067143776527,7.446536579944638,1.0
3.3404628939298995,-8.691700581291578,2.0
4.18855406065121,-9.376161069986239,2.0
2.9166664702660157,-8.86412300812577,2.0
9.781874034205806,-4.527835570394611,0.0
-3.7596707411620445,6.748058459585554,0.0
2.5796672012410973,-1.0233678267594541,3.0
-7.743338600419558,1.1054050774631925,2.0
5.3132534371083135,-4.80436958147902,0.0
8.432431392645316,4.372414627259593,1.0
-2.847352448660807,-4.082639611512722,2.0
-3.585031288063605,2.9564271431961906,3.0
6.813505380459926,-5.7842009974182185,3.0
-9.967370303710865,-0.31917367918899586,1.0
0.5072692146633617,1.803649794348818,0.0
-2.197488184777681,7.730190507067366,0.0
-9.386953814350061,-8.563746148939648,0.0
0.20972831894861166,3.1223922679398797,0.0
4.813239792427705,3.284313797154155,0.0
-7.116812561477994,-8.810735588518542,0.0
-8.095733500672743,-7.475406206497713,0.0
-3.937056062547091,2.6467862204103163,3.0
9.052437172643003,2.724931135881299,1.0
-6.630875054818874,-6.0901718950042145,0.0
-6.31076792876935,-5.79851717597651,0.0
-9.166756634066031,-7.3839267046276325,0.0
-1.843793012578395,8.67918572028907,0.0
8.15771637420912,5.932630861294799,2.0
1.0582036364217355,-9.240834518627823,2.0
-6.656605852906347,-8.495989545259208,0.0
-8.723201373076714,-8.191215485277876,0.0
-0.6148102300765323,6.148777514800852,0.0
-7.253832499448762,0.730657376150905,2.0
-5.789463009810703,2.2151123586978922,2.0
-0.4643022858828587,6.315711317262874,0.0
0.17514346392003155,2.083429981025752,0.0
-3.3176119642973863,4.921163521631701,3.0
1.4012011022027622,-6.5631536580901155,2.0
-5.874722810008066,5.115812278445986,3.0
9.602408515316181,3.544625590786678,1.0
6.966563547586645,6.037279856982753,2.0
-2.4088564069392486,-4.2704678045371764,2.0
-1.4240821577846159,2.1890600137498915,3.0
-6.544885819069696,-9.359654668103616,0.0
-8.59898830597131,1.2204054019167536,2.0
-3.340711850088205,-4.144455936556648,2.0
-2.5072267081267956,-8.192993686182486,1.0
-3.169186390228667,-2.7473949902517747,2.0
7.757430371190885,9.125829257206671,2.0
-4.222159948442032,2.936127287151674,3.0
-2.514835814536152,-1.1404989868664916,2.0
0.15982710183072513,-4.650664372491729,3.0
-1.6804312994964228,-8.006044037082347,1.0
3.514508132439939,-2.4753037394981936,3.0
-7.637308949209871,6.856278138326193,3.0
-9.584603016824982,-5.595885770863234,0.0
6.6848396792128675,-8.05915268787049,3.0
-0.5969669141698386,1.9791810112921215,3.0
1.7099761180216468,6.844756917226324,1.0
-5.398599823118699,3.776419742182469,2.0
-6.426205139267076,-0.9218178406134019,1.0
-6.298535980793735,7.484086697472506,3.0
7.788745571502169,9.137482228611479,2.0
-1.9728485867761556,-0.6166767129472106,2.0
1.7466945980001558,-4.477488196744992,3.0
6.467835309714506,5.711237326527154,2.0
0.25106612714040466,-7.900630113532332,2.0
5.704162169750894,1.8776162547772621,1.0
4.661483398797968,2.050678623799797,0.0
5.485960823203381,4.171100392561291,1.0
4.30735823331233,-2.5660939912470866,3.0
3.5462025969966184,-5.836454314697523,2.0
1.7892248657304464,3.6193826201500396,0.0
-0.23062710425601907,-2.786206256351729,2.0
-9.75096747306014,-1.7957168923821563,1.0
8.021570618664374,3.0659520562106053,1.0
-7.477337064389234,-3.4120181012408697,1.0
5.3501215446458,-0.49585554419496525,0.0
3.1875904033146334,-9.847629774172857,2.0
2.9000771808304275,8.725682043422655,1.0
-8.865176272070707,-0.17788607301343617,1.0
-0.4434937776205121,-0.47194838351829205,2.0
0.26647020169732194,-5.768197740797268,2.0
2.3724574229457183,2.5240956562669137,0.0
-1.1949439147479097,9.370679256524781,0.0
-9.331207190159237,3.3884586581983633,2.0
-7.848601694255207,-8.003725084907938,0.0
3.0198261912291926,9.243774905880297,1.0
-6.425765426415602,1.4180683899882407,2.0
-4.415908400742953,-1.0762126571070763,2.0
2.157420811530141,9.168718188695326,1.0
-1.8050368887888482,-4.550385665187548,2.0
6.254620676217517,-1.9707207892448348,0.0
-6.587786203253887,-7.022249976738197,0.0
-7.290536525240583,6.239690041161587,3.0
-4.27078154840615,4.448238387350784,3.0
6.803288842831737,-7.271912491958059,3.0
-3.741476614400046,-8.66519425036494,1.0
-9.127520830246361,-1.1373789920384514,1.0
1.8337415074748584,4.023392862834276,0.0
-5.11903098645427,9.856494282657327,3.0
-6.858793092187703,-5.407882302911158,0.0
-0.22461888353154436,7.260058542923595,0.0
5.1868749305579005,-5.267735863357641,3.0
-4.8968934705909595,9.716841113144191,0.0
9.17380205730825,0.8163447770754324,1.0
9.013132885725547,2.313384456838179,1.0
1.6932652875297531,-8.55531934846163,2.0
2.0806661877698023,-0.3269464655798249,3.0
-8.972258437590162,-5.022336521805501,0.0
2.6749247562788536,7.704555667812386,1.0
-7.30173715208513,6.493473012246767,3.0
-2.8680720898669643,5.677883890974309,0.0
-5.4008753282983735,4.650980724062887,2.0
-5.625954063891891,-7.094281662663788,0.0
3.7777691420074504,7.1775252852288,1.0
-1.8281284043194255,-6.478526338249142,1.0
0.5963241299344411,2.705241538882156,0.0
-8.808311845383818,1.7999701653917644,2.0
-0.6746769046500347,0.9239325631478295,3.0
3.2730326892990007,-0.003564743490134248,3.0
9.104138350427068,3.2351289408918404,1.0
2.1349322577318794,-1.509116264503687,3.0
-5.710548138302913,-1.0680030579809792,1.0
-9.24080201282375,-5.666336713307087,0.0
1.7782097917539748,-3.774485689590401,3.0
0.0771235570819524,9.406787231008732,1.0
-1.0797903710464052,4.8322518258677185,3.0
-5.90562668881449,-1.3661295667394118,1.0
3.9290697064659916,3.3737864102538957,0.0
7.662559322834632,-0.9349193698285614,0.0
6.032952204244342,-5.50866640861658,3.0
-2.905604769746226,7.963640828336672,0.0
5.8520171945133015,6.838845113487178,2.0
2.045664038996893,-0.9239095865388904,3.0
5.95992606172465,2.8054716083175038,1.0
4.512499517996494,-2.1615519357788298,3.0
7.388723267565091,-8.835964030400142,3.0
2.673940860088294,2.2300295642361085,0.0
5.975777362328632,-5.118831077820197,3.0
7.4653473375714015,-6.845000171066147,3.0
-7.362872195362298,-0.5571470648731562,1.0
0.8678638623822472,-6.007573121737019,2.0
2.8619630130684577,-3.1054230783730112,3.0
-7.692594439698266,2.0774422080811217,2.0
-4.6440765097028684,-6.7251237664710946,1.0
-8.468175479370895,8.993120937327582,3.0
-5.522773404110888,-5.777576836789642,0.0
6.003574004025481,3.6596991751771064,1.0
-2.6148429912093825,-3.330849391045061,2.0
-2.1767653410826355,7.561810396877867,0.0
2.296303945212779,2.5739185680271355,0.0
-4.008973480749098,1.9822572321914205,3.0
-1.7117817786124867,1.3068068873323817,3.0
-4.490873109874474,-1.1959423431966947,2.0
-5.915836659783209,3.307562775300843,2.0
2.3191975570034717,9.898243814321013,1.0
-2.7139790179676986,1.0942561245284583,3.0
-9.751895856420285,-3.3287274443590364,1.0
6.798538844272798,0.8832550423741914,1.0
-3.851074125079812,5.182048200686998,0.0
1.3303345103099602,4.758568472347832,0.0
-6.498845111981042,-5.347929277975414,0.0
-7.995496001831595,-4.33800797140143,1.0
-2.9722160940329108,5.2766048488869455,0.0
-0.5917479444508889,-9.600317791299023,1.0
4.524493261336387,-0.8237311038380568,3.0
-2.564376414751111,-8.282590478206735,1.0
2.342359723889544,2.5319472052592893,0.0
7.501376176636946,-4.062423198021518,0.0
-4.247158248454204,-1.1301128706284214,2.0
7.204869976658273,-6.854925685890132,3.0
-4.792325258535612,5.9254593696385545,0.0
0.5205941721403651,-6.325763956985315,2.0
-8.940891670526362,-1.2520602619699606,1.0
-5.637268144663206,9.841135547553002,3.0
-8.435198687216667,8.947784214348388,3.0
3.266081522117304,-5.773421423643219,2.0
-7.735133621523865,-8.849358607308622,0.0
-4.478164733668891,3.891428430167972,3.0
-7.406020555131867,1.4602809107164578,2.0
8.656751336997925,-5.868257176596958,3.0
-2.7801860288326647,7.660238883425453,0.0
-2.3963401147819603,-1.718060365254905,2.0
-3.4538393179987708,-6.066847629717129,1.0
-6.976039711545672,3.077844234770332,2.0
5.414123880260615,7.317105653361388,2.0
-5.963462730461564,-7.472454893732716,0.0
7.828490564435462,8.856738256708766,2.0
6.058116111498379,8.246579249410097,2.0
5.316614084060628,2.793578755070369,1.0
4.764677726458279,1.3290200333490194,0.0
0.8898002589148888,9.498923134373097,1.0
5.63371255330769,3.4601161601928396,1.0
4.740262327423235,-1.2819616183910618,3.0
6.881184929848295,7.302636908674788,2.0
-5.609767827248375,9.655106937622197,3.0
-6.6720753353705975,-9.528608387895492,0.0
0.6012819365003423,-6.53588778429298,2.0
3.3974001843535113,-5.338067482362119,2.0
-3.605360329292269,-3.8943190101465808,2.0
6.4036751771693865,-8.043410267159484,3.0
-3.111810775256332,-9.24325728116387,1.0
-6.106346511394792,8.600284357030976,3.0
3.762005712959514,5.18625713575676,1.0
7.0051419902427945,-6.49137634374811,3.0
-6.827295672073898,0.6153894991048929,2.0
-9.96813308244594,4.756382174432172,2.0
-5.712812977628405,-2.7472655418949206,1.0
1.865030968732679,-8.037181990803068,2.0
7.4905494768981455,-5.608501543361113,3.0
4.483918268398808,-7.139592996666606,2.0
-8.435808361484279,-6.973583015306364,0.0
-3.571301118050984,-9.991370948043546,1.0
-0.7194297955803446,-0.5094757458950294,2.0
-8.421221063320203,8.706623743655694,3.0
5.391465172736369,-6.206600538114026,3.0
-9.949772217173255,8.622285691868854,3.0
-1.7149228730891757,1.0554487132679409,3.0
-0.16877250631376306,-0.8543270198949315,2.0
4.361082706549091,2.5253583644908986,0.0
-0.2420738735507122,-4.661144327808538,2.0
2.6067472882759173,0.16798137992194384,0.0
-4.985319194744711,5.881852711187271,0.0
-0.9248912343900386,-0.07624099071466262,2.0
-9.23797312744739,5.984023624946012,3.0
-4.690298625402147,1.9406634980094868,3.0
9.75971191432193,-2.621789478135721,0.0
8.581130525810096,-2.817893068695243,0.0
5.059968362412867,3.7304135593254966,1.0
-0.29134105705268,8.831801540062653,0.0
2.3039638262583377,-8.121853866744893,2.0
0.39019111785263405,-3.2454359188772086,3.0
-8.501516844483374,-9.324825909477724,0.0
-4.862707290222095,-8.53755112414473,1.0
1.04541445151529,-1.8766561277406844,3.0
3.8827080799699143,-0.3874147592675037,3.0
5.16145901392802,-2.463122722619973,0.0
-1.2651096372912285,9.055551387568098,0.0
-7.443381148661594,1.319679788261709,2.0
4.6163997523371965,-2.8736819225414933,3.0
0.9938676745820025,5.364504220533723,1.0
-7.514543964054927,-7.542762438369568,0.0
1.066118736105926,-2.034067794382346,3.0
-1.0595460573988227,-8.362033318188386,1.0
-7.413722428330574,3.899126564432363,2.0
2.14774132700979,1.5248103240133037,0.0
1.1373298357234685,1.7686368314582523,0.0
-1.3782571242852768,1.6520627253988884,3.0
-9.065440859971634,-7.036822600405022,0.0
1.5736626800831193,2.5488716021642546,0.0
8.774474898327288,4.786601340443957,1.0
-5.483365501090285,-5.571417978703317,0.0
3.1403374506428747,5.868956882743655,1.0
-6.993446104675291,1.682448522997051,2.0
7.81966634646264,7.2664903466731126,2.0
7.73401774804347,8.02316025350703,2.0
4.7169080288764675,0.882111155421029,0.0
-2.1991034431500704,0.03959892138914611,3.0
-8.499261726147386,-5.713798321002866,0.0
-4.477669463165855,3.9065827760983733,3.0
1.3938966427367028,-2.3457884524943706,3.0
5.001387648117571,5.409602913703242,2.0
0.3261269259760269,2.0831490278561127,0.0
-8.040545597559177,0.32218458759519386,2.0
7.890358919007436,-7.588186117665046,3.0
7.582603232471989,-4.551191006688741,0.0
-0.08158828348002345,7.607348905861848,0.0
-6.900078755281902,-2.477807806980179,1.0
-5.49641121007475,-4.494485715363488,1.0
0.3709488301616872,-2.9785472171119203,3.0
-0.6263137230735261,-7.865786002710864,1.0
-1.834254679543161,-5.384200770711072,1.0
8.984933493177817,-5.317375432059805,3.0
3.2237454222404693,-4.475970389357973,3.0
-1.0602615888148055,-2.005666371818986,2.0
-3.9666472374796946,2.1639378015593262,3.0
3.3235658996531736,-8.684711580540881,2.0
-5.8742611654907755,8.186943358380923,3.0
-9.467363221438351,9.683777986627046,3.0
4.0171142269526765,9.285795294688654,1.0
-4.9862051495180015,-3.6580270665138954,2.0
3.9742815825355553,-7.050967234806449,2.0
-1.8740649028398053,8.602549975136359,0.0
-2.3605745304453514,9.965579867287275,0.0
9.559372241711031,0.5462056735607916,1.0
-7.818256808537438,5.3864167274391335,3.0
-3.7176666501797744,-6.893133006741721,1.0
9.266210987755159,9.31774246264553,2.0
1.626550898219234,-9.296046600348093,2.0
5.247741460510202,-4.899749374148261,0.0
-5.731491854945315,-8.69917860281692,0.0
8.511355904573502,7.851632109526829,2.0
9.479818093622551,-2.6845357781506163,0.0
-2.0989012398791935,-0.9736377894155055,2.0
2.7911510558024073,-4.666346813467057,3.0
-2.002019054707569,-6.068808457399921,1.0
4.926252364516317,-9.3581261194889,2.0
-4.639827545949724,2.170712807135411,3.0
3.729426876249388,9.036200670028204,1.0
-3.5949429541197038,3.361398118267939,3.0
-9.196068442655257,-3.268982459529597,1.0
-1.5156417509686193,-4.6569629402927815,2.0
4.0940540257274005,-3.740599811671106,3.0
7.150460356826827,6.98037778713007,2.0
1.8277145988716086,2.4790602650768268,0.0
-7.00824190030116,-4.931270470422236,1.0
-4.629874297679077,4.11879584013607,3.0
6.569535782430705,7.110452502098511,2.0
6.537391729528981,-2.809118455376167,0.0
-4.217841330032471,8.06430796517698,0.0
-4.67554960878124,6.460782772661869,0.0
-7.497996818874646,-8.468480120113615,0.0
-8.852097343052689,6.725847994183983,3.0
-9.884585144007401,3.6365925924291567,2.0
-0.5821439791948144,3.1683713813356977,3.0
-7.977400142128075,-3.0210551790479894,1.0
6.960740600496482,5.654103299443985,2.0
0.5486613420437649,-6.266276801059833,2.0
2.517692853214598,6.170615353019308,1.0
-7.161767357240292,9.498480162782805,3.0
1.9538043288364797,6.246976826550373,1.0
-0.6285113605833459,-1.7434904544469987,2.0
9.532289435556514,1.7585982528964053,1.0
0.4563637747219289,-7.222393389141293,2.0
-6.146541427683648,4.444339058293767,2.0
8.876497660311522,2.6306202526913225,1.0
5.557756051367576,-5.923337901840218,3.0
1.6185344569221911,-8.976266078397977,2.0
-1.679995767705222,-1.8667481822880028,2.0
-9.52491365892443,4.765386900144033,2.0
3.921326473169648,3.6166215454615944,0.0
-3.2127905193127386,5.225565014569504,0.0
8.283416307958685,-3.849926404663715,0.0
9.245608366780104,-0.5571837646490447,0.0
-3.0394289000647756,-1.1814319141488827,2.0
5.49724725791182,-9.449161331449542,3.0
-1.10085225967776,2.255089164924904,3.0
3.771381250404797,5.497811211127928,1.0
0.7035315176268746,-0.4693350401658378,3.0
-5.938807231285555,2.8159250528226565,2.0
0.3387149537583696,0.932699090236941,0.0
-2.9412881456742284,-4.568423791432393,2.0
7.8469079664773815,5.078405202699955,2.0
6.743053188850947,-1.7183307452912011,0.0
-3.9606795916065085,8.995850398314783,0.0
4.353375205457816,-2.2237251984969735,3.0
0.7829755199269979,-7.807837641539919,2.0
-0.36290095828478286,-0.48982118742335423,2.0
8.813412524900336,-4.060306900849071,0.0
-7.150904458925849,3.6485879758067963,2.0
-0.04597985941685856,-6.739377108937141,1.0
0.31924518781844924,-6.702934192248142,2.0
7.827694733332702,6.771402110783832,2.0
-1.332981839253918,-6.399113311007403,1.0
-7.680983975204443,3.0533107165680526,2.0
-1.0712117338974263,1.7032815783151136,3.0
-5.9812070597858895,4.5520425306345995,2.0
-7.386911723160285,1.973056084714873,2.0
4.347646062114379,-4.626137339344318,3.0
-4.381906080257192,-9.13858203237753,1.0
-5.894415368849176,-2.33770189796558,1.0
-5.470319867598539,0.31822312771010175,2.0
-0.8340846552951753,6.713435408606493,0.0
6.580401462545275,1.8213385248306153,1.0
-8.985519538107994,-1.6589909582518843,1.0
6.679905746904037,7.974945232571873,2.0
-3.1543850842387684,6.010710628252319,0.0
-4.833830094291452,-2.4466200468762356,2.0
7.034441730464813,-2.694562310852488,0.0
1.5328899450022675,-6.973100791062179,2.0
-5.591617512020724,0.6659431955529236,2.0
-8.896474861761007,9.794267444394116,3.0
7.94093485969816,-3.9140729558266862,0.0
6.227994533313602,-2.9779575091716097,0.0
-9.336623725338352,2.93147496280325,2.0
-8.056976761443401,-9.453111981533453,0.0
0.8578436735382038,9.653194604182897,1.0
7.604252308622776,6.4615023813364445,2.0
-2.237586316195146,-0.6932934924542256,2.0
-2.6290868120201027,4.5440663072241865,3.0
-0.029961299653436413,-4.768654164075348,2.0
-8.110138943838685,7.87417250776171,3.0
7.76093481661221,9.729061053205086,2.0
-4.18430913890816,1.3491222893179788,3.0
-9.112004825369516,6.621069532351921,3.0
-4.346278808699189,3.5921672369957953,3.0
0.5552620634148617,3.5383718065886534,0.0
3.7477188005114126,-7.414600902833179,2.0
7.312637205690432,-9.880771449916384,3.0
-6.623162870984942,-4.308931204285855,1.0
0.7467987953265958,-5.153055558417076,2.0
-3.593151627198985,2.2097647522933315,3.0
5.260849622116812,7.707305950054636,2.0
1.3401343203847453,-1.0227522092099743,3.0
1.711921968876247,5.579972080066117,1.0
-4.02782569513162,2.69022550904554,3.0
-0.8848214841113222,4.449718374524759,3.0
7.903005743929672,2.591833228486264,1.0
-9.959488905524053,-6.254041620788415,0.0
1.2657053697173914,-4.072626378361688,3.0
8.11934612550775,-1.7589045978142543,0.0
-7.458933733323187,-1.5801488277128826,1.0
-6.250614535162436,3.5730108295581218,2.0
-5.856094734609405,-0.6973055627963163,1.0
9.313143813772275,9.443853200998873,2.0
2.6062995724458133,1.844267569020797,0.0
9.936775087422426,1.7280643121271346,1.0
-0.22112469029871207,-3.9807971770739448,2.0
-1.5142857587662721,-3.3751231045091012,2.0
2.6666181563810927,2.711410981231733,0.0
5.517779823774152,3.6691898335759774,1.0
-9.166020874741658,-4.22709375499813,1.0
-9.546706431427834,-8.712097633269815,0.0
9.133079914492185,9.951695205761144,2.0
-4.513449298964243,-4.980271447072968,2.0
1.2928097435192853,-1.5218351485578658,3.0
1.5378552916514732,-9.706457832092854,2.0
-7.643637262899697,3.8547567327265,2.0
3.6839783605612197,-7.4625376861762405,2.0
-4.518343753275826,3.485012891368008,3.0
6.982565685669055,-7.352405140495987,3.0
9.244262092689702,6.735043568138522,2.0
7.895807312747948,8.354829162058959,2.0
-1.5562675052600188,-8.502055311496532,1.0
9.014842464014038,-6.206137474211859,3.0
-8.045975473687548,9.064082244699673,3.0
5.28863129957718,-0.02729894677778333,0.0
-3.4073104848859774,2.1035952080655456,3.0
-4.310188390183001,4.665901716787477,3.0
7.184420046086466,7.51152558883058,2.0
1.3318896834073044,-9.01569367872673,2.0
-2.963815226624651,-6.593693461888286,1.0
-5.603287032796517,2.284734247134816,2.0
-0.46246790072008004,-1.1464996097793705,2.0
-2.8964752524348274,4.732162419680304,3.0
8.045242431633891,6.317106613086278,2.0
0.8285609001166279,9.392074024297152,1.0
6.821823801878882,2.6015349989489778,1.0
1.5538274374206082,7.353557559993654,1.0
9.496102342941189,-7.559055107061594,3.0
-3.327024748215896,-3.240209455984213,2.0
3.438721019832551,-4.729777378645896,3.0
9.201812661860181,0.12606215958206235,1.0
5.877077471307601,8.680323946204737,2.0
-2.811958025993797,7.908124090217655,0.0
2.2598517125769373,6.920299378575784,1.0
-3.455268203445949,2.636701558128191,3.0
-3.3069298307268236,7.392254729611821,0.0
-9.252681967410881,-7.639702520516907,0.0
-8.968314067157987,9.131509405681726,3.0
3.612739284723993,4.69763448404054,0.0
8.832552440120473,-0.5755899674554357,0.0
-6.444268698083895,-3.340695830466302,1.0
-8.405192731452916,7.704948713241286,3.0
6.952396313111269,-9.82868688078173,3.0
2.3427286386006188,8.521319423528166,1.0
-6.194248896338901,9.513465484137448,3.0
-2.715888234857955,-0.8473036371074176,2.0
-8.426337609398722,7.909934542455698,3.0
-4.144531828663062,7.693282745424781,0.0
-9.323997308724989,-5.303271619987622,0.0
8.88765869953598,-4.853834753479303,0.0
-1.923917257232823,7.655389522666852,0.0
-6.63287064341934,0.0010910618127457639,2.0
-1.3052872326247016,3.752235732307847,3.0
5.077676399423581,4.411290340546188,1.0
-4.322013816438139,-7.504498102370103,1.0
9.977703736004415,7.268698775666703,2.0
0.8826668697097979,7.636644166432827,1.0
9.813620448654667,2.6895131812809154,1.0
7.462315896292207,-7.364128802483812,3.0
-7.477066537261068,4.549269388319013,2.0
-4.291679909061177,-9.328489999816627,1.0
8.488885332327744,-2.4350561942403477,0.0
-0.2515434923536439,4.591698132456042,3.0
-7.9941250766756,6.739142090369324,3.0
-5.235551267156455,1.829748870100543,2.0
7.8612804368110965,0.31984073255409307,1.0
9.117420955917826,-5.482189291754671,3.0
-8.55005039300248,4.7058321634236755,2.0
-6.631363126306507,9.544061731120422,3.0
6.088143045254299,-3.0228363719787055,0.0
-2.37198809276276,-3.1682409058304444,2.0
-5.910138174002073,-0.544629208635854,1.0
9.737389653243127,5.366891344580678,2.0
1.7232878037013002,2.0897485312690485,0.0
-3.6435263328570233,-7.390912820687037,1.0
2.83786272993785,2.277309238163106,0.0
-4.438124275475365,-5.9811169148492045,1.0
7.114530078088471,-0.5462082027045074,0.0
-7.690422004054609,-2.7122426692977815,1.0
-9.873027683033918,5.632440394064123,3.0
9.542039338495197,-9.556084362057977,3.0
4.221649599512375,-3.9223861848854273,3.0
1.7839724831495687,-8.416872339258498,2.0
9.351578662607906,8.64055532494643,2.0
-7.1417591607063,-2.5703405871483493,1.0
2.508940295949012,3.5755587605834585,0.0
9.854001300195627,1.1652238680154916,1.0
-4.952462286002373,-6.930565832283935,1.0
8.736667127795972,4.564882832854112,1.0
6.185245059360888,7.28560578808759,2.0
-5.127237631691286,-7.538959346548582,0.0
6.96953586394412,6.566933531793026,2.0
9.619270149991998,-4.299867873305738,0.0
-8.162346552976379,7.202229302477502,3.0
-1.7974484906036796,-9.690284601484969,1.0
5.94470504352925,-0.19324529943600943,0.0
1.8464684765587727,6.589894844764402,1.0
9.332090894100833,1.6693809960359474,1.0
-1.5579153764641145,7.819012106635441,0.0
-7.72244610095343,-1.4025219823823036,1.0
3.0391893998686896,1.7404473151244808,0.0
-9.774077605719997,5.164441924443446,3.0
-3.9200655412771956,-9.130692864729507,1.0
-4.242260125055219,-1.9035928591848066,2.0
1.8757353503674814,5.149347195952391,1.0
-1.9840443175284364,-5.725391837997718,1.0
6.516675214410668,0.25728732970015145,1.0
6.97556902927456,-9.865567887088122,3.0
-2.5380279521219817,-0.8512261994727268,2.0
-3.0331670754234867,-2.280756409747646,2.0
-0.11551170384387532,9.719535289930324,0.0
-0.4572087114272705,-4.615502371161706,2.0
2.10862912553214,-1.6082309109284978,3.0
-5.594212525518058,-8.339968507054596,0.0
-7.962391901695886,-1.6731789818970189,1.0
9.93837304285972,-2.492418020322697,0.0
-0.9285671272614877,0.6860144475059542,3.0
-0.401614547766977,-9.828150196094949,1.0
-9.570175730925046,-0.46257134211322715,1.0
3.6984071908495846,-7.465794192309536,2.0
-7.534799975754691,7.2034354204298054,3.0
2.7618941822655447,-6.550088597730834,2.0
-1.3892270469397499,-1.171171079720816,2.0
-8.030802376227502,-9.49666565498874,0.0
-2.473571918419461,3.835988248851965,3.0
7.180809636227604,1.4472007884109814,1.0
-6.5644367282156075,0.846718812230316,2.0
-3.003275786798314,7.698144578227115,0.0
1.520895494803625,-1.4074194286221875,3.0
-3.871749994159037,3.153771719647718,3.0
-5.86110571254731,-7.825275378037131,0.0
-4.913609411151699,-2.215272606961123,2.0
-2.010690928533405,-1.4973157455588009,2.0
8.190501009437824,9.491611617506187,2.0
-5.375001836606035,-3.210016293932547,1.0
-7.814370552435244,-9.761105490925368,0.0
-0.08004214893973938,-4.431776214564154,2.0
6.404413240353989,4.442027836720214,1.0
-7.152892351435732,3.34629266796939,2.0
-2.7214274028836583,-7.69212573418538,1.0
7.229272274502819,-4.403582835918369,0.0
-6.210404625367884,4.414774027101236,2.0
8.874494715041568,-6.3818520941291235,3.0
8.582030679442624,-7.127482588190754,3.0
-4.265616618638424,2.692720202797233,3.0
-5.1459516757987505,-5.811150791113702,0.0
-2.065062334837404,4.720538039071851,3.0
7.582790056941487,-8.195219737418007,3.0
-5.609311157630725,-5.7390696572426725,0.0
-9.111484619809865,-8.254365845841978,0.0
5.189515237975311,-2.6454691683889457,0.0
-6.997595523832196,-8.79140852544878,0.0
7.463719860315951,-4.124525399387848,0.0
-2.0787495556622755,-5.068360709183981,1.0
-8.588304365968565,6.479955341246438,3.0
8.151832229061078,-2.9299500910358756,0.0
-1.3541094523162744,-6.205614163156621,1.0
4.315412892088855,-4.249173390023103,3.0
8.91298053598404,4.773824783254259,1.0
-1.6492586017123543,6.380984727215676,0.0
7.092303129196658,9.744748410513285,2.0
7.999306688631204,-9.96055657717817,3.0
-8.369911881188985,-6.5917259231099194,0.0
-3.8947945082039226,-6.401375276793669,1.0
-8.146107717559252,9.538921483718731,3.0
-4.51777690958846,9.479193185091749,0.0
-9.63432424502992,-1.5086140347225108,1.0
5.782729280288251,2.829004485515581,1.0
8.709044440655603,-9.456004970678478,3.0
-3.9387063802255096,-4.612589991309742,2.0
9.23393033635654,4.388735894913294,1.0
-2.4597193571260823,9.05387933550412,0.0
6.110383784196696,-0.8454038001142887,0.0
-5.8903435967203555,0.40747967877281965,2.0
7.809405549339047,-4.3313078229162505,0.0
6.463097057722656,4.692952711481496,1.0
5.341103570940023,4.073233246260461,1.0
1.5507479436288314,2.9004954853571405,0.0
1.0778732747371933,-0.2999704208281351,3.0
0.038493550982304114,-5.798689900335658,2.0
4.517649155265783,8.80704441677721,1.0
-3.312867235779329,-0.48551713886959647,2.0
6.526602081734765,2.851311205418156,1.0
1.352105060387963,5.51980193324151,1.0
-4.107677131134986,4.142745794407761,3.0
-1.7690138182665223,-9.69745857714323,1.0
2.4472371182466226,-7.245405315036448,2.0
1.0489322647964165,-3.5730842506013456,3.0
0.16104624673282508,0.2274103964689438,0.0
-9.526333335377357,9.238156821723589,3.0
-8.529188739768149,-2.6031301371301367,1.0
-3.3877937611869546,-6.026370557928349,1.0
-8.5792221178746,-2.0395945029821654,1.0
2.9737145624631225,-4.708016228870333,3.0
2.759270092808814,-5.812718806289457,2.0
9.467805461823168,-6.532154174515381,3.0
-7.084042679426206,7.028436439583011,3.0
-4.16340797785373,-9.067547142241576,1.0
-2.285856343825956,7.833254787757323,0.0
-4.391246731949286,-8.96457343961785,1.0
-0.4027751228701142,3.469606189270669,3.0
7.868327540325396,-1.1560587107534648,0.0
0.5646937857169139,2.1845870694629177,0.0
0.8148262002278468,9.05216421342994,1.0
2.464320719314186,-9.039563391699637,2.0
0.8706436926989021,5.714073168761466,1.0
-2.998927956460662,-0.773732303728103,2.0
8.245456208868596,-8.72604930390305,3.0
-3.473731111403156,1.19333535801686,3.0
-4.9673038035467805,8.552684147305676,0.0
-7.584888760606761,1.198722403402165,2.0
-9.96341724966167,-0.39528319878519014,1.0
9.33589835674681,-4.704050090059553,0.0
7.190429602313188,-3.573282714689956,0.0
-9.211311554365146,7.745486321263797,3.0
1.8680533314998478,1.2371286848735448,0.0
3.6274606884322544,-7.038113038104958,2.0
-1.9794230368002115,7.922768301660433,0.0
-0.8660164710365059,0.9998317631735905,3.0
-9.490533867743983,-6.514798032494353,0.0
-2.6641672320784444,-0.6046643993912753,2.0
8.259179868058688,9.3193022307631,2.0
-5.428571437092877,-3.019032063282654,1.0
-3.2612539582342563,-8.123878083581381,1.0
-6.7125577110121615,-9.293376479826849,0.0
5.505432815726774,2.6812377639846474,1.0
2.6807698227758348,-1.8782106358495128,3.0
6.218408100910004,0.37295209029664633,1.0
-2.9852315130748046,-0.18576800985786512,2.0
-7.107941464977237,-0.3043846310379035,1.0
7.941093538029605,-6.090334516445097,3.0
-7.311614388206047,1.7924247830212323,2.0
7.324190319117356,-8.749771537255185,3.0
-4.3274777527453745,8.462990730185648,0.0
-2.724463704322167,-2.0142874248006715,2.0
-8.506920860262808,-6.796454772208749,0.0
5.000308177938646,8.629182474097846,2.0
-6.409111222581707,-9.917409947737173,0.0
-8.077068503863561,3.5533580910430285,2.0
2.0149952732499425,4.5888825566692475,0.0
2.0125330964584425,-4.229048626710159,3.0
4.929511248044012,-5.595142128527382,2.0
-9.96114259345531,-3.4182860463382436,1.0
4.041962248528117,1.2293191244084074,0.0
4.238242937331933,-1.9292736236374903,3.0
4.713556747458226,9.684924600171328,1.0
9.08622344582875,-5.565879727501965,3.0
-6.510181468767908,8.23567903198823,3.0
-4.535607514391691,-4.137531935676195,2.0
4.063247006556669,-5.299775962105519,2.0
7.051376244875481,-5.405831115458611,3.0
1.6399781262338777,-5.681626388603574,2.0
0.45911359851835876,-2.5812192169419967,3.0
2.286128003931193,0.7159257985666674,0.0
9.295401861551564,8.474357005712388,2.0
-1.4004480761152074,0.6985765633061867,3.0
-7.770936047142225,1.8030038103222612,2.0
5.991965017393392,-5.478314292911978,3.0
5.585163942192683,6.577562928396667,2.0
-9.524855602285381,-1.272006074551058,1.0
-0.6119551254398115,4.394843474899872,3.0
4.801043525769549,7.6741132651848645,1.0
3.034919775567385,-6.496917583242712,2.0
7.336473203449195,6.392112977184606,2.0
-7.253989909797525,-7.271376282362747,0.0
-8.320078554678698,-5.896591808115954,0.0
-4.084669759041136,-2.3181692286964273,2.0
-3.4234258404998315,6.015809793417517,0.0
-7.55223683949235,-5.986929481949987,0.0
-5.949239125022512,-4.073437754043794,1.0
9.916856846786345,-4.051194792776527,0.0
9.19157619172476,-1.743334231808193,0.0
8.625479069835492,-8.895355010176583,3.0
-6.324827979496705,-2.2924813329601745,1.0
5.927403584432152,3.418131261609048,1.0
-0.02752640431400266,3.936428264755868,3.0
1.440022892170914,-4.883432349959351,3.0
-8.626435641545287,-9.876262299246823,0.0
-8.363236604495402,-2.9220364613276466,1.0
3.38047861691258,8.07607480578238,1.0
6.4487656554853885,6.721178519773577,2.0
-2.5688520991565245,-2.461447213235221,2.0
1.950625016609946,1.2071192941523599,0.0
8.11617037371774,2.1400816464775456,1.0
-8.783988833380604,-0.26306413790251426,1.0
9.588507276621772,3.3291437811488667,1.0
-9.081512385072086,0.7505376953931364,2.0
-8.179373738656817,3.064225049546515,2.0
-8.4425159379048,3.8527375085870634,2.0
0.5772163333400719,7.223242961727433,1.0
-1.0258780493172281,-0.9097428012292834,2.0
4.18546064744228,-5.753951057032083,2.0
-1.3349972083951656,8.88782805398887,0.0
-1.9063342647225525,9.613843759436236,0.0
7.771310528708174,4.789624793994804,1.0
8.45377433221347,-7.196475493577779,3.0
7.6061472005906055,-5.259310621601385,3.0
7.2311623971262975,-0.6168229631734263,0.0
-5.509645364817867,3.1204598632473726,2.0
-1.8149750602368009,-5.248924891295735,1.0
-8.571179809251376,-0.6123750253255711,1.0
-0.17824624783053622,-7.5044314763691595,1.0
8.741410368592334,4.412168856751739,1.0
-3.600109160051586,-2.688417700185486,2.0
5.5823420461065325,7.319189628957112,2.0
2.7453901737818533,5.70262282980088,1.0
-9.077143525594217,3.2166689390075973,2.0
5.4589671690482415,-1.808726303679535,0.0
4.899887438922079,3.822377139999597,0.0
1.4449455311670327,-5.302365628878444,2.0
2.6963544976928677,8.390022158621257,1.0
-2.6574278162924987,-4.727002243582361,2.0
8.119410312385376,8.786882567779056,2.0
-8.311318748313418,2.8332051789489583,2.0
-3.3120771335221217,3.9031481297528696,3.0
-1.5395341067054673,9.364418374225082,0.0
9.350144689381299,9.903616063614457,2.0
1.8840424955558497,-0.8606948816006579,3.0
-3.0570189481783894,5.5716626440578025,0.0
-2.256039431460735,3.7022167824810293,3.0
8.21342403344859,6.965572260031504,2.0
-7.130770087714886,1.6391660812226654,2.0
-0.19711119023048518,2.5753413919804107,3.0
2.5249786387925166,1.0029899793613453,0.0
-6.319598228046088,7.561097748690003,3.0
-2.047075888595824,-4.323504419883997,2.0
1.7214499068443168,-0.9929748039851525,3.0
3.0285650218413718,-7.9780231213276,2.0
-0.37425366389257064,7.587227796554956,0.0
7.565259928197264,-9.757619550502493,3.0
8.178260678672192,-9.747123739814754,3.0
8.502394698469985,5.360663512711595,2.0
-7.9653762774443715,9.68331631796875,3.0
7.527312068180574,0.5053081251379901,1.0
-1.5122093150094145,-8.739957397895019,1.0
-3.350358264643816,4.778741880181421,3.0
-3.702390172366215,-7.4333495794266025,1.0
-2.0588627102058226,-3.6421808904908453,2.0
4.936828399847,-1.9069280729819482,3.0
-8.715741388324368,2.2741790435237874,2.0
1.466584209865335,-5.923809157779589,2.0
7.901185532551221,8.519947962772438,2.0
-6.866676448776266,-1.2606697738593517,1.0
-5.465933967811793,-5.783551128646964,0.0
-7.3605537849406115,-7.138142054415697,0.0
5.800183224192164,-9.000669618642354,3.0
7.109384998139451,-8.60052692752254,3.0
5.288650725641272,-9.957394828889655,3.0
-9.15253018041836,5.869624159071707,3.0
8.231170132341884,-9.295206367557064,3.0
-8.173633837398494,6.98766538897522,3.0
4.927128447965769,2.3605563108480396,0.0
8.647223393646339,0.813484302574297,1.0
-6.29763353370296,-8.681349352253529,0.0
6.323558775669792,-1.0798967986574937,0.0
0.29995392704329227,-8.408384527332162,2.0
-1.7597194070343232,-0.5731632788601431,2.0
-2.370010515349758,5.036498701872121,0.0
4.5439273836270395,3.6133866743590044,0.0
-2.419155428899032,0.7487384458513375,3.0
-6.432485610419548,8.166493441772161,3.0
7.4987697306338,-1.1639407123232424,0.0
9.529030171597284,6.770692367884365,2.0
-3.691783975176131,2.6294202599097574,3.0
-7.045045961061078,7.415443583716147,3.0
-3.227757635396329,8.69391258646878,0.0
-8.236756085845617,3.8518376330483406,2.0
4.292165033457781,-2.3508469917297763,3.0
-9.615223456366346,-2.9283475620873194,1.0
-0.0463607819912113,-9.254492354218637,1.0
-3.17037605085575,6.002562749608259,0.0
-2.7620155491798997,-7.33929020924502,1.0
0.9559562979940122,6.219054763106829,1.0
6.143973249836108,3.381501906220592,1.0
7.757159336252094,8.516465990142947,2.0
0.532527837299801,-0.7096551563762432,3.0
-6.490837084616103,7.904988228766474,3.0
7.27233947173978,7.800168924868633,2.0
5.99304109697912,-1.5687750669697849,0.0
-6.505808904903012,-3.1440664380406647,1.0
-2.223436884798047,-1.7049876683145975,2.0
8.80706872563984,5.218046124206655,2.0
-1.2259020594205658,-1.0626900826652133,2.0
-8.921537509373481,0.08804039420142473,2.0
-6.581715415641254,-5.68410146399758,0.0
9.653761933012255,2.8220623737024937,1.0
-3.6551501570881335,9.983057594351695,0.0
-1.283668961688587,3.7036715720424205,3.0
0.15983967981690483,-1.6233312164689462,3.0
-8.526736163249168,8.968208681064084,3.0
-1.836854276330481,-0.8732918482470549,2.0
6.998891313406073,2.616076192495191,1.0
3.7480023873475368,3.1876165760759516,0.0
1.9048232479030318,8.45129077959928,1.0
4.2946701721200355,-0.08119424425527555,3.0
5.074655851829611,8.250794098405635,2.0
4.618457681831137,-8.188368438233999,2.0
2.4292367464580664,3.249391237348833,0.0
-1.53056233675224,-6.986354733695926,1.0
2.7659086843108263,0.14410991557670982,0.0
4.854549037231459,5.885860433503698,1.0
-4.498025143598268,-8.390257355902126,1.0
-3.564883986820364,-0.8153562619606731,2.0
8.971573400532414,-7.0735649972736825,3.0
4.240974756253159,2.751253857559991,0.0
7.731992503636921,4.019752646125212,1.0
9.90952534073412,9.325418065958356,2.0
0.45444278493047285,7.384949703993808,1.0
3.114350220710083,-3.3651591608732527,3.0
-3.9521006809735333,9.240633533778997,0.0
9.705351639127151,-0.7807443093652928,0.0
-3.876714101823291,3.560388812319239,3.0
7.7161814144598715,4.698216978677976,1.0
-8.567424835844017,3.448604990140689,2.0
-5.877668374240638,5.013616780340307,3.0
3.3654715625813676,1.7250045176088484,0.0
3.349495786535323,-4.394813654286745,3.0
7.7605265985913405,5.11942117196163,2.0
1.4415140538319946,9.058700574176992,1.0
-7.942797578281318,-7.431247200163719,0.0
8.682341896722392,-1.0310987563915077,0.0
-7.639969746144861,9.686716897537234,3.0
6.032237649356574,-1.0892900005025279,0.0
6.629060496331228,0.7603717749553933,1.0
1.6791822411989727,3.0487459595528783,0.0
-4.050920811217528,0.6481099806484103,3.0
-7.429596731507033,1.7113630132909243,2.0
-5.383681609917814,-5.316864907211309,0.0
0.17023349641931063,7.827365232797057,1.0
-3.9781979582921467,-3.586437065303823,2.0
-3.6717604340573846,3.7159622038009807,3.0
5.404726452351856,-6.6787997959615435,3.0
5.255453830701509,-6.813916747583317,3.0
5.460335428273044,8.963827556257819,2.0
-3.93018211721394,5.723892756895019,0.0
3.5499196919772125,-9.030476496627776,2.0
-8.534996506672538,7.982016774013914,3.0
-7.077741352476714,5.295056247816653,3.0
0.1277470050467855,-5.460986269965058,2.0
7.394173386625734,3.8043334207917052,1.0
3.89664307716229,8.703815554674556,1.0
-4.103632347338991,6.57331072611597,0.0
6.749750373983353,5.491751003689124,2.0
-1.3467970255271933,-9.773612158573536,1.0
6.684443345625613,-1.7094015010662922,0.0
6.303622403971016,3.6789197927031907,1.0
-0.8906430255947555,-5.270852175896826,1.0
7.527129833729038,-6.859883394264803,3.0
-7.681956192204895,1.3261259982745432,2.0
-2.8941254608429468,7.807545213273425,0.0
4.902778551596235,1.9148067012305692,0.0
-1.800096516377538,-0.5264298186694063,2.0
0.141642482265107,2.2994564824281305,0.0
1.6273541042850255,-5.342534272741379,2.0
1.286607873606389,8.69782336656526,1.0
-1.5758925830709547,0.5424687796961472,3.0
5.905422121424461,-6.997876959718612,3.0
-3.7896981034536115,2.097348592965737,3.0
-4.883221756806783,6.393777472029484,0.0
3.098435626411005,-8.758437760515962,2.0
-9.150748472435648,0.8819798651097681,2.0
7.07583792754248,7.942898168791771,2.0
4.61499569723204,5.450497052142948,1.0
8.35236500023846,1.1971446315804375,1.0
-1.955959411494586,0.32441466656734796,3.0
-1.185289901827213,4.772062118224111,3.0
2.3331571066506402,-4.94324569078834,3.0
5.0018174686378565,-4.686663891737492,0.0
-7.462692154708758,4.648620346456964,2.0
-4.256075093741661,1.7205102574785602,3.0
6.01596190155372,-5.025605651147764,3.0
0.7038050479033569,2.5463957808884743,0.0
7.225054552389537,-7.934373608947373,3.0
5.052884618404686,5.573062989321185,2.0
-9.285713806118633,-9.16642812092933,0.0
5.1305585608357624,8.597127175082257,2.0
1.7041359383786876,-2.850838957280737,3.0
-5.383257729493405,1.1392047140885495,2.0
2.892412895046082,-9.352259739606614,2.0
9.932984436918723,7.803161080770693,2.0
-8.351998958261696,-9.894813329542453,0.0
7.900395163141393,-5.712692232666172,3.0
5.977808321755351,-4.828188072763235,0.0
-0.2640430403787697,0.8590916847104175,3.0
2.3265237833815426,-2.908052894698498,3.0
-1.621192719166249,5.029643972764637,0.0
-0.9417907057483212,3.3076997396618246,3.0
1.3882206747144448,3.8265708243045715,0.0
6.618195717098953,-0.9645711391551082,0.0
2.08392768432784,-9.314866449515202,2.0
-6.740645075718104,-2.7352501675418273,1.0
8.832266256616506,6.72341141064382,2.0
6.365901121921489,8.12140935791603,2.0
-4.214535712526379,1.2811601646632909,3.0
6.078274947537533,7.572715677369889,2.0
-8.305476020573408,0.6383747177017796,2.0
-4.01981651896908,0.6322499217527859,3.0
-1.9950668012973694,-2.341793596388415,2.0
7.307851759807079,5.748459133064415,2.0
0.7145127406682743,5.911550865847815,1.0
3.6847157135591537,-1.2813521320503583,3.0
-3.7350936152426595,-3.633727327378738,2.0
-8.088512657813467,6.155365031042443,3.0
-0.13363563538400314,-8.467180161615932,1.0
-7.027980270155883,2.5038617476056597,2.0
6.439707099031914,-2.5046219261043223,0.0
7.216508727504802,2.718236161443757,1.0
-4.512514869813382,-7.884045158270587,1.0
-7.097952092117832,-2.821676394074972,1.0
-1.0751184435592762,-6.472860077583292,1.0
7.668313915900534,-7.222206568275462,3.0
4.862775517174647,-5.2888796376510205,2.0
3.823850316651047,-2.2351036335466867,3.0
-9.211967100387668,0.06268384548560135,2.0
9.93080978049036,-3.6827183257325835,0.0
-9.380382881677825,-0.2022467340519789,1.0
8.255761325216174,-1.9399470331586244,0.0
9.051430531538582,-5.1272753511521,3.0
-8.931878044147961,-9.668564700967988,0.0
-9.19685192630065,-2.5031827462312712,1.0
-3.54859975057882,-2.541099327087826,2.0
4.072058066325875,3.979679488172991,0.0
-3.7128129176413838,-0.15043038343067394,2.0
-9.932881267853988,3.264310895338758,2.0
-2.3542313654843117,0.6935628297049945,3.0
1.8116190444610147,-8.81188771182627,2.0
9.94236918554996,-4.930821767969067,0.0
-3.9594981825882485,6.945472327126701,0.0
-1.1506531677854568,-2.0610539201492024,2.0
-9.270382712520963,0.7108747582193296,2.0
-9.835001592312464,6.78682633361057,3.0
6.923958222848775,0.7839367947982332,1.0
8.04550877142631,1.491759163411233,1.0
-7.553783555680278,2.88660802277011,2.0
-1.7740250258623824,5.56175185253748,0.0
3.4796690065071303,4.572961369380797,0.0
-1.3878534869601378,7.085050698663274,0.0
9.506850284739123,6.758722693604724,2.0
-2.912354450866907,7.298130107417428,0.0
-2.8708722796083723,1.7801138609727722,3.0
3.636827186307743,2.644582416935844,0.0
-9.823845282089215,-0.03942992870740625,1.0
0.1244189751813991,1.391832895735778,0.0
-3.8450172184387537,6.243897847192748,0.0
-3.5555659204259555,-3.622369843760982,2.0
3.5604499502314457,4.782417444953788,0.0
-3.3227702765401457,1.6748284025177433,3.0
-4.516693920838664,6.511405823492602,0.0
9.458571599448021,-1.4735975483926307,0.0
8.290549463675514,9.2120998098695,2.0
7.559484183744072,-7.490485891241477,3.0
-9.222619205318853,-8.067223806943712,0.0
-0.6726667621328968,-9.44803874876201,1.0
-6.104944279828562,-7.281875607486732,0.0
-9.675594899984272,-1.4886398073952538,1.0
-8.309009615328177,5.40441801054069,3.0
-9.5792762669601,7.007471740751662,3.0
-9.689294278093147,-5.3964840424922444,0.0
4.05138574162674,-4.803308538904901,3.0
-6.238111600318361,7.075301725138704,3.0
6.584735717029979,8.012140328623058,2.0
6.837834937054325,7.462945472888038,2.0
5.175667945387829,4.693174212855613,1.0
8.309883377758524,8.757215803734756,2.0
2.546376026357372,5.745213909347392,1.0
8.387834489026371,-2.802846728858597,0.0
-4.4005848186906675,8.387995783361568,0.0
1.5810482593712134,9.680841383808453,1.0
4.525879908550126,-6.472456965082101,2.0
-6.0967681265710105,-5.030051805303916,0.0
7.006231784416887,5.979824592467892,2.0
3.1569722778661244,-4.571380329512333,3.0
-9.678343360856175,-4.388227094248045,1.0
-0.6077459426122118,-4.565825296747366,2.0
-8.084554182364823,-5.198333009371288,0.0
-4.941273667356509,5.964705427391124,0.0
-6.883352346867236,5.499754327516676,3.0
-9.695586464847821,-3.8895428245064156,1.0
5.530880829504374,-6.877562910859762,3.0
-5.331408454311193,0.9574831429186297,2.0
-6.193970960536889,-5.697902173186808,0.0
0.20981584173343037,9.713702564495009,1.0
0.027125454281694772,6.261651461026936,1.0
3.177959915757267,5.106872852743493,1.0
5.651451017170855,-5.093366421869354,3.0
0.24930919936737617,-9.50880415402712,2.0
-0.6412215829817463,-0.24557089535619347,2.0
7.334762419333927,9.052888182422084,2.0
3.979668089515947,6.6277590649896325,1.0
2.9259841636307993,6.914734558750389,1.0
-9.21505048552187,3.062859172952461,2.0
6.4302921541701075,0.8398962174387776,1.0
-5.207460172264639,-8.541686441288343,0.0
-8.861521825176355,-8.173897470219808,0.0
-6.954080584145537,-2.8847132124178376,1.0
-1.2490912926838398,-9.62073538557169,1.0
-4.031194035119019,9.782247639515461,0.0
-3.9008207325535516,-7.908957324879548,1.0
-5.11885551673267,-4.545382597916612,1.0
-1.3211037205065157,1.2371022845694828,3.0
-1.2819032495962013,9.069140185907603,0.0
-8.660123286726535,5.217691277624446,3.0
8.569279480430854,-4.04750463561186,0.0
4.760320563002534,6.4245118461779285,1.0
5.528515920899649,-1.3994302072461196,0.0
8.811515919833724,-1.745005280399205,0.0
0.1781529582324115,8.490795483073072,1.0
5.773049804262291,-1.260103172305163,0.0
-1.2620534405492219,-6.392759501283689,1.0
2.4675626875815055,1.0589978592868192,0.0
-3.044153690670461,0.13887961006055782,3.0
9.487957867029088,7.961104259156791,2.0
4.88689280799052,-2.0462038568534986,3.0
-3.222306317410821,-2.3694277682483893,2.0
0.40983772134014274,6.691120439916954,1.0
-1.1169012913176743,-3.075622570347887,2.0
5.198108630272223,-2.9618436579138514,0.0
-9.277261111216575,0.9210818654468351,2.0
1.915806891807561,9.717230386769224,1.0
-9.049243373880822,-6.812656614562069,0.0
4.733082253133292,5.8759614812537,1.0
1.3336156363089202,-1.2311140597104302,3.0
1.2025777899313912,9.539722260710082,1.0
-0.9637010657720086,8.624647896571474,0.0
-7.72981794065926,7.80942140520477,3.0
-7.977172151540923,-0.7725556156750919,1.0
8.079869223221301,0.40381512100094064,1.0
5.834342807752639,7.146440655065547,2.0
-5.541595460077014,6.762234326774617,3.0
-0.34257662611494055,-9.869529496974383,1.0
-5.667978912816003,6.1902670597968665,3.0
2.6185680699216896,0.45043132277882414,0.0
-3.5630083583568295,2.664776391637563,3.0
-4.120253370492848,-8.247474347817697,1.0
6.527130472383952,-2.328277615262464,0.0
5.67136347504092,1.6581977831806327,1.0
3.5357012149694373,-8.401985795331548,2.0
1.0512014683454414,1.4620617769597803,0.0
4.669965189207305,7.706894986282581,1.0
-1.7307975528554707,1.8103869052153687,3.0
-4.4245494102299965,-7.11680614938651,1.0
1.1424734076283407,6.9320065156864175,1.0
6.642883199366164,0.28641829539365915,1.0
-6.552646033300733,9.912438323531049,3.0
7.447667895035867,8.5656742890753,2.0
7.8601463165215115,4.462457479468554,1.0
2.98684617218165,4.212594868798426,0.0
-3.1214146682556283,6.831153583647083,0.0
7.5220500916829245,-3.9610472336464415,0.0
9.6274892020298,-3.4857600680190037,0.0
-3.7817032700399844,-9.741978602728903,1.0
-0.9880314877842533,1.1002830988778811,3.0
-4.026503364255706,-8.419484572922178,1.0
9.335817449931426,3.8025966347126037,1.0
-9.987232954783181,2.0711495425760074,2.0
2.7975113049349503,2.5884850916201163,0.0
6.504464858968181,-6.126042215977763,3.0
-1.7493884436998481,4.503942584795901,3.0
4.539581842633725,-3.69620152258344,3.0
-7.865343851579145,7.441652218854916,3.0
-6.034798509142112,5.955941379014359,3.0
-1.0660330523005435,-2.3432244079795383,2.0
-9.670897025336023,-5.634194385290865,0.0
-9.643371596272925,3.6890973355612076,2.0
-7.283617828036599,7.042443591278374,3.0
6.60369620351722,-6.867862019559777,3.0
1.8320664179040929,-4.653538463301814,3.0
-5.879637011728791,1.7319029985657473,2.0
4.715698835119559,6.027467487141706,1.0
-9.161675768051145,-6.442190854321385,0.0
7.81177695171662,-4.305848995895691,0.0
2.1945486531892993,9.826848763556853,1.0
-6.2319105325259745,-5.925130294313002,0.0
-5.459240554696507,2.550992487225594,2.0
8.93979954573027,4.270656813855407,1.0
-7.912836836355835,9.320291911036616,3.0
2.3240204966167273,-2.8374139451666336,3.0
-3.5872098494391302,8.722278697763034,0.0
7.830013409282671,-7.34383755539334,3.0
1.275382429490186,-3.9794853270546904,3.0
3.7832817807794257,-8.954780705787542,2.0
7.653980316977279,0.027097886027529938,1.0
6.745064562216207,-7.417029158186191,3.0
-7.699775941324489,-0.23544073753833494,1.0
2.616839636441906,-7.603808121158244,2.0
-2.677982544088282,6.771532359386924,0.0
2.028365447264944,7.573804052316696,1.0
-7.432217219584912,-7.199138138755103,0.0
8.932339869456392,6.236214119329887,2.0
-7.615084101519891,5.154293308089059,3.0
6.2133033045132215,-8.254168807514986,3.0
-8.182529267205975,-3.2369725888207324,1.0
6.783938947002323,-9.450506634126006,3.0
8.34391781656183,3.39250217882007,1.0
-4.099504893516944,-5.214419130564738,1.0
-2.8915153410880894,0.048700963014674414,3.0
-6.054833915839499,-5.043619219244317,0.0
-6.608802118698165,-6.557210975347361,0.0
7.292533302498821,4.6896509262776895,1.0
-0.9178926283077296,-4.620002884015868,2.0
-6.811413053151698,1.523444587389811,2.0
-3.145272592652768,6.733462894210405,0.0
6.138842016753937,8.429725514624188,2.0
-9.172448095029617,2.034857230255078,2.0
-7.111505265960374,-1.4690196210470337,1.0
7.106136593342754,-4.476352183263527,0.0
-4.871887785862992,7.74342423111111,0.0
9.193724338518976,-4.748125398021175,0.0
3.4865929791562973,9.12731050811962,1.0
8.602652971744728,-1.0090691600965727,0.0
9.33914769431707,1.9084092982892624,1.0
-2.2712014064556785,2.520301048372291,3.0
-0.7479571703935033,7.185571869306969,0.0
-4.6535595029007615,-1.8272240644745388,2.0
-3.3972198549621124,-9.198488103998441,1.0
-1.6505013197718057,-5.839501839600391,1.0
9.345464838392811,5.781919068065628,2.0
2.8396228926421827,-4.908808395663513,3.0
-7.834379410964328,2.750664927682255,2.0
5.6658154761587305,-4.503818162925639,0.0
-8.809855958032012,1.2812272566909257,2.0
-2.0785709513567907,8.04454590101503,0.0
4.070736300837886,2.135091667185078,0.0
-2.7064809186432015,-3.937485134917484,2.0
-5.231976884834417,8.611343769062017,3.0
-9.37635766270027,-3.3454561066001194,1.0
5.600727208577105,9.338827490238181,2.0
2.1110543605433847,4.968178709284256,0.0
-2.9396272465471434,-4.712286909593666,2.0
-3.159433299675893,8.364174295340018,0.0
2.593718871801272,1.8022660388402763,0.0
5.443738584385898,2.8103124907860533,1.0
7.627802528149129,-9.980585436936343,3.0
-0.9617174530932466,-2.602809774142754,2.0
5.209849758585602,-6.5761588080138855,3.0
7.885730695138324,-9.95065141126343,3.0
9.918213042403398,-7.6550063904690235,3.0
-9.431446197282956,5.4092330689036885,3.0
4.3751011260790875,-1.8458278273949507,3.0
8.396880875316075,2.502016001629679,1.0
-7.211826590594049,3.900141405062076,2.0
9.30832154700176,8.306842552079871,2.0
0.2706345777772725,3.0187753528846386,0.0
1.2559001659351914,7.950211011808715,1.0
-6.6937692798689525,-5.318197853792337,0.0
-7.648045817874833,-4.833949502068555,1.0
-8.245405481491971,0.18048002016712594,2.0
0.09986462158561693,2.8892677384658505,0.0
-6.587022965640048,1.6290340608147922,2.0
1.041037765972181,5.836806682327566,1.0
-9.159813960974725,1.2621091720547426,2.0
3.373316759444835,5.718667661653241,1.0
-2.1218412352308675,-9.623877797376494,1.0
-3.0865459307873966,4.938676554347035,3.0
-4.743262556729572,7.864611377098541,0.0
-4.486767753909646,5.994067218404913,0.0
-4.506772748290584,3.8157286737752543,3.0
2.439681135583399,-0.6768352354597447,3.0
-1.1664836951227127,1.9743208630950715,3.0
1.062538264150099,9.146201595478821,1.0
-8.627419878001515,-6.391416526607944,0.0
8.592657537914437,-0.17635526217331154,0.0
2.0848525596277447,1.7672623298146526,0.0
-2.787796131221789,1.1581674352966296,3.0
-2.6253418319242527,2.4053129382283966,3.0
-7.023938873140175,5.9472534264195005,3.0
5.809465892184349,4.3968673937989085,1.0
5.349163567004595,6.566131102362778,2.0
3.4377259656648977,2.1303257217963285,0.0
2.9148851627375567,3.0484940751508773,0.0
-9.531046573812565,8.892809415559121,3.0
-3.1996083877394614,-2.0322625866384865,2.0
-5.391448803917371,-4.153141804751421,1.0
5.735399279583348,-5.26049962266158,3.0
6.095230353630608,7.662834507834681,2.0
-2.284872843852921,3.6039284545489885,3.0
-5.832650257201497,2.337284374963877,2.0
0.3167074837145396,0.42546145530484836,0.0
-0.4271919966712172,6.388540088594688,0.0
5.251622351243746,9.998434352541388,2.0
-5.392467345038656,-6.494521297382983,0.0
4.1201582816839615,2.377023829505003,0.0
0.9601812116605757,4.468675737415902,0.0
-0.6932217492086572,4.974957283010788,3.0
-3.066631782897657,6.519358581794894,0.0
3.227174331796043,9.032501631390375,1.0
-6.524167586628167,8.980169900312696,3.0
6.011572903325288,2.975913541258441,1.0
4.638055016548607,-6.082038011464634,2.0
9.264718886495956,7.221439449826196,2.0
-3.580079873987991,-0.18063035035323693,2.0
-5.333642122912538,2.527619478125718,2.0
-6.419283155862456,0.9424902779007951,2.0
6.152772777645094,5.940267992972554,2.0
-6.702770965970077,-3.037199487666033,1.0
0.8713738057096876,-8.53427702245813,2.0
-6.050492689085569,-5.079558428932655,0.0
2.796090075117096,3.234768099039119,0.0
-3.6149106031867095,-6.553192215518591,1.0
0.06685927272750902,2.2934936448950403,0.0
1.7999735750296235,-5.136680416278471,2.0
-2.968085648606216,7.121779861253273,0.0
2.3418704973719677,-5.485253193891076,2.0
-9.980641524655738,-7.703398064489402,0.0
-8.471890901967402,5.359879417904704,3.0
-2.719577512897682,-7.833600374182328,1.0
5.105692933141157,-7.534993144720801,3.0
-4.672258951376818,3.6034546653266037,3.0
1.5719164022787062,3.70667191070825,0.0
-5.390530656909823,4.582873023755873,2.0
-5.6954298820071125,-7.675651689912724,0.0
2.166006705288048,8.528269995166113,1.0
-7.7511415594509225,-3.4910588146254984,1.0
1.0811190005414204,7.271249102874172,1.0
-4.175842108883822,5.086409000604608,0.0
3.1152181367409817,-3.7904151053960566,3.0
9.960186909954253,-2.868303756229606,0.0
-6.791693647187782,-8.107313709184748,0.0
6.967254106911213,9.597977008544664,2.0
-6.658716257004189,-9.057410519779642,0.0
-9.814423403251967,-9.650489218753552,0.0
-5.215928893275137,-7.40605211686062,0.0
4.5403134223370305,-2.315219487414611,3.0
2.1945833172448275,-9.82688892794879,2.0
7.3174596218378625,6.53568699702118,2.0
-1.6342144025526313,1.136198414742962,3.0
-8.779719297855602,3.120953269087927,2.0
-5.14797187299787,-4.710695894906438,1.0
4.822023932880228,7.204342729429079,1.0
-7.4035260591057845,5.3689208903379875,3.0
2.4313158357034315,-6.60723038290924,2.0
0.4025330960612514,-0.22564807781648888,3.0
8.336053651512557,3.076819772363704,1.0
-8.28626152356229,4.404481703793721,2.0
-6.716016789452343,5.674956971706134,3.0
4.571001133992256,-3.9736007317584843,3.0
-1.7036556026395537,-8.243265356699617,1.0
-8.144766884571421,-9.463741489298393,0.0
3.6970227799110056,3.0478773962494987,0.0
-3.4757252614385825,-7.258832221771716,1.0
9.087192823846337,-6.9730792595437645,3.0
0.4829122225920184,-7.251559670937439,2.0
4.285665443364321,4.638653345126302,0.0
-6.398845094122252,-8.724635847321945,0.0
-1.1475392161487026,3.163604712753834,3.0
-4.646534193740937,2.406364390833689,3.0
-0.0657605002506223,-3.3304075012451895,2.0
-0.49403349823038845,4.940209630373474,3.0
8.815213983027856,-2.4492637830490693,0.0
8.591499095283737,4.05887338100319,1.0
-7.291598478734988,-3.643626397371122,1.0
-7.002686911089516,-4.6733541514994865,1.0
-0.6167394005845708,-3.463040610447945,2.0
9.553390356519522,-6.223907133877482,3.0
8.50125919735321,3.852384842970878,1.0
-9.76151208427341,-7.08911684249276,0.0
-2.195886896318207,2.6513985458142475,3.0
6.30411253531906,-1.5118139991470319,0.0
-9.462723072402682,-2.2292766640815724,1.0
-0.7972981616709021,9.80346026711796,0.0
5.527990413729729,-2.56239318170109,0.0
-0.39468318205772235,3.667870512486145,3.0
-6.283445252408395,1.506240158327472,2.0
-1.4842818225210443,1.1071405128078897,3.0
9.945243381340134,0.7391458680274159,1.0
-3.577677335486495,-3.9879160067881125,2.0
-5.628226502677201,5.180460181089021,3.0
-1.9694952811544688,-3.6083456348722676,2.0
3.0048972839353087,7.011990191542026,1.0
-4.2562459834966715,2.749977504981331,3.0
7.932717720036123,-4.443112090701962,0.0
8.041674884517178,-0.06388561150343186,0.0
-8.769576835717354,6.096800619167329,3.0
-3.431900669014807,4.165659412056037,3.0
6.068543592413885,9.075252358042018,2.0
-1.0120735289619525,9.013027513180546,0.0
-6.112240560371999,-2.1657092919650367,1.0
-1.5986267789081836,-1.6863250166094446,2.0
-4.771307404754732,1.0922725785893288,3.0
8.657392410950827,5.397182339072032,2.0
4.159106503982983,-4.914212427697104,3.0
-8.493726569943423,7.4643627301827635,3.0
6.8361047710980145,5.553774272289836,2.0
4.2160009208790825,0.9048593059951067,0.0
5.979151589041399,-3.210124688561031,0.0
0.8914694898707758,-3.2776676223405765,3.0
0.2971599977633481,4.159453530140212,0.0
-9.272615171295387,-9.591962194599999,0.0
9.4765716412943,0.7948605832977584,1.0
-9.659674857604276,3.758638334414808,2.0
-2.8596189399145207,-6.75799540867833,1.0
-8.690418607823657,3.2027941458421836,2.0
-1.0279222834301027,5.063265205368904,0.0
-9.82999195230029,-1.8581251014406526,1.0
1.1886063080886604,9.372202898124531,1.0
-0.22020959532218853,9.003209422261094,0.0
-6.174248127289202,-8.590770883057765,0.0
-2.043185657608708,-8.08007963567749,1.0
5.8720795249842705,-1.5740907803834485,0.0
-0.9614137642224225,4.674628506011214,3.0
-5.699457688357159,9.685705707939075,3.0
-6.098766215910758,-7.497864216085997,0.0
8.04406140431627,9.89481164357079,2.0
2.016860732491825,-8.126557566009689,2.0
8.478492777254672,-7.744181481612773,3.0
-2.4319830943374594,5.073625588387184,0.0
-7.677501454327156,-6.430513385118573,0.0
-8.270691830991838,5.361908503323093,3.0
7.0287217197851035,-0.3452151554945395,0.0
-0.3760787956382394,-5.285422687593073,1.0
-2.281959292967384,-7.432254017969264,1.0
-2.967441910308972,0.700855711877626,3.0
-0.6692424395137326,-6.248376452579145,1.0
-9.77785285571947,1.743073078456213,2.0
-0.966681732385954,-3.076976858644467,2.0
4.438845304439237,-3.1755599690556764,3.0
7.096034406854045,-3.6880934495385587,0.0
-0.6610249339107739,8.65156996846514,0.0
5.493559051022389,9.358906262741286,2.0
-9.732126179384682,-8.922113687715495,0.0
-6.3443203280212535,-1.8376837991579809,1.0
-4.683361880841581,0.4902723706175962,3.0
-2.1108509439683454,-3.2612217701258883,2.0
-5.976874731247756,4.23680818693164,2.0
3.0790745595341598,-9.920167815649009,2.0
-3.470940147064767,-1.961652030762206,2.0
2.3697751980675807,-7.722363731283128,2.0
-0.6535885184059342,-2.447571288605717,2.0
9.004191052644124,-1.4998341237395643,0.0
7.539910510435952,4.063034361802876,1.0
-6.990177948716485,9.538428505237949,3.0
7.836105577993777,-0.5736269702879238,0.0
-6.081782575897203,1.7497535437350855,2.0
-9.156264580314225,6.34948630875396,3.0
6.24891615865106,-5.832389655869692,3.0
-4.103672257125952,-4.725168846244399,2.0
-2.9604892364113304,-7.076686504406828,1.0
-0.7965516637791854,7.272873619665003,0.0
3.695386178740778,-4.158202539411501,3.0
8.342458220824561,-1.3454202976652923,0.0
-7.835972120917378,0.5650660601641171,2.0
-5.149805035116786,-4.486777433438888,1.0
-3.349939480657622,-6.943883071139545,1.0
-3.9967470237594016,-3.863483562782668,2.0
-5.316546127354864,-3.8602201242356475,1.0
5.852121514262684,-1.0738552846851075,0.0
-6.970451543080525,-3.1487070845710674,1.0
0.5133347220879951,-2.739797002978843,3.0
8.692190761027621,6.059461603535489,2.0
9.168180131041282,-2.9857905052578992,0.0
-8.70247080741083,3.1819723196203746,2.0
8.22776951539522,-0.30106440473871743,0.0
-0.6810001482837791,5.926119499784328,0.0
-8.097556447317153,-1.328450824250183,1.0
-8.000401167125816,7.196582114185283,3.0
3.358926427928054,-8.756768986894912,2.0
8.643068585889178,-5.573130152468721,3.0
2.333198743364216,-5.263303514743775,2.0
1.3789270172804269,4.441603365970572,0.0
9.734301624685774,-3.1313960233257703,0.0
-6.752696918976588,-5.627342519146826,0.0
4.923419988291117,5.899227589395634,1.0
3.3759964856854534,6.49890562815483,1.0
5.139433467405743,-2.134115094619233,0.0
-6.8258677925115645,3.612440614313039,2.0
-9.130891885662278,-4.37024022555504,1.0
-3.558640572553438,-9.895895784710437,1.0
5.3559194096937635,0.9965821312172913,1.0
-8.783669719261356,-7.038106378281994,0.0
-2.2287912830718426,2.399378241047277,3.0
8.22563150319803,-4.803389383698919,0.0
4.617695522577366,-9.06031172865143,2.0
4.785589471787349,9.510705391043935,1.0
2.129820741465938,4.338212220638253,0.0
8.005733106785605,0.583606404609494,1.0
-8.841561812361665,-9.82520847209403,0.0
4.788330723852493,0.3066181049800516,0.0
-6.983004836082831,-6.542933223200613,0.0
-3.794723087677947,-1.2368520673979404,2.0
0.345431764674311,6.959670210912044,1.0
-0.9205893284621869,-7.407527073986355,1.0
-9.75816319798422,-4.907157211510988,1.0
-5.3443971947148095,-5.953101152594633,0.0
6.318531665734458,-4.549598090326952,0.0
6.931893004684614,-2.0601631977423445,0.0
5.199261745591521,9.971735478787387,2.0
-8.698686797052948,-3.8972639918089875,1.0
-3.219047713166212,-7.874004956713403,1.0
5.267630648963808,3.526428423079768,1.0
-4.9851298110320315,5.336019056548098,0.0
-8.681915846596226,1.794351281010826,2.0
9.983324907161144,-1.6851624826256373,0.0
-3.7505717256749405,-2.852874868245488,2.0
-0.6636558543032507,6.533109754444084,0.0
-1.9183089883665723,-8.885504370417685,1.0
-1.8884783595719217,-1.8788323964129674,2.0
-1.120552899634145,8.253468626257103,0.0
2.0027624298107263,-0.032679957285960626,3.0
-1.5146681622280909,-8.463890998896716,1.0
5.282613015111785,-8.363439725813254,3.0
9.993762098502724,-2.1246938608984722,0.0
-7.917550778105882,-4.281165748227598,1.0
-9.787258785134261,-9.274717387096088,0.0
8.485087704911685,-3.088552599084613,0.0
2.973879346486763,-9.65200433966416,2.0
1.5081578509392877,-6.145743575201806,2.0
-2.0709722806830033,-7.010425710272486,1.0
3.9617937371243315,5.078117987741987,1.0
-4.095214405663848,-9.70492713816898,1.0
-6.754908625985854,-4.973432062808767,1.0
1.7466448781688122,-1.0250738734130316,3.0
8.726425799476203,-7.008838273253762,3.0
2.1109756225927185,-6.031782269343175,2.0
7.035773578361621,-5.2740288148782755,3.0
5.37385289313675,9.501239047080194,2.0
1.7854308134942407,0.9703994421274373,0.0
1.1853293999068004,-7.183450399118037,2.0
-8.5266326212498,-4.64006273931914,1.0
2.3423640385440194,-3.397905021587575,3.0
-3.953952222317074,-7.145566402182563,1.0
6.89650798305507,1.496092912928022,1.0
3.4408681906839362,3.2228895226484298,0.0
9.451252515890577,9.3072625317986,2.0
1.84488498027196,-7.784595912351353,2.0
9.83942127476416,4.903526180479217,1.0
7.395831762425843,3.734454841981842,1.0
-9.635252413883533,1.0670721768529816,2.0
-3.3335887328950253,3.5125023880146493,3.0
5.371638090323767,-0.7194794282568644,0.0
5.892372787285527,-5.090833204538745,3.0
-6.242529708042468,-1.35733401282247,1.0
5.184015959267336,5.388752131238663,2.0
7.621900869513048,-1.8325231629599337,0.0
4.490433238507681,-1.2613203585358086,3.0
-4.923465977524197,-4.563443398412616,2.0
4.4778777357146655,-1.5778467797594846,3.0
4.010067322239564,-0.30324724220294996,3.0
9.26792073682207,8.759154660626184,2.0
8.28475045373646,-9.887604570600727,3.0
-2.793001819705938,9.708506900148361,0.0
4.67260669689753,9.97693118349071,1.0
-5.106160191887465,-1.7588237780159517,1.0
0.5521017717033043,-4.620345109703248,3.0
2.8124417462344997,-8.72751503935973,2.0
-2.260999317873143,-7.516336964077633,1.0
-9.54301057988016,-9.15009028904656,0.0
4.7796643039408195,8.917525230972796,1.0
5.1765084037655775,4.599424590986356,1.0
5.353586778354234,-4.680728735800425,0.0
9.360987842358195,6.66664031650113,2.0
2.353604229807793,3.4368984914681295,0.0
-2.595270814836878,3.6831007803148914,3.0
9.25024589654894,-6.767412190523077,3.0
7.479302192742267,3.4936955242159247,1.0
-1.1422736215101725,-8.949185402503376,1.0
-5.73884494443357,-8.303598267900709,0.0
-8.274480526426167,8.708892404064006,3.0
7.904289453736709,9.583311465675738,2.0
-5.792397519734303,0.5996034978533356,2.0
1.2995601769375593,-6.265727434422226,2.0
-8.87460725506659,-5.300747242113022,0.0
3.9242999923943795,5.453926326456113,1.0
0.034425801873576134,4.025413042823532,0.0
5.151865342109957,8.298334067246802,2.0
-2.491720600900438,-6.401394023074786,1.0
-4.298177446230382,6.1130732311758464,0.0
1.3923633966111701,-7.119988618703363,2.0
7.654529108118872,9.78334861204782,2.0
3.29623548499114,5.919915770020449,1.0
-9.48882710309686,-7.8102822293215945,0.0
-4.325421709630401,-9.64824489330101,1.0
8.057223623165825,4.4296678168973465,1.0
-8.45516872955038,-0.3934740950595348,1.0
2.794405943155745,-5.278870801471227,2.0
7.891266701507234,1.3829501280678809,1.0
-1.2557743904130625,-9.280032319559812,1.0
4.14152989063078,0.29600874256405163,0.0
-4.202803041738004,-9.28045904987421,1.0
4.97039544168679,-8.31789969270734,2.0
0.8658774327757683,-9.883726363012473,2.0
-0.3085276666171275,-8.18758558251669,1.0
9.203666507907052,6.249892049956735,2.0
0.697901465390542,-7.3982324369139185,2.0
4.6637057124169665,2.2701511914508252,0.0
9.371038798792966,6.070215883273214,2.0
-3.3132078798983304,-7.142479267115933,1.0
7.769779153777158,0.07205780561988284,1.0
9.35530357787853,2.1958869191561465,1.0
-3.3334367175348074,1.0960839138545637,3.0
4.716066414937863,-3.2797325940693423,3.0
-0.11330920254429344,6.1055301783677365,0.0
4.7326889444585785,-2.5366093338723594,3.0
9.166156914465098,1.544998359905847,1.0
2.338504280683262,-7.890031110322056,2.0
-5.343059666816476,-8.23122301849099,0.0
-9.662015010130851,-4.474568647182149,1.0
-2.9067442910060244,-3.430179197177255,2.0
7.457770785314512,6.239238684241762,2.0
-4.327874400053176,-8.820056121569202,1.0
4.3671224670283415,3.9523310534483436,0.0
1.1423317777018323,3.9117916362479495,0.0
-7.7385827517769945,4.250831945239241,2.0
-5.370959922845715,-7.195358213410761,0.0
3.589567961094243,-3.180996688754208,3.0
4.560515261041008,3.1833031185846004,0.0
-7.4690501193460745,-7.756614605971945,0.0
-1.6209046364231234,3.71482665831471,3.0
1.7968511992402512,-1.4995151512435818,3.0
7.454030668041291,0.6652810560817812,1.0
-2.596432715940537,5.229254435587201,0.0
-7.375809022365438,-3.50624016292681,1.0
6.905018172397924,8.084395323910375,2.0
-6.36562013610585,6.187457274224045,3.0
-4.110942072016677,8.734101129814483,0.0
-5.499848294304739,1.5128245107061566,2.0
-7.948827240483096,-1.4560304964840203,1.0
0.009286763820970378,8.45042058529248,1.0
1.8261370869720306,-0.9790396431867059,3.0
5.332453189721312,-7.0105966064552705,3.0
-7.0432065115242075,-4.281140814007866,1.0
8.431702478421194,-4.060325638762308,0.0
-9.499054846147612,-0.6267232475133788,1.0
-8.20550155630081,-6.863048276937738,0.0
9.869345533659512,2.5745272681899696,1.0
-4.739122178598276,1.1701408822553319,3.0
-6.29715667572113,-3.4558283191109584,1.0
-5.276059022297268,-3.7294423410733106,1.0
-5.05654880202103,5.942201078732538,3.0
1.408255228557433,6.720245172350118,1.0
3.353529683354342,-2.078488364755115,3.0
8.269747947527065,1.0378792555302692,1.0
4.160267789712602,-1.2926810886290134,3.0
7.98935563700671,0.05270254793890672,1.0
4.545532158054922,-2.2686951789922594,3.0
4.631182478122778,-4.050204777637343,3.0
2.8176335762161226,0.704035156373612,0.0
-4.120357252512187,-8.630911868581972,1.0
4.272787450774093,5.635322508548178,1.0
6.472242030194053,9.982637993056017,2.0
1.2049546907246533,3.844800788279878,0.0
-9.744995761951351,-1.9062992305624888,1.0
-0.6987864782201179,4.190045389162908,3.0
-7.815790577754928,-3.5087853294051463,1.0
0.6713545610375284,-4.937413810876816,3.0
-3.8964271459018773,9.078784269915854,0.0
-4.6708389913418475,1.3743105407688851,3.0
9.734883286273668,-7.8257585617762455,3.0
2.5817021702947756,8.822269111207468,1.0
-4.999735807661971,-4.232277679495244,2.0
3.4953540247828645,-2.6868402307142514,3.0
3.284492978562618,-5.717106288516749,2.0
5.234113848232344,1.8143340940464157,1.0
-2.6422507646012257,3.752439520210695,3.0
-1.7505421170921913,1.9736151692762185,3.0
-2.08844099212447,7.204004798690885,0.0
-0.4163574972995221,-3.1129231190411577,2.0
-6.070679312823932,-7.790293896438563,0.0
9.76601714297691,6.913361793118028,2.0
3.9322162902547078,-7.962514848892397,2.0
3.2036022093294303,6.603648517970658,1.0
-9.804430228309721,9.586432218457272,3.0
-1.0640135218441333,-9.934356234065035,1.0
3.861651042349104,-9.849316321314486,2.0
9.53328828413144,3.663797290584638,1.0
-4.558402748890485,-3.0244163290447457,2.0
0.940061546065623,-5.153943325472441,2.0
-0.7923847273364188,1.854844148715216,3.0
-7.677587955553589,0.016942659184246978,2.0
-5.424891508511578,-6.508210628975335,0.0
3.720768112413733,-2.3556236103823576,3.0
1.8941351375172317,-4.785961285910698,3.0
2.6361647705830684,-6.471549951801001,2.0
6.071850488934789,-3.5690674695055735,0.0
-0.4357577483094026,-8.936434906527088,1.0
5.075855662394847,5.989850352436978,2.0
-6.030862891659523,6.286045415168697,3.0
9.995305628015569,-8.668879728852302,3.0
3.5003896971817987,1.9939387280498586,0.0
-3.650991396064578,9.749454146113944,0.0
6.012321062278506,-9.850231887121678,3.0
-0.2962796432389858,-6.677012666724873,1.0
7.4914720883752,9.2985199649891,2.0
-2.927746395851827,-8.993113405766739,1.0
5.034756754795344,0.7511983267688578,1.0
1.961124595217754,-8.960385084623532,2.0
-8.995242322415425,-0.7443452140014735,1.0
-7.947068648450584,-8.538460983362544,0.0
8.186277724911328,4.302530789595485,1.0
2.0661512880200767,-0.20423686684850573,3.0
0.9133657998584717,-6.813267234188459,2.0
-8.950156575856186,-3.605517488832035,1.0
-5.86776961739673,0.715617385419085,2.0
2.0047821712044467,-8.42340622545062,2.0
2.3562245554712504,5.2798313938879655,1.0
-3.125149835400478,-9.224690458764595,1.0
-6.4298337540477535,-0.3041865580547025,1.0
-3.5906674846484847,-0.0783978675741217,2.0
5.831937195879897,0.7369640355939566,1.0
-2.7781936488305004,2.6816678171971375,3.0
3.0706898988257176,6.799396951937066,1.0
-0.7743366635393851,2.3316518453330843,3.0
-8.128210910764144,2.0202610966338685,2.0
-1.6949678787368754,-0.694161869133449,2.0
-2.1656370163448813,-5.357479669924534,1.0
1.116816110406818,5.224781041867967,1.0
-6.394942730043565,-5.159651538970705,0.0
-6.7244290114885015,9.044532788558058,3.0
-8.615622083049182,-8.063964250190024,0.0
0.06392924516339171,-5.688300543505614,2.0
9.021418326518805,7.6827617660410255,2.0
6.448332182685277,1.540974181559049,1.0
5.782279953350837,2.166830237094029,1.0
8.281718907221801,7.928739668873526,2.0
-0.8463415526255318,5.212198520897298,0.0
6.408478315798227,-8.50136643647929,3.0
-6.135981592357645,7.828075549549698,3.0
4.160044866308077,-4.548248119923803,3.0
-8.81013517638311,0.455897789495987,2.0
-8.199280200343884,1.7141727634346111,2.0
4.557094725034371,-8.585604981929098,2.0
-6.253757845152281,-3.9235064437694733,1.0
1.969381788084748,9.011802711210546,1.0
-2.105984632125118,7.859081501611861,0.0
4.406211200068729,-5.9938374006061235,2.0
8.944791396771436,5.962688472300389,2.0
3.875957096502379,-7.7559567421152975,2.0
0.8875965801514045,-1.315905542996532,3.0
3.613809780680075,9.362627361502426,1.0
2.5827305413323316,1.9759784458462608,0.0
-8.681815645529714,4.350301856804741,2.0
-1.7915291224081855,-7.782435879700415,1.0
2.699407502174509,-7.639889302001728,2.0
-5.768514195879089,-3.768183043110711,1.0
-0.9215597575929806,6.838396651491326,0.0
4.586141066876976,2.0693316432942037,0.0
-5.115965941125705,7.928145363464157,3.0
9.639192764148355,-7.059816764965721,3.0
-3.0733846908157876,-1.2817022586906734,2.0
1.3549137826231359,-9.44335795724827,2.0
6.569792706284328,-3.7092691253289463,0.0
0.3474673642797228,-5.109230372959688,2.0
6.428589376727963,-6.887415008412909,3.0
-4.992726379174188,6.282460253785736,0.0
3.280663683687221,2.8170480761289056,0.0
6.876120487000037,-3.059381966812566,0.0
-3.8087679253885964,-9.99249821447643,1.0
-2.43150840240723,2.1032020790039105,3.0
-5.655704281934042,9.748239779157338,3.0
2.632757951707184,-7.388773966185001,2.0
5.765152599764372,-1.2517799369043647,0.0
9.457742261934271,2.1272392529419815,1.0
-9.436509158320892,-8.451234879243865,0.0
9.799868883868218,2.023675829204759,1.0
-3.1964294249090397,-5.076920695551406,1.0
9.507826036450176,-7.098443629044611,3.0
-2.7360482105203143,-0.009598920352102525,2.0
5.3866073821231915,-6.585183059723128,3.0
0.105398505951106,0.4728856559531316,0.0
7.103217350379062,8.224695726099263,2.0
-6.773388562435862,-2.7686334683059926,1.0
4.301719981452132,-2.861529608168367,3.0
6.889967873125833,-3.4232536535695406,0.0
-4.1960700286116275,4.846957138770243,3.0
-3.2051369427642262,1.513152448974326,3.0
8.820250766961092,3.194302252184521,1.0
-9.111236086064933,-9.697442846190139,0.0
9.77823469805979,0.10080905998903056,1.0
-6.879355383943264,2.58595938525243,2.0
-0.9646951386856557,-2.7142074649390953,2.0
-1.1787058193862503,7.803666898164412,0.0
2.987655956007174,-5.335694817748333,2.0
-0.10393631748051035,-7.289442516955935,1.0
-0.41412524663100747,8.034806180004193,0.0
3.372204005130918,3.2291946708564225,0.0
1.0670255793421966,-7.973382042473749,2.0
-1.968492065039218,9.254613037621446,0.0
-7.706340538016885,-4.384295579660112,1.0
-3.460980067697939,-7.96101165390205,1.0
7.438280516496462,4.6244461921371265,1.0
0.3848620905128808,3.0310759406406174,0.0
-0.8338411680405873,-6.118042144483122,1.0
2.8786577051274698,2.8937528917892923,0.0
-6.513731970107777,3.122116257378364,2.0
6.62544533646297,1.8361272350997293,1.0
-7.720300791973285,-9.356001073874609,0.0
7.366746301046248,8.837472543356107,2.0
2.581969643407298,-8.680681543654,2.0
-7.922301787396275,-3.7869323444016363,1.0
-3.843789766353323,6.106637795708576,0.0
0.09369617430093946,-4.179820567776609,3.0
3.482221578164646,-4.170877742758878,3.0
7.322422805109721,-4.504695440334556,0.0
0.11842249312471509,3.4974285041265993,0.0
0.11888724555394248,7.470978423563469,1.0
2.9966913914712947,4.857457969144544,0.0
3.2621907892852793,-9.488856125922776,2.0
-0.7443823692762823,8.06026822329979,0.0
3.3297607012677926,-3.498164304777016,3.0
8.782250985517585,-9.749000515740816,3.0
0.7993261881674449,-2.7163951341726156,3.0
-7.203054841735408,1.5557448505906315,2.0
-2.1821198833178563,-5.041232659872721,1.0
7.53766909580845,-1.37093459066576,0.0
3.0624955148653026,1.9034759167382287,0.0
-7.7997123070079555,-6.980627398001005,0.0
-8.066455201127429,2.5639780609105927,2.0
3.708519584756873,-5.606096407669552,2.0
-8.801145839458098,1.918532035262274,2.0
0.1074917542605256,1.0516480870473117,0.0
5.074543317857321,-2.1877066565402714,0.0
9.264383113270693,2.2528627834839625,1.0
-9.12216412610565,-4.074272212925171,1.0
-3.724238580891173,-3.991327233844137,2.0
-0.07551225734508549,-6.761533822677239,1.0
-6.314507684723145,3.4171942305614884,2.0
-9.238266378840986,2.338657538554239,2.0
1.174037209758973,-5.493992701486448,2.0
-7.54575695628076,0.5504953234413463,2.0
-4.297199476260268,-6.02922407576727,1.0
-9.959830289054546,4.315083246576641,2.0
-7.610885395306783,-3.347633173826998,1.0
-6.014096025471753,-3.4605784358780483,1.0
9.481188910009326,8.371071072906581,2.0
5.178839439521671,-3.766129205509494,0.0
-9.18341685074706,-9.57556159193566,0.0
-4.811903856730981,3.823302121720493,3.0
5.6723215136195115,-8.876074614986447,3.0
6.9675439101162056,-5.923056577663017,3.0
8.511972338625327,2.3984535531293094,1.0
8.634778409194048,6.659653610303987,2.0
-8.213117593433052,3.6309474888703726,2.0
-5.084086019516367,1.0003880197330766,2.0
7.112766776314942,7.1823251537729895,2.0
-5.5972465842801995,4.7977326359939205,2.0
3.3070591432083667,-4.8495464198382106,3.0
-1.5171835346391322,-0.8403819063908422,2.0
-7.247746542768619,-8.330719283869264,0.0
-8.807730390450475,1.9149515835484916,2.0
-6.110750235726183,9.957946211850913,3.0
-3.0307025930116787,2.621789247522452,3.0
-6.868084324151544,2.045451614067881,2.0
7.057415875294854,9.812976645073878,2.0
-7.100249995106839,9.065465271156164,3.0
3.091847333265296,-9.091496339988305,2.0
4.791142351099465,0.7296367184241639,0.0
2.9646314680001247,-3.2883757002841696,3.0
-5.221010187065884,-9.05725142167702,0.0
7.32372758542904,6.270633476010005,2.0
9.655435840808295,0.30846478607031,1.0
9.994288238724984,-9.754563745931081,3.0
-6.8671849340635145,3.860338780742447,2.0
5.803117353612901,-5.5203164579632125,3.0
7.3276597637967065,-5.725395534724285,3.0
-5.1634365053941655,-9.987825769729078,0.0
-4.728935652709774,8.42286423721329,0.0
-2.9751446952618483,7.933301500462605,0.0
-0.8466784830825329,6.760134101498124,0.0
-2.0302983002321024,-0.8182153728453851,2.0
-3.390637746273921,-9.830760035302163,1.0
7.8381697237037855,0.8940005031161959,1.0
5.429494367689902,-1.0009532368359615,0.0
9.833139709520054,7.969605494870006,2.0
-9.252533621398653,2.641073908077498,2.0
8.222362764035534,-5.6284876095164815,3.0
2.785332505076589,1.080162428178241,0.0
1.862874115701656,8.621052865663259,1.0
2.210128327418129,-4.965859083456705,3.0
6.7161051397321,-7.2530431038691585,3.0
-4.6772484161616035,-0.1681510488693032,2.0
-4.539337955650071,-8.594010130843268,1.0
-3.1738249813035218,-2.7490456383698785,2.0
2.1263046857822054,5.773332609539333,1.0
9.923395446344657,2.3176128482505085,1.0
2.9496341130419435,-0.6499704104928021,3.0
-5.4747172978422665,-4.199748713199392,1.0
-4.886924790281675,9.39195883773096,0.0
3.9981459844667953,-6.802503081228113,2.0
-1.4233259760169492,4.889508846795625,3.0
-3.4512696697044536,-7.0029425343357365,1.0
-6.484200642018929,-4.363699680246089,1.0
2.291464550790895,5.294722071135807,1.0
-2.6912790307605983,-5.7570707071665606,1.0
-1.4704607877328453,-6.120066842984794,1.0
-8.505119209765192,-3.189781226472757,1.0
8.790215826089337,-5.379608907061413,3.0
-8.91163448209154,-6.310879134072314,0.0
-4.5899085374822945,0.14742590088382812,3.0
-5.522130944431853,4.9984463718129355,2.0
-2.6334908882995345,-1.075015626741978,2.0
6.661856611552761,8.312026298663351,2.0
-9.021044036218186,2.730077677978745,2.0
0.9699299919517301,7.7694724105259,1.0
3.869322847120941,-5.925947207040114,2.0
8.723707987844783,-1.703577375762503,0.0
3.0210330096236166,-6.158807913964353,2.0
1.6837633657533146,3.0779120741442227,0.0
-5.485088600403218,5.0618467337290145,3.0
7.0864434992638685,-6.7108513234068035,3.0
-7.8521241419393455,-7.588864434180323,0.0
-3.777856785747062,3.2263590218059264,3.0
-3.6625678988365102,-7.036196393503433,1.0
6.034176035238744,6.066324536399502,2.0
5.492579875950058,0.9333513519336467,1.0
-0.12275403444741606,-8.126624320403495,1.0
2.803765531908846,1.2318233330759085,0.0
-6.313190944804237,9.367209714083064,3.0
6.894809160510121,-9.680137302052085,3.0
8.879723513282542,8.225351057217793,2.0
-1.8602448056582155,9.406205240110992,0.0
2.205465464409375,0.8872216439167389,0.0
-2.4225068977172404,1.3342612963042928,3.0
6.029843862959375,7.824525260040353,2.0
-7.061383544454536,-5.278323826423255,0.0
-9.749535229146012,6.563134397542491,3.0
5.011268657555233,-8.134604941355526,3.0
-3.441572674054914,1.7545802470183318,3.0
-4.633925902222273,-8.578629381944555,1.0
1.0769797068349583,6.705514155989537,1.0
3.7465751736417054,1.2687915266850318,0.0
6.272239716469926,-7.635743519742579,3.0
-4.47928044171217,-1.2808376079353483,2.0
3.7676523450830697,1.7886809585627041,0.0
-8.328867819732364,7.332783653470447,3.0
9.881411308170762,-7.178186865235901,3.0
9.660830079981906,7.585231905501647,2.0
-6.710657612135269,-4.645297440651626,1.0
8.697076765306807,-0.7415690062578975,0.0
2.7881948222890696,-4.801968306394362,3.0
0.2199128482755448,-1.4101606691755677,3.0
-3.5656844159447747,2.0801504077538286,3.0
-7.745881883747678,-6.777660543712328,0.0
7.190394932842178,-7.2601387204850765,3.0
-2.7751622463713925,4.513996319076494,3.0
-8.803518945001468,-8.784003712440649,0.0
2.7712270480130528,7.981388295483001,1.0
2.967755052031185,-7.995191812231914,2.0
-8.70148470662759,2.8411279343038913,2.0
-9.066468275025485,0.9288428430525144,2.0
1.6239610407503697,-9.648105065249418,2.0
-6.8598625221972975,-8.459915820289897,0.0
-4.341883174953864,3.568112624616809,3.0
0.3730096591345866,6.887935058986017,1.0
6.978764847476004,8.41116512661069,2.0
7.2572289996278165,5.756895045223365,2.0
-1.277019492977395,-1.3787276616490765,2.0
-9.177051960805244,2.8519009119619483,2.0
-8.917744331279732,-5.211122585865184,0.0
-0.6727451234929234,-9.405834380759385,1.0
-8.340261275106462,2.810798297033241,2.0
7.589370764466377,-3.739932480733623,0.0
-8.16363303188873,-3.7478283999016027,1.0
-6.950037456460603,-2.475622543074185,1.0
-9.537936669207724,3.7799338408981757,2.0
0.39302711431754034,-6.621675641699349,2.0
9.198439058629802,0.21684686285161625,1.0
9.50628664687311,6.210847466440335,2.0
3.2656846292811323,8.695754701619041,1.0
6.434047367354111,5.593585526285185,2.0
-6.048734695967428,-2.0303789275534196,1.0
0.5758856966914667,2.0943716519808735,0.0
-7.937863997437226,-4.086623996871488,1.0
-6.027843736663527,-0.17497409206713854,1.0
-7.6626711380864565,-0.2975249640062021,1.0
-0.8004848369393951,-0.28278995792906336,2.0
5.467777104069365,-9.475220385999643,3.0
-6.556490059328317,2.8183855352925278,2.0
-1.989119892710395,1.7388450805446034,3.0
-2.5107218332283594,-3.0835489959341356,2.0
1.6907187876158822,-9.344681929635517,2.0
-3.1702522721477937,-1.7814348079907827,2.0
-6.343727000665207,6.57942632611476,3.0
-5.3717203195773555,-0.30193987364096486,1.0
6.737054936510461,7.00125771106406,2.0
2.7339766441144864,6.9548592598647545,1.0
-9.480123680291094,-0.6137168953907413,1.0
-9.347545924009868,-2.4867497557740688,1.0
-8.335018943442702,7.31536463099253,3.0
3.559603081120697,-8.539307650012365,2.0
-9.081897883843691,5.3850890630898345,3.0
1.4250273259618247,-8.898844673321857,2.0
-3.0269119756127054,7.156485539105638,0.0
-2.923667952288005,-6.601548874742904,1.0
4.091560537179051,-9.480394255672945,2.0
5.921727857726225,-7.089148977577688,3.0
4.638040311310691,1.7739486702536915,0.0
-2.4387618474299178,5.397497009502818,0.0
9.48875763068163,-7.406196798939884,3.0
0.006215586635425652,3.1691644273388704,0.0
-2.3822717173778347,8.7465112116681,0.0
1.1104476353643893,-1.9764169396186766,3.0
1.0215310325950249,-7.742725924077305,2.0
9.729366312235555,5.7850313138262734,2.0
-4.254062933284861,7.176842561824792,0.0
6.856881347192289,3.4664645140810677,1.0
4.035175705856059,-7.559992473666089,2.0
-6.416915993748507,-5.648271696025389,0.0
4.4507343280896645,-9.194822209265617,2.0
-2.384462757522332,-4.019991915158245,2.0
1.1812253890928748,9.441735601559603,1.0
7.978315762424263,-8.142612039203911,3.0
-5.809155580278523,-4.028990760815825,1.0
2.753209680620083,-1.8997186347019195,3.0
4.95292590563627,5.593366160231149,1.0
-7.808721656461415,-6.457811878443072,0.0
-4.9053395647677895,6.137766468024921,0.0
-1.0521350763712682,9.531052903693048,0.0
-4.080016209365467,3.289234970779546,3.0
2.461882847680938,-5.436887299202393,2.0
-4.204196168388636,3.9683122800488277,3.0
-4.102433949513324,2.499603410422356,3.0
-3.907950628238826,3.986972186847124,3.0
-5.4145262064993505,-4.383955314041906,1.0
-6.162429157899543,-7.136151591267385,0.0
-0.024389366382786548,-2.6624404032347755,2.0
9.52859256276771,-1.5657761439467333,0.0
-3.7920968250909777,9.128769249578284,0.0
-9.454816615551424,-8.756839775725663,0.0
5.798226700432705,7.201008277775291,2.0
-9.600103790603017,8.738743384498086,3.0
-2.760393272870168,4.963223847136611,3.0
-4.630496116497538,3.4605795967312076,3.0
-5.311720797804094,5.14073038423029,3.0
-2.804538020011491,7.768849409522108,0.0
-2.339541039855863,5.543814426039663,0.0
-0.9192924263767548,1.4954794326500576,3.0
-9.738564174502716,-1.8476486197017863,1.0
-3.1730819919493314,7.127430438400914,0.0
3.1349926214228354,6.069843878931799,1.0
2.824472757111513,-8.279833846709355,2.0
3.2468264319865696,4.740073777259962,0.0
9.80851278678626,6.237454350623306,2.0
-8.636284011608995,0.02881066179600822,2.0
-5.360516581260526,7.448151892153309,3.0
-2.158823474664471,8.768982378473293,0.0
7.381538324112597,-0.9108232378766186,0.0
2.938898380721076,-3.045976301815349,3.0
-3.8454392778934015,9.944479633236845,0.0
4.939661645226444,-1.7092656918208036,3.0
3.8269336979319135,4.804643451707296,0.0
7.859145226719701,9.72744894585184,2.0
-0.3740789381701042,-3.741375820801278,2.0
-4.483242402408116,-3.8357334043631024,2.0
-8.731239789546708,-9.680868101491768,0.0
-5.786788755989236,9.706864448408716,3.0
-9.584075058961282,5.306442064210655,3.0
-2.334762186728911,3.855564103218347,3.0
-5.105273470385498,-7.4101102580163385,0.0
-9.935192360767429,-5.147681900857317,0.0
2.1972438359107684,0.3645664959938557,0.0
3.326707982221336,7.555501948479829,1.0
3.914806261106831,-1.4082076715921836,3.0
-6.356284574759341,-3.391180792763593,1.0
8.321790093469335,-4.461170541164439,0.0
5.38779144101486,3.4763953118234845,1.0
-0.35400349795574115,-1.4836046317778333,2.0
-4.378752045430638,0.2559416148101423,3.0
2.6342980790418924,8.941868631367146,1.0
-6.32740075831304,-8.904717342790407,0.0
-8.646188879997831,5.41988661932881,3.0
-9.651444300196664,5.003926264695377,3.0
-5.309491303525955,0.4471650416842792,2.0
-4.462900910919878,8.748531332891346,0.0
9.787338755567625,-8.909255340489066,3.0
-0.43471722830506465,2.2469799652562585,3.0
2.8237798802399876,3.223727736213606,0.0
-1.7332591697837394,-9.904776050273007,1.0
9.480309624370957,-1.712509284121479,0.0
-9.473643791555231,-2.3972193171548835,1.0
-5.748586258729301,-8.255587791253392,0.0
5.2247986866129885,-7.167247553476583,3.0
8.518680748195187,-1.0675857184035937,0.0
-2.9838544192517524,5.225955962169952,0.0
-8.345567747041969,-8.839296876096874,0.0
-5.447922204394498,7.71450606751619,3.0
8.225118059536118,3.5473914172696563,1.0
-5.912988610534839,-9.788277585102026,0.0
1.4408613421612202,3.0659219252755463,0.0
-1.7703694179196816,5.683341975087766,0.0
9.988941648884627,-1.4264954227315343,0.0
3.6615602671262764,0.3541052330499461,0.0
-7.791852659893916,-7.445309483417331,0.0
3.7565979418123856,6.792683445677085,1.0
5.139531492409793,4.419898950544708,1.0
0.9399574681461687,-8.323166989851618,2.0
-3.412439570712598,-2.283962780563722,2.0
-7.5598559403422065,-5.07043930585271,0.0
4.363760481270308,-8.332862659887967,2.0
-4.927188753077925,-8.611753094379505,1.0
-8.494199688868404,8.231877122042018,3.0
7.2624018201507425,0.5112831825346316,1.0
-1.6027416460438193,3.304470849982499,3.0
2.9900465290535543,1.9352782854938724,0.0
0.1998860323194389,-9.412967158735766,2.0
2.3198814598830957,-7.040241053837979,2.0
-3.199802610474487,-3.908480115873509,2.0
4.824273153423013,7.782773634057701,1.0
-5.2189317421372605,1.1870140988063014,2.0
0.036442349192249424,5.241255807044157,1.0
5.837491485877088,-9.166693481419548,3.0
7.185200845050137,7.100746953561924,2.0
-3.865775648569567,7.695113229987584,0.0
6.963994246133161,-3.0657849552812717,0.0
5.477754818855942,9.998565217993097,2.0
-2.1296885303081563,-2.725053367682186,2.0
-5.938871018869582,-6.807062152432706,0.0
6.170122200467169,5.20652793732415,2.0
0.26149438228416955,-9.30223228876931,2.0
-6.478479895171505,2.2696400638269925,2.0
9.233697833824266,-0.36698856434117566,0.0
-3.3134088772953207,-0.5798899006346776,2.0
2.729169374839909,-5.226542237893672,2.0
-7.998642711901782,-3.140680537499083,1.0
-8.31375824627309,-3.2710107866777527,1.0
-4.087346174016417,-7.166882455704404,1.0
-2.8217142677683587,9.107813901103022,0.0
-5.891318706397941,-4.44553679640749,1.0
1.1340365385977957,9.345447342177167,1.0
-0.029514881164329765,-0.6839129109618511,2.0
5.051787232751723,-6.495759509650063,3.0
2.7598516997168545,5.076904545814035,1.0
0.044977047212499954,-0.8933224159363018,3.0
8.712902658806975,2.5531179501082395,1.0
-5.730599420046065,7.282797703391758,3.0
-5.528309781207737,-2.2799263033251993,1.0
-4.929784355576778,-9.801196816855919,1.0
-2.881408444777085,-1.6228825175061505,2.0
1.0043147451211283,8.284420117894456,1.0
7.5720961694262385,4.498884348770925,1.0
6.612671073786341,5.75867452643176,2.0
7.306253672936066,-5.086022352638759,3.0
9.752789119228112,4.3641596632022654,1.0
-3.3970209061256345,2.9252029278315774,3.0
-2.77333974361202,5.12959814087143,0.0
6.501915863508973,-3.4242437711847273,0.0
-4.749727289381996,-8.690885676479754,1.0
3.897903377249527,-5.147250384984321,2.0
4.93071260323652,-4.7659040942201685,3.0
1.2858650293261746,-5.117918582865213,2.0
-3.912374274324078,0.8101993825435923,3.0
7.964372839600287,-6.582365790527948,3.0
-5.047347709752721,8.503138177142887,3.0
0.1887497044012072,-2.6499947551616927,3.0
-4.306629117556577,-5.09872417410609,1.0
5.4128084142501365,5.191555623203104,2.0
-1.8923499913131607,7.590411654977828,0.0
-1.0961080990065941,1.807492947911948,3.0
-8.011851472511694,9.564231669795056,3.0
-3.845385409171655,0.74339536868316,3.0
1.3143707241265794,-7.377592955012416,2.0
3.6125484515852957,-0.11853612625451504,3.0
-5.0811512328637605,5.46876031614984,3.0
2.4168079704871186,-3.753832609072589,3.0
9.202257584744313,3.350281636232282,1.0
0.6484443396032518,4.749748836405679,0.0
1.9929195907075439,-2.438658371687337,3.0
6.731445871002318,-1.9451907568523712,0.0
-1.8565564927360292,1.5867880281220774,3.0
0.6298988715256151,-9.072722340763082,2.0
4.823202682587919,2.301910421660981,0.0
4.224009979567471,8.522552301480168,1.0
-6.240326142941672,-1.2248233280300198,1.0
-6.692690693388055,0.6531436126042482,2.0
6.406210289443745,3.1417378769795334,1.0
2.6956403371038196,6.178384497085364,1.0
-6.48425320344709,1.7708780658474446,2.0
-4.841591476221274,-7.029948550003486,1.0
-3.9347204976831467,-1.5514578494441267,2.0
5.5088801346898855,-5.705299458803537,3.0
-6.930567106552181,5.563459561515247,3.0
-3.1675055693478527,1.2354360502238428,3.0
1.5676816488749026,-5.253366763950336,2.0
-8.291621607587691,8.162618563563754,3.0
6.001133408886577,9.95912375553776,2.0
6.439048444461687,6.57626431422657,2.0
7.108768158296002,6.778628999465791,2.0
-3.8130542401507928,-4.852011561348075,2.0
3.572416272327029,-5.601426256579602,2.0
4.7472261114109155,-2.3240497879802025,3.0
-5.853677099118508,2.952181393662512,2.0
8.454107947204388,9.837904907107568,2.0
1.0967822876946176,0.1744396257596641,0.0
2.8519970769490026,0.4729308188008332,0.0
-1.030245804146535,3.148243704468941,3.0
6.802465554693406,5.777385815120322,2.0
-7.398324406436405,3.8667435363950133,2.0
3.4792680710989714,-4.779807625181829,3.0
5.376855999503292,4.073372120226491,1.0
6.602039356403164,7.730385071936759,2.0
2.16009632672559,5.939111908494464,1.0
1.832886816597977,-6.0587051101846185,2.0
-3.256469123200098,-6.4856641322672415,1.0
1.8280348846556844,3.6157731138163633,0.0
-1.4095673430749436,5.687586800522709,0.0
-9.113434851490288,2.134907749510507,2.0
5.439150054743635,1.817612759688803,1.0
2.350528867474285,8.405183837196681,1.0
-3.0137561254898904,7.043650652675332,0.0
-2.0289227393825593,-7.847672225295854,1.0
-7.5384726030494065,0.7818593379120209,2.0
-4.140651380435787,-5.577861937024926,1.0
-3.8340677438850523,7.424794380344334,0.0
-6.610448490611751,3.9931930300002563,2.0
5.719182909676583,5.110728114942889,2.0
5.427687392964856,9.795257317391954,2.0
-5.2913519158543165,4.730955549534954,2.0
-7.353729491033498,9.256515527350999,3.0
7.4984319483033595,5.136742497992795,2.0
1.072042687289942,5.362054387572259,1.0
-6.0990356553639895,-8.660157733113774,0.0
-7.118750786606709,7.637563859760192,3.0
1.0032888027344526,-7.174814185292053,2.0
-1.0342668926937861,0.03879534247075256,3.0
-6.3060474390569095,-3.303649563825976,1.0
-1.143382562028588,-5.524828542806441,1.0
5.228069777972591,3.2987055387541613,1.0
8.334048179227032,0.17621117818587173,1.0
3.554265438912763,-5.5134243491571855,2.0
-2.954609919878086,-7.6718901922408005,1.0
-8.125624736070627,1.8781647308028404,2.0
1.3935519289095293,-9.458681511354376,2.0
5.314411600557776,9.909219745769,2.0
-8.306935944407039,4.152853950982037,2.0
-8.075255923290543,-6.820814245928267,0.0
9.997761854563247,-7.5422252980644755,3.0
8.450384821528466,3.6382757027038153,1.0
5.331559408259498,7.594904327935964,2.0
7.361999091168656,9.063903621968787,2.0
5.183276687027414,5.937331479700141,2.0
4.066920991885183,3.038598106459741,0.0
7.745471143085812,-3.7107586271770447,0.0
-1.6496128118361142,7.219158160664868,0.0
5.234170277316277,3.2116966042621247,1.0
7.176026492966198,1.236812753895613,1.0
3.133476819060302,5.65010885999653,1.0
-1.3081509556187925,7.0697546213725175,0.0
2.4877499181434928,-9.141922412797076,2.0
-2.1640377792203402,7.375336186882144,0.0
1.9368358037174431,7.863859896067268,1.0
-4.725507847764474,4.476213478012889,3.0
9.263862228093753,-0.19352522058372656,0.0
-5.86594746256726,3.949871391860098,2.0
-0.9521743756666865,-3.1291971378766075,2.0
-7.7517838352312936,7.188514929141583,3.0
0.0018335021492426051,-6.306674261836649,2.0
-0.8868042863032741,-5.2856767809978855,1.0
-7.315705543570894,-8.084513795832297,0.0
-8.621885824566121,-9.231092651927067,0.0
9.83558809426776,-8.10461527776649,3.0
-3.030238042100577,4.682645243639826,3.0
9.640859739717115,-8.77925958915773,3.0
-4.701087998367804,-4.748687158449096,2.0
-8.46921627138351,5.839033670412739,3.0
7.532018673579522,4.126671480523637,1.0
-2.3290588384743005,1.3713211845311175,3.0
-7.065703917803694,-1.0591797152934994,1.0
-6.87402202479279,9.033504733326218,3.0
-9.027579951429887,-3.78010500480322,1.0
4.43039178240503,-4.200791534002521,3.0
0.0393107279301681,2.299517700287657,0.0
9.12819859128977,0.9080039915536844,1.0
7.922692834573411,9.807670287241798,2.0
1.8827070601243907,6.507429928549403,1.0
-5.210705476570152,1.6033075867240765,2.0
4.099758585347232,-1.8276351971189548,3.0
-5.833761461247686,7.59287588484964,3.0
-9.387685810955816,5.13033719242811,3.0
-8.885231931759126,2.8486463825779733,2.0
-9.121115748321056,2.8233822744936745,2.0
-0.8149804476332374,9.010454935645722,0.0
8.772818832530888,-9.805196586688162,3.0
9.66225119989597,-3.6447996521180803,0.0
7.315105699650349,4.880549636127453,1.0
8.818501909486816,4.563469703627954,1.0
8.182101297373052,8.274834019361705,2.0
1.1828249889285747,-7.193445750438004,2.0
1.0021450993978753,-1.9058149350483937,3.0
-7.171123116207021,6.1239024618567015,3.0
3.648965100829706,4.520553980813347,0.0
2.767833644089457,-7.655129198064527,2.0
7.678280117301206,-3.7727287007591315,0.0
5.5493009070200845,-5.141531966654529,3.0
-8.70335794447331,-2.1415371463275124,1.0
-0.2846243644977626,-0.4228332435683946,2.0
-9.09069604688544,-1.9823637291238683,1.0
7.459404017004459,-3.9533028848371288,0.0
-9.507134671626849,2.0312729509540883,2.0
9.615170640109543,-2.0252656781375915,0.0
4.6508637676862445,0.6939510153142088,0.0
-0.5837407468070737,-2.172568732704687,2.0
7.299812806194566,9.219184337142195,2.0
2.918083983652304,5.251496544195046,1.0
0.6554029353056876,2.540123526495737,0.0
-0.5740411108057248,-5.032106912816852,1.0
9.082081155121678,8.220627548888423,2.0
-5.670135621753303,-9.940532274713462,0.0
3.5231703222782045,4.543175885508502,0.0
0.15345290872110517,-3.630364410936795,3.0
-1.4931912742677316,-2.208400446332604,2.0
-4.51046988904219,3.211662967251531,3.0
9.68954643619021,-4.231167950886214,0.0
2.8720246645215006,8.372667653552455,1.0
-8.81500778810909,1.5243010325542006,2.0
1.7549618280785122,-7.9879312853643665,2.0
-9.339651244618977,6.999242004267224,3.0
7.501567783474258,-8.68650626635995,3.0
3.830980484590107,0.42474991793587336,0.0
-7.048874567114476,-5.728954077771622,0.0
4.207769989211441,6.296758906165046,1.0
9.610015969753697,6.208092987995318,2.0
2.430386008084387,-2.4394434599760633,3.0
3.3784140563452087,0.9470357240715916,0.0
-7.464565142582494,5.772225482008203,3.0
-4.891524268537816,-9.47670074465279,1.0
6.146694596121826,-1.4209909240198453,0.0
2.035734978339452,1.0828686150744975,0.0
6.101251623957296,-8.621291128804211,3.0
-0.7800563628343546,-2.601521934715077,2.0
-5.669519026766412,-6.795026543155451,0.0
-6.786105298274547,8.58384262925308,3.0
-0.2081875962696742,8.353028750821071,0.0
4.096256414848815,-5.138859704745431,2.0
-0.14963166495745917,0.28109911266930077,3.0
1.329170109500609,4.293069419394236,0.0
5.054434792033636,-5.711686390583923,3.0
5.18391410064552,3.56901671533703,1.0
-0.5643421460625824,-4.853335356268957,2.0
1.84533220811967,5.433812123528162,1.0
7.743657844032118,-6.737799266944506,3.0
-7.430744545145704,2.8444215122325467,2.0
3.4071618009653637,8.953956361926629,1.0
8.980416678847586,5.248086033010546,2.0
-1.1544426580052036,-5.648604845523193,1.0
6.29404155206937,6.1851372378308795,2.0
3.8469516997659365,-5.407122107594002,2.0
3.335629075945601,1.539429905343706,0.0
4.8490255365073835,7.846569052250775,1.0
-5.522178157045956,-8.116953440065387,0.0
1.6143698689715364,5.663035086977601,1.0
8.144687991178092,-7.62593620539195,3.0
3.198770541575202,-9.702806918855647,2.0
-3.3226371632069718,-8.2300753631487,1.0
0.29262148659562115,-5.439141093123676,2.0
-3.5314263104382704,3.2841068370894178,3.0
-5.846471104793649,6.559657786711451,3.0
8.750426108754844,5.177756864110679,2.0
-3.4911782060621004,-8.499114865139942,1.0
-2.341577486533155,4.684231807512818,3.0
6.758852308209725,6.125045306961706,2.0
-2.900401660245622,9.509364092407552,0.0
6.397124907698711,-4.650293443713278,0.0
-2.2673813711448716,-3.4569833946402273,2.0
5.191477746859601,-1.1418829043018892,0.0
-8.819978682544395,9.304677987051107,3.0
0.14322213608757117,2.712286490398059,0.0
7.527826206059846,-1.3812364044678986,0.0
-1.5581045861205638,8.504521592409947,0.0
6.189334550315273,8.37261759672164,2.0
2.471469921654341,-6.460367960645637,2.0
7.406928731798324,4.004129595545409,1.0
7.351009752108144,-8.14519592498834,3.0
-6.607326200164058,-7.897428761125371,0.0
-9.797005903251053,9.821423447744877,3.0
-7.037590937997374,0.22569124040282418,2.0
0.23745591596864912,8.29612095867596,1.0
0.2897913575685642,6.047498470129909,1.0
-3.578763960988467,-4.1729186350524365,2.0
-3.290688426379065,3.469810851915394,3.0
4.59238203026284,-2.57281030323899,3.0
1.4306332004303357,-9.626600824041498,2.0
-0.461027741041276,0.14993409748076303,3.0
5.696303366967925,-5.914684648175457,3.0
-4.243730034902002,-3.2850922570388885,2.0
-6.782881948471397,-0.1616162693494374,1.0
0.9793660438436351,-2.4433663372211516,3.0
-1.3725444282786796,-3.28455689260442,2.0
-3.4628084124676555,2.9153205031835085,3.0
4.469953567970917,3.1202815952801615,0.0
-9.580892307145866,-6.483371523153856,0.0
-9.311547814022727,5.505745622245755,3.0
5.5111993140872055,3.772985177423166,1.0
-1.2947954252635618,-7.142279193840193,1.0
-2.266241093717083,-6.578153519558986,1.0
2.712007100269659,8.062508777407128,1.0
8.953311239555077,-8.543563389354649,3.0
5.0322839987720425,-0.7477755327774958,0.0
-7.5589631069808245,7.948566289705155,3.0
2.5746590068955584,-6.220301666026897,2.0
-1.9983848320076962,-4.164763939840411,2.0
-4.735342371817826,1.1112628347414955,3.0
-4.43019425049759,-3.93020633451596,2.0
-2.987563729873564,3.5161362395808844,3.0
6.063425415872917,2.0663511470401694,1.0
-3.682180768637884,4.080627092503942,3.0
-5.424309570678412,-2.126377547479521,1.0
-4.355007196270231,-8.316589785040762,1.0
-5.126772354885702,0.46127540057615946,2.0
4.232494414006144,-2.661295320709245,3.0
3.2926613678992247,1.6754445577231358,0.0
1.465330362061053,-4.224902572393454,3.0
8.377124901542562,0.345604432505187,1.0
6.801120891441769,-1.750419705775517,0.0
-7.816591362092957,5.389543608606342,3.0
-2.153563787005046,-7.837323471858819,1.0
8.349669382991443,-7.22496794777177,3.0
9.61487401331711,-7.684598816893264,3.0
4.1908655057946085,-3.4413206126948825,3.0
5.885375088437408,0.7853695764941158,1.0
6.885831791266323,9.048258215428152,2.0
4.114376628406809,1.9374217520596027,0.0
4.908926107238873,-3.1229042664321476,3.0
-4.009717024187898,-8.630804270763843,1.0
-5.975462470219126,6.297488642391258,3.0
-8.344214867101975,-8.046036860351247,0.0
1.8167326993281243,-4.02825614906593,3.0
1.6052453959247703,1.9935493353488845,0.0
-1.4317809402227688,-8.572700779283025,1.0
5.851098388232252,1.5721354183128238,1.0
1.1589744099070352,2.6165779889911747,0.0
-8.912414574126782,9.613271825344405,3.0
-4.934525772236218,8.959268308163889,0.0
8.508788547417865,8.772730140320654,2.0
2.6390524351928253,9.851759276637026,1.0
4.780491159797208,-1.8000593191129983,3.0
4.4035323451376325,9.157287407193024,1.0
-1.8256202811264153,-9.183395163130081,1.0
0.29587792518349687,7.553409309989306,1.0
8.510164035846564,-7.91422714331423,3.0
6.956513077480299,7.833539565754052,2.0
-3.0620485527336,9.481607115863355,0.0
0.6847690570958402,9.021666431417902,1.0
6.540442605282269,3.744254175478181,1.0
-5.258996290077345,0.06484471253709145,2.0
-0.4070988393557755,-0.8572667650307793,2.0
2.5362941797654575,3.1540809337864566,0.0
-0.1220190078090333,-0.7015636047527991,2.0
-4.209759680731655,8.374341392656834,0.0
4.204115654329293,4.196435027423128,0.0
0.3278292580642308,-0.8150371978951085,3.0
-3.9857792395698155,3.6257389273030505,3.0
-8.164657633929988,2.990396444848546,2.0
8.024135998707969,4.769325880358172,1.0
2.2349400524139877,6.327194562837121,1.0
9.697564452052667,-7.062644283647527,3.0
-9.470497567739404,4.990522483084627,2.0
-8.57322069203587,-3.256430421038889,1.0
8.7713507657601,-0.4414690735114224,0.0
1.3860803842133702,-8.591597359058309,2.0
4.365884673799645,-7.419051905386951,2.0
-2.549790544146977,2.740879587029479,3.0
-9.52308188151248,7.261587655982758,3.0
0.18004538880310683,4.522793596050832,0.0
-5.3520777000264115,-3.7361634921152813,1.0
-4.774516884014275,6.935800636785778,0.0
5.121616659532982,-4.97547548343479,0.0
1.6734378796786231,2.8252842711886927,0.0
-0.35633157960389994,-6.5735298296512745,1.0
-9.700743070491622,-0.45704702363900296,1.0
1.7581244605764255,-9.2554296814565,2.0
-7.854163061456307,-4.2078698180318135,1.0
3.3817501123545863,4.595919040582935,0.0
3.3193787812214346,-1.5247134122390769,3.0
8.710817463443313,-7.916864558117414,3.0
-7.477768103300604,6.006342613727355,3.0
6.432925784543325,-9.077366999150623,3.0
2.4912097819133354,3.4580311088486226,0.0
9.648884664820173,-6.249330946886104,3.0
-1.5449684383320328,-6.7959639070417355,1.0
-9.238026853733153,0.9622337033289785,2.0
-3.8641322090852803,1.0465838789288533,3.0
5.517866602405366,-5.396604496508466,3.0
0.7200876665902456,-6.234300533990858,2.0
3.175284215373331,3.8687613151180056,0.0
3.3683279417453686,9.739766331902477,1.0
-1.1861679982168756,-6.193338930352699,1.0
4.4341993197664955,-8.81100365228789,2.0
9.113769045606265,-7.246631629740323,3.0
7.9207326300219165,7.898189695968764,2.0
5.026484705763814,-4.509718409758401,0.0
-2.535615282834587,0.3680873877800295,3.0
1.3362306223498877,7.654229116513875,1.0
3.0896123900655166,8.557815261446681,1.0
1.3002849713869402,-2.6827263708404914,3.0
9.997425559127837,8.31876347737521,2.0
4.918747409879142,7.172756643052086,1.0
-0.4850276363706243,-6.9142151833818,1.0
-6.150230231262698,7.726550879736109,3.0
-0.800503007390283,6.224480451411807,0.0
5.397083739986975,-4.372715049382356,0.0
2.0600447410859815,5.931049378564669,1.0
7.782099797901566,-0.6439463180177114,0.0
5.379748679104981,-3.2144975921264285,0.0
4.759803808517473,-6.9502378162750755,2.0
-1.6851920184944476,-2.7666668055295336,2.0
0.29196944883025644,0.4176457043904733,0.0
4.589028492569014,8.697499524408208,1.0
1.8189852820985681,6.966699680678779,1.0
-3.6855575181597082,2.262402539919597,3.0
-0.9934476693083774,-1.9763284636406215,2.0
-3.913890696808979,8.557659820239355,0.0
6.491694641882642,-6.150345850536143,3.0
-7.672747139565761,3.161275568554121,2.0
-5.9692403352082435,8.457876951942936,3.0
-4.504592187593676,-0.44698245043079865,2.0
-9.185381906457074,-0.9780854543570676,1.0
-2.4771730501424134,-3.295021120361974,2.0
2.3282129046728084,-8.43480959833846,2.0
5.235711646016277,6.160754842381209,2.0
-4.196104374268728,-6.1344919928010615,1.0
-1.1924572228057233,-1.7522745486433244,2.0
-5.712070164846139,2.891542683732883,2.0
5.518252166152571,4.361397830779916,1.0
6.350633992566632,8.030929422983185,2.0
-4.909457128960919,-7.6111518680856065,1.0
6.129618138882893,-5.235755010653474,3.0
-5.406027575358401,1.322609540868374,2.0
-2.96352869598,2.319562967976621,3.0
-6.559497103206969,-8.607739678163163,0.0
2.8165390410043916,1.2178799605758588,0.0
-4.816287261504337,-1.7184046805883284,2.0
0.8752480874420847,8.658146047114059,1.0
6.12901768926131,2.151777648648512,1.0
-9.635381255586497,-2.4766005719618134,1.0
4.491987354399203,4.785106110568583,0.0
-2.231007534181768,-4.344956828133291,2.0
-0.133008003810291,1.5038934553895462,3.0
-5.413863220282737,2.4275822562114406,2.0
-5.561251035752763,-1.302881956340876,1.0
-8.607806310652396,3.575611348502628,2.0
-1.7884569695634305,-0.1522351139192697,2.0
3.5183950223998135,8.382658644230677,1.0
0.25038011954082506,1.4341638149846663,0.0
-9.642312510643427,-1.3421459372392874,1.0
0.6168363359740745,8.69858183035565,1.0
6.3724357513663925,-0.07138465925960347,0.0
7.475334427005503,2.5997676767942313,1.0
-3.889710528296673,7.673825849092708,0.0
-3.3359817694375637,2.117715763417131,3.0
2.7343940529444595,-4.210060829285793,3.0
0.7950157467318153,-5.645215057389439,2.0
-0.858833887993196,4.427082850864679,3.0
5.106644642298715,-1.1568847593100315,0.0
-1.0306064243905393,3.7460763043217966,3.0
-9.411753971438513,-8.027618131056721,0.0
7.863174746446795,9.765648516455833,2.0
-6.373309667143625,6.870469571803305,3.0
-6.687093127642414,4.497327669878349,2.0
-7.702988774310291,5.149846164599399,3.0
9.613033095529996,-6.984049227100188,3.0
3.765625236527381,-8.575609563943146,2.0
-7.505280264144016,-6.320115334422029,0.0
-5.548733836729419,-4.868842647313782,1.0
2.3930479708177543,-6.848906652508752,2.0
-0.8924319977431932,5.964094095149992,0.0
-8.846697389254821,-5.1630841216696925,0.0
7.171135572058866,0.13879574817684137,1.0
-9.510961742126824,7.574324342366445,3.0
-7.874058318149546,3.2431562562777003,2.0
1.118229287869637,-2.8409525463429492,3.0
5.992233236111964,0.8512322927270777,1.0
9.127257572708281,7.155083900416411,2.0
-4.933881750232398,-2.42606357342461,2.0
5.632312765742139,-5.093829718213499,3.0
-1.965175181985808,-3.7069028634612007,2.0
6.004145900553482,5.056553865111084,2.0
1.0803704096084914,9.289543097231562,1.0
9.177650659265872,-0.45901876339693004,0.0
7.095850397936051,-9.918133603738497,3.0
0.5515445589989127,-1.3153420133742078,3.0
4.854264604068625,6.388167314958981,1.0
4.705736206899239,-7.9037754724413745,2.0
-3.962049219637036,1.8651742981533008,3.0
-6.303029384858814,-6.392280792642728,0.0
5.303580817897963,3.004023233564741,1.0
-3.770582169001539,8.190864627231125,0.0
-5.3078929610615555,7.174660701558931,3.0
-4.539879430491467,5.17414090651709,0.0
-2.358845595003509,9.451020464612125,0.0
0.3719517910861736,4.007918739227332,0.0
-4.771088106074128,-7.826094750579822,1.0
7.651593904903507,-0.3730044654480231,0.0
5.74595604236249,9.669508560575249,2.0
-2.446831101214757,8.135663269008987,0.0
0.2427860989654551,6.131869972125308,1.0
-2.7175529302642527,7.210959994804149,0.0
-3.7599119637349476,0.40144960439004507,3.0
4.495080194161245,0.1731737226196639,0.0
9.031442272291045,0.5297599111066091,1.0
-0.29122434697907984,6.6402080113749875,0.0
-6.798599105955896,-1.0785818054523038,1.0
2.404334858197309,-6.389124518462463,2.0
-0.13806742321100351,4.624958240007672,3.0
7.934753080912337,-9.069730575712677,3.0
0.12308493919538854,-0.6042965541762051,3.0
-3.712237474174862,-0.5029947144666842,2.0
6.10303236225138,7.070511461571925,2.0
-3.019409530390888,3.0776312175382294,3.0
6.493786157321541,8.749286777838044,2.0
-0.7743404024577814,-4.353198797916978,2.0
-8.797906344694441,-8.068269019741528,0.0
-8.618092187559155,6.864597563126491,3.0
-6.226703892550018,-5.485053860053748,0.0
-7.831044210136476,-0.47393513294820444,1.0
-5.845298019469669,7.304754451378557,3.0
-2.659360809508211,-5.144662969613501,1.0
-7.964029675945605,-4.142747299621881,1.0
8.010958329617047,-1.0671559389260405,0.0
6.140545169086749,-8.577046057480299,3.0
-5.7693357461231525,-0.4074762041579323,1.0
-8.268410579677548,0.8913884158392449,2.0
-6.1507784415635065,-3.337066087084331,1.0
1.6286324678197204,6.975145948392566,1.0
-4.9808414247264725,-8.604784815257995,1.0
-7.431052847894895,0.6917267572744947,2.0
-0.8343228548732018,5.528296078629962,0.0
5.192284750466474,-1.0011440974216974,0.0
-1.247793312626026,6.761166502200773,0.0
6.63404426362078,5.269007373659315,2.0
4.578238811077979,5.474767938353857,1.0
2.6028084584047413,4.2463546639662635,0.0
0.652872532118522,6.473995299329573,1.0
-5.331970028792281,-8.533600515226121,0.0
2.6933564531083114,2.2857535159064053,0.0
8.038157908254906,-4.4810694039831205,0.0
4.591494819975516,7.839578417079345,1.0
9.990188546617947,1.0349303389720212,1.0
0.6464784868174949,-1.1740713571459143,3.0
7.42016804016556,0.19330709313556405,1.0
0.6794490291750055,-3.140722845831359,3.0
-4.146860909691763,-5.66947190681603,1.0
-4.016247121319978,-4.940890227712876,2.0
-4.127347696102904,0.638753294367234,3.0
-5.235100276513469,-7.680549748586197,0.0
5.711501085506409,3.5352228028523704,1.0
7.3112950052536085,-9.260947420480512,3.0
-2.3423142888661053,-1.5805764897008459,2.0
1.5286367289192775,-6.681370759027203,2.0
8.015067991881416,-3.0642303554357593,0.0
0.06271653366876073,-9.923775691583758,2.0
4.850281686387241,8.317059559821253,1.0
9.592688557265792,-3.8745705348532162,0.0
4.199421309916936,-8.968757617978266,2.0
-6.800563385546772,8.728462217834927,3.0
-3.428116398240224,-6.841972342573445,1.0
-8.176140692795089,7.1254659087209085,3.0
0.22439944606742301,5.297937644726176,1.0
7.406439883936848,-5.013108846046947,3.0
-5.6820139952979964,9.419185161113845,3.0
6.20632661080397,6.515566407566315,2.0
3.563033227529207,5.419713770789102,1.0
-4.968316768036878,-4.2995855233944225,2.0
4.767242257110993,8.32425797320218,1.0
5.09093344630822,9.654567211624556,2.0
-0.9412690461898432,6.71539486957122,0.0
-8.338618094893944,8.070643379034241,3.0
-9.600517227121054,3.649035959026115,2.0
0.8556395722793155,8.70066266122582,1.0
7.195045750778107,-6.099441252412081,3.0
-8.27524096048668,-4.014033141903317,1.0
-2.865883326142688,7.615753710649731,0.0
3.2828366392250015,-7.101143159638401,2.0
-8.115280731452346,-9.80866589576477,0.0
5.428260808907817,-7.023719024612847,3.0
-8.206762864757469,-7.782944891665744,0.0
-4.510437439972669,-3.0930788798519444,2.0
-7.306587426076938,-0.10396532341335174,1.0
-2.3823575466463627,1.9850646160245233,3.0
-4.568820278504429,8.66331613833285,0.0
-2.798870539875857,-0.27105497875090023,2.0
-4.020223411605873,7.902631970524659,0.0
-5.352684276189217,-6.250974473094233,0.0
8.640578135071348,4.900884361205627,1.0
6.396734931905833,3.4032502235876407,1.0
4.426064315348054,5.415783755850963,1.0
6.1873427819855635,1.2752826310610121,1.0
-4.904580537170076,-1.7783627195218,2.0
1.928188710676901,-8.594276428645662,2.0
-5.261554743200209,-5.841234213122282,0.0
-2.416590439859392,5.561037406397201,0.0
-0.8688585657199788,5.885779411909942,0.0
3.9246320683709897,-0.617298810455738,3.0
8.672523236367358,-0.22452446624079592,0.0
-0.9167854137036446,9.970434800334989,0.0
-7.6865897316418845,5.943784236347119,3.0
3.376410717999077,-8.47814776096278,2.0
9.928801290767218,-3.1303943471460265,0.0
-8.605074544660683,0.9289156268138488,2.0
-5.718498342947276,-8.288665141256399,0.0
6.956348165779936,6.542223232023339,2.0
-1.92744877785392,4.922937516680342,3.0
8.685062437254523,6.4680074892566175,2.0
-0.853375424502957,-4.938377396492899,2.0
0.4704819909696951,-4.178779476524865,3.0
-9.415622156782435,-3.5256356076644018,1.0
6.512540165449387,5.481773187416197,2.0
-5.515536972397108,-8.297350312544992,0.0
2.1421453261968537,8.991740951899644,1.0
3.7585070312485076,4.926805614685444,0.0
-6.233904010216986,2.459208331807135,2.0
-5.264443276852435,3.106007843666603,2.0
-6.072639182165092,8.209339123736417,3.0
-6.643065110129527,-2.7686503862429284,1.0
-8.21056135483291,-3.333141306683844,1.0
6.054905480591884,-6.647983819669916,3.0
8.698609481049363,3.0116426464045336,1.0
0.6432750465069592,3.485167994368501,0.0
3.095070731676156,-2.5884907742819285,3.0
-9.341527209369517,7.926977397535001,3.0
9.270563661704944,0.35377884741642873,1.0
-1.427584722392968,-4.801515861628087,2.0
6.000449484836402,5.458992512286597,2.0
-8.290933842362909,2.366174022276933,2.0
-8.712343160732232,9.840782419547395,3.0
8.495497021178927,-7.5709084336662595,3.0
5.415052588564169,-3.8684080624629935,0.0
-2.4111528877595045,6.460403832411753,0.0
9.997013357339771,7.632824195040172,2.0
1.627674481131054,7.607080508694519,1.0
9.3431762647084,4.077525889286315,1.0
2.7385456003663613,8.217455519354129,1.0
6.575073258416747,1.5351569875193345,1.0
-3.448854097435108,8.42109441895576,0.0
2.8557121744241627,4.5993900508106496,0.0
7.320246872336334,5.803459133601031,2.0
9.663072323284378,8.294349453203825,2.0
-3.5897453267224355,3.0921358542830735,3.0
0.8210495352497595,-5.85714786297631,2.0
8.810167632350176,-6.940185020814241,3.0
9.063233797066438,-1.5283729458091333,0.0
-0.3501389419154002,8.350577985605124,0.0
7.55502315442979,2.9749826917216957,1.0
-2.9812619925431783,4.622161194805463,3.0
4.3961672543474535,-3.4426523225900336,3.0
5.852625263326011,7.97640111898707,2.0
-7.615315444534289,6.147381354796785,3.0
4.9150968228017184,-9.18608854292549,2.0
5.644961458701175,-4.97869488833248,0.0
3.398323925167313,8.846272751388291,1.0
-2.7579821150338972,6.409742643567007,0.0
-2.7925475524733674,6.5557253418515735,0.0
-9.764114877796041,6.993163625961131,3.0
6.196066697768416,1.2858254947551764,1.0
3.7787820166264474,-2.7703251969509157,3.0
4.611930864349759,3.9968505448290266,0.0
6.3068165065633615,1.0039286559865186,1.0
5.7665657138850595,9.853717258074838,2.0
-5.335580892365829,-3.235262494824105,1.0
8.38086806500381,4.138519834168973,1.0
-5.986046164985954,2.7705313012685924,2.0
-8.994595902127337,-2.6524714465332755,1.0
-7.817207550872045,-7.870050595565763,0.0
3.4081622237550064,-5.278089952564815,2.0
-2.8120770365330277,3.2525569107538725,3.0
1.1991861377850022,5.037881723098987,1.0
-5.253127114980309,-2.3664153834084045,1.0
-8.391077840348881,7.137250226501731,3.0
4.911022398636058,6.886134752956089,1.0
4.316339023388016,6.225510964581954,1.0
-0.13218423399269774,8.252043142307453,0.0
-9.928453472113258,8.295881455336325,3.0
-9.95273090020695,-8.434097565062741,0.0
1.4354051545055473,2.9387136621347842,0.0
5.524398738452376,-5.577334342141754,3.0
-8.26658290210489,-8.241796317257176,0.0
-0.6114699215342476,4.590099270971637,3.0
-6.582217671936834,0.6510221287661686,2.0
5.233567039941832,4.392497793629836,1.0
-7.932994268288523,5.937580001487985,3.0
-0.07308500593923029,7.551163986270815,0.0
-0.6447026573171737,-0.7893664872274986,2.0
6.968005978333437,-3.23272292859132,0.0
-5.020070172525388,-3.4000844590242547,1.0
-0.34130915397236095,-8.476067112600385,1.0
5.324671429207015,1.8506433203879542,1.0
7.551413192771271,9.917460861295389,2.0
8.235838850617565,-0.0946822652534145,0.0
-0.40466632200594077,3.6591596956573653,3.0
9.295466791473114,-2.812406359162452,0.0
6.239404003142688,6.375318176762374,2.0
8.085479322195589,2.0128927522490017,1.0
1.6133219676232198,-2.1272642579722856,3.0
-7.870120871227872,-0.8995985281539305,1.0
4.947131180960893,5.9742501611601675,1.0
-8.894210102872169,-3.5796904236773113,1.0
-1.645758160016344,-7.216464542778329,1.0
-7.810891675692959,-7.102944939480862,0.0
0.07320920063700598,2.45953983726446,0.0
4.173333653278686,7.039831624301634,1.0
-2.5293189978546486,-2.6941913136984574,2.0
2.8053978691402097,9.231093811434935,1.0
-9.196167430544655,9.273718249987525,3.0
-1.8301831570427822,5.597073307521761,0.0
-3.1979555594930726,-7.719191512179369,1.0
7.142929414905346,3.161697805226215,1.0
-3.6974409216935245,4.8870938736607545,3.0
-6.309679799222694,-8.45599825338281,0.0
-1.6891590339843976,1.3951033619418887,3.0
2.2946935793734617,-2.4988049002130612,3.0
-0.3785731695365264,2.9755414721877305,3.0
-9.802116624265375,-8.343541685151909,0.0
-5.961324123956498,8.425069860342965,3.0
2.8956705983243136,-0.56563026477059,3.0
6.142214068492173,-9.64159839012843,3.0
-3.797234417509314,1.0436010940045133,3.0
-1.4359399167112947,1.5669194914356144,3.0
-2.6532284034274305,8.620394420826795,0.0
-4.427541444284988,7.782089179749658,0.0
3.93140080623089,3.4950335502500014,0.0
6.197058404811656,-6.397827022834073,3.0
7.189250788475093,4.275745019494391,1.0
8.597237264705008,-1.9834962417535529,0.0
-0.5865782403601969,-5.992562641887118,1.0
1.1380761551015297,-4.6958684172831955,3.0
4.736680966516198,-7.441126869949157,2.0
1.7367535418743536,-7.03486788408906,2.0
2.403506807716978,-8.600121079181278,2.0
-8.974190529590908,-2.9090468843952744,1.0
-8.187369409107397,7.954056705555818,3.0
8.384457111859135,7.4669345586674005,2.0
6.241074516658372,9.546881601944254,2.0
-1.6969883797805974,9.373639096759923,0.0
-9.644435527544031,-0.2591982019731134,1.0
2.8075788440805134,-3.7057660616752264,3.0
-6.0987528961138775,-2.567384441806732,1.0
2.6852355651222215,4.430108901489273,0.0
-8.66878754282026,8.688479173291384,3.0
-6.6758755432340156,2.4500784261138975,2.0
-9.964602514940275,2.0865338112756433,2.0
0.20100770941508195,-0.29677653381069824,3.0
-9.989787482370986,-4.41111517864006,1.0
0.27449644876687174,-6.4620042948563805,2.0
2.8246480144528334,2.464154440510102,0.0
0.39252203383280104,0.40159049258619106,0.0
-1.4700472117099679,-3.77339379913807,2.0
4.1448035378802,-2.7950210094604238,3.0
5.863050952360279,-3.915765408508978,0.0
-3.5646047345460374,3.8653762849806146,3.0
8.125173436799315,6.366390786009585,2.0
7.665676761527578,-3.729831892740185,0.0
0.23800293836157138,-7.694970863502537,2.0
-7.31580905798245,9.584234192716451,3.0
-6.745904765589548,9.83356699479026,3.0
6.006441368041646,-5.228758981363308,3.0
3.8194444785476414,3.7507170435947152,0.0
4.240995787341401,-9.212039861134036,2.0
-7.961380288084017,-9.638118581136862,0.0
9.048983790715997,9.966969580489298,2.0
-8.490519742217028,5.007409314157918,3.0
-0.24826579869019483,-4.2087575685703875,2.0
2.5349774150802205,-4.203202580148755,3.0
-0.010547751595479937,6.3144464729089265,0.0
-5.457703263099541,1.451838981124535,2.0
3.334456203395197,-0.17460848212403235,3.0
-2.735647453938544,4.672328912117873,3.0
-9.883382895836988,-4.081209179943426,1.0
-6.693187499894493,2.1324249781600546,2.0
-4.564121012292748,-2.43029996531625,2.0
2.3092211420485285,-4.203906243452991,3.0
-3.7535602630305664,2.6922706453816403,3.0
6.674607858016476,7.391537597567726,2.0
-7.9258180602921335,-7.074901297417289,0.0
-0.8547306746552863,5.989474184730623,0.0
9.802556104918377,-0.5879568667900479,0.0
-2.795332176336207,-9.067964809265288,1.0
0.9144903311196373,5.205809625562885,1.0
-7.3370322585909715,5.191159756735075,3.0
2.9319336518196497,-7.2130765303760125,2.0
-7.525948904452731,6.140261509038108,3.0
-7.575506238135185,-9.564801478130038,0.0
0.5345558684686615,-6.869977628875892,2.0
-5.997464154178543,5.107034485099245,3.0
-3.8786487809314885,-4.812125477508036,2.0
5.202783834626567,2.679324274951764,1.0
1.280177946261695,7.924490077190409,1.0
4.2780596814333105,-4.34835837148322,3.0
-8.72945145939199,-2.9529394774051436,1.0
-9.690222943542302,9.200306932367944,3.0
5.910079600013871,-6.613089581479468,3.0
3.222301516794472,-3.2292640541450073,3.0
1.5981839996606446,-0.4685118720596009,3.0
-4.913330125993136,-6.047745403620244,1.0
-9.945095005806973,4.82255438500893,2.0
4.6196767493402895,9.850502387415105,1.0
7.918967994651091,-2.8423604178452377,0.0
0.53228788690679,2.4825456361750255,0.0
-5.219979086606865,3.310340454815808,2.0
-5.665130924607706,8.57885376573137,3.0
3.7497425578194417,6.0209761887803666,1.0
7.073462397295913,7.834801977587887,2.0
-4.377543577064871,-1.382762340684403,2.0
7.385673252954547,6.022023336652921,2.0
-6.904284303973574,9.517757427833686,3.0
6.391108742659956,-9.20195500119913,3.0
-5.259372369039155,1.0564296501052013,2.0
-7.868973275345821,7.576328360497897,3.0
7.3855775707472375,3.2186277964569108,1.0
-1.699714861268486,0.2887521128147945,3.0
0.6657327683200229,2.3968559430124987,0.0
-2.3420924137405468,-9.294682251336967,1.0
-5.698393310208858,6.252448448779994,3.0
-1.261961449803703,-3.3119233737789404,2.0
9.688119037833054,8.541930428656197,2.0
-4.261004436555462,0.470772722494603,3.0
-7.447999760696504,-2.5769045916287876,1.0
0.9679234588401684,-7.865486046084344,2.0
-2.3047169784409904,-1.4330664532841517,2.0
-8.54493938957744,8.486587041609397,3.0
4.303602693316169,2.925903552950789,0.0
4.836949655156788,-5.724184888530274,2.0
8.841249744866595,-5.3711047434153265,3.0
-7.353532077913803,-7.455945366144623,0.0
-7.287740637163315,9.425358168810497,3.0
-5.252901449020344,3.0815179642874284,2.0
6.181956310097341,1.586609815351629,1.0
5.903091571351588,5.558106597374833,2.0
7.937768581672717,-8.900537891932474,3.0
-4.242924453729087,7.214288248593551,0.0
-6.722386245089473,-6.637762367361035,0.0
-5.27773923862661,7.020492360948545,3.0
2.5060554375067383,-8.150798050074084,2.0
-0.8514838247216456,3.7340682635222358,3.0
5.39446485766735,9.914944057064279,2.0
9.535081216274143,-8.265116561244257,3.0
-1.070655166180055,3.7943770071999054,3.0
-2.009406950740866,3.866891363795226,3.0
5.604626634156396,-1.052837232988388,0.0
6.800375701948301,2.8139005668226442,1.0
0.5880535005393206,1.7129612548740951,0.0
7.791432906698908,-7.770861817978371,3.0
-1.2581248129138327,-4.492564417238913,2.0
5.258243451111333,-2.2061468647244276,0.0
-7.299748178210999,-5.413392405460642,0.0
6.8868105146414536,7.478414822532688,2.0
-4.247150111919464,-8.498300008976427,1.0
4.802335359116599,-4.9133460053779405,3.0
0.16337976783740515,5.662779017324429,1.0
-1.1901721265863507,-8.169162143653658,1.0
5.203732183855831,-3.0820089495607945,0.0
1.5628986891746308,-6.796305248079479,2.0
7.0547208744895755,1.612300672656957,1.0
-9.247636835354712,1.8668518533929461,2.0
8.830671763163458,6.735748410304968,2.0
-6.156792831118018,-5.25445585556938,0.0
6.0449224888833335,1.1399072946771334,1.0
-8.079751754722867,0.0009512840538672407,2.0
-5.042070874470905,2.357063419020111,2.0
-6.245474847820018,-3.299561207811741,1.0
-7.76745986341534,5.8934274048438695,3.0
-8.73156799189536,3.810690840544318,2.0
0.2147673112936861,-3.484943803044411,3.0
-6.350256791377403,-3.943445139458495,1.0
-4.450422330397899,0.6345490635464923,3.0
6.325162069405536,9.898123985412393,2.0
-3.6417701477285487,7.4428435743298245,0.0
5.194218327363863,-1.0307994090045511,0.0
7.473134294844755,-8.133497469632491,3.0
-3.2921964404030817,0.8514923224416826,3.0
-3.505366048009339,-2.707834758952221,2.0
-3.1557349895586544,5.811002292077765,0.0
-0.19578254554000196,8.556292874176496,0.0
1.574709700752237,-2.493695220212542,3.0
-6.74725690616259,2.3268917205129362,2.0
3.5614425155191434,-6.03971068527451,2.0
5.5890678856133,9.754737762133693,2.0
-9.80160306304247,-5.949558316021775,0.0
-4.851281623205148,-7.490445937441073,1.0
6.2690834363179455,3.633680976747492,1.0
-1.7643936112013598,1.8550483402055882,3.0
-4.480691276836415,6.125085195863832,0.0
4.314595552102896,4.167099436307236,0.0
3.6577597062309923,-6.1739173643521905,2.0
-5.668546941944674,-0.42292957410052523,1.0
3.6268039177345273,-9.687234861608232,2.0
7.786830701067544,2.3070962143524056,1.0
8.542858759500408,-8.713791414335223,3.0
1.641857746009478,-7.284984937615975,2.0
-8.03934579767063,-6.1910116850193875,0.0
-9.105300359334459,0.8393638508981986,2.0
-9.502260790467467,8.126246547979036,3.0
4.402793235581102,-3.839140500361795,3.0
9.459521342410358,5.092458828067759,2.0
5.706887805521323,8.415655825674794,2.0
-0.6220943307733258,-5.63550889806052,1.0
0.003757051963953373,5.614412695787882,1.0
-3.1503510190312394,-4.8933889129690495,2.0
4.38785761003172,-5.906565157961776,2.0
1.4407632455618984,3.994005030461267,0.0
-4.226414427544154,9.495619908803931,0.0
-8.78590864125776,-5.097077080991919,0.0
1.8544309131976853,-8.43317388703988,2.0
8.613951624488891,-6.656985659910715,3.0
-8.269633517669753,3.2168583018300883,2.0
-7.388195981795514,9.318748094274223,3.0
-6.693366654700343,6.9806948127287995,3.0
4.402817937865871,-4.9990749330278295,3.0
-9.240708983518545,9.04685613755563,3.0
4.22275913632372,-2.693863425717298,3.0
5.195577253540666,3.7631525953661686,1.0
-1.2873423815675356,-6.756812833935458,1.0
-3.8331414176029277,-8.816911430376095,1.0
-2.937914673335116,5.835957278850438,0.0
3.3385145509561447,-2.974422362751003,3.0
-7.8602822127915335,-1.8849384565284044,1.0
9.239147052999677,-4.974169642691919,0.0
1.6059632757872393,-1.167066965975481,3.0
-2.8278087466643376,-8.190237613389165,1.0
-0.4536613538236409,3.949761097975692,3.0
1.2686533525675117,2.5306181398868848,0.0
1.7144410940389054,1.810136779576279,0.0
-6.446682482910511,-6.697408493998996,0.0
2.1754108446413696,4.873628432902175,0.0
-5.510675173224429,1.8482566914399197,2.0
-9.961231091949452,6.265301946036988,3.0
9.390846559595467,5.6925700355004025,2.0
2.9983462262567517,7.3065184070221605,1.0
5.569444975224334,9.148435398312099,2.0
7.621575937238045,-3.5465908359120206,0.0
-5.334675763543522,-1.514594141656108,1.0
-1.4975998319694028,5.866901053777303,0.0
5.451413199808746,-2.2254254961678583,0.0
5.691655717000332,1.379551010110177,1.0
-7.0636362258477225,1.4615887009010127,2.0
8.336539973674345,7.135149026462948,2.0
-7.019126752697238,9.361488048507368,3.0
7.7552489823807775,3.724020934041416,1.0
-4.749499970540336,-9.155754987311512,1.0
2.6526194878816547,-8.510118879610198,2.0
-7.998076222877081,-7.788549679844595,0.0
2.2631305616434982,-6.717345226564748,2.0
-4.845500398081941,-8.205500496594997,1.0
-2.6061542251654357,9.565654273893426,0.0
-5.403697030168582,-3.3428883142458687,1.0
-1.0822267462916528,-6.280438215934245,1.0
-7.725530440023977,-2.0629761878798085,1.0
-6.491633491678601,7.047943481475713,3.0
-5.311570969385486,5.52783597806031,3.0
0.8021841000223358,-1.5779715105271492,3.0
-5.232438807062687,-1.4626636526960795,1.0
-6.092244028823974,-5.431954802264231,0.0
-4.679407801351044,3.0314839562280476,3.0
-7.573814141649862,-1.2617251204062807,1.0
2.6829030468566017,8.809840400204017,1.0
6.503136511643845,-2.9358842858172203,0.0
0.8153084500723509,-5.519926881404478,2.0
-5.039801235094177,5.067626394030395,3.0
-4.294216461244547,1.5576827274238259,3.0
1.1867289002787746,4.405249229445253,0.0
-3.108517975997252,-5.499712064138715,1.0
-4.373571306190143,-5.784283501331902,1.0
1.9427365327012005,8.897112869277752,1.0
9.225811461788052,-0.2222347638401132,0.0
-5.795804530221336,-2.7979701272118156,1.0
0.21566202923922795,3.1459684389068094,0.0
5.2929490589698265,-2.8957846063535815,0.0
6.863232273980188,6.587590224620971,2.0
-8.56938749627673,-5.121760929761607,0.0
5.504714450816373,-6.0682480625074415,0.0
1.8253333501304958,5.451420764157987,2.0
0.5918194880874168,-0.5020934009837852,0.0
0.07879092056698767,-2.2605724856344933,0.0
-6.556779581844012,5.309393403726254,0.0
-9.004796192272174,-8.585935638509428,3.0
3.2137587101985545,7.273518748343019,2.0
-5.67425811573565,5.196888327873463,0.0
-8.64053402119891,-5.199178742941292,3.0
-0.4079967040115804,5.381715757761807,3.0
3.866916341559188,2.5728415396686124,3.0
0.893517909219625,-0.49834238600076475,0.0
0.1907827079936002,2.5893130436609546,3.0
8.533411153233924,1.5488048060874924,2.0
3.280617510158164,-2.8360195355174707,0.0
-8.033341658515472,5.61516684837291,0.0
-4.487656224452643,-0.16597884423541842,1.0
-0.06594420427742165,0.2757983413981755,0.0
4.04849724402828,9.310781387992318,2.0
9.296298178464113,8.516027035685873,1.0
-9.819312116966383,3.6705076044591163,1.0
-4.910964887802757,-9.799563840469931,2.0
2.2010761918221675,7.519867852408186,2.0
6.950636965946465,-8.140042209901555,0.0
1.4454658030386796,-5.237280596273301,1.0
-4.217157567729187,-4.876556173082651,1.0
-6.622048371855145,-1.9455418943515177,2.0
-3.9687815424685624,1.5095978358654953,0.0
8.46388330340461,-8.055253632106364,0.0
7.7433258152689675,3.29445637205081,2.0
1.323896869477501,4.676727676045589,3.0
5.212707796586717,-7.90643689033367,0.0
1.0414148562334766,8.583700199178466,2.0
5.872501298637808,-7.491155383149978,0.0
9.42510746917388,8.737295627957597,1.0
5.789700814411521,-7.5534798418978095,0.0
-4.107339786850288,7.2874999504317515,3.0
-5.846774524289035,7.268475001930501,0.0
-0.42874431120919354,-8.112761093205789,2.0
-2.429377885477355,-9.530534317689286,2.0
-0.29752226219884115,8.155838998602253,3.0
-1.3598367740976158,0.5696142851929142,0.0
-9.099928013577479,-7.533967998185029,3.0
-1.7231981150919538,9.324897650830675,3.0
2.9151274816911794,-4.716883333686535,0.0
-3.7100612977017384,-8.119233225809912,2.0
9.027856019991802,-3.0775195802766264,3.0
-4.846591363971022,9.551704157072287,3.0
0.30593845139811116,-5.7051357581781375,1.0
6.808849535314192,-7.177556756226878,0.0
8.117322067133475,2.137157010120399,2.0
-4.392230396558123,5.436439658146403,3.0
9.8404471447314,5.056922057173281,1.0
1.9135750405594614,-7.527691084456645,1.0
-6.208630372532802,3.5041229127820017,1.0
-1.9241313016838681,-2.847622509155359,1.0
-1.636683727602957,-3.3283739188825052,1.0
-3.747802038094239,-8.464082431031617,2.0
-0.8385095091798238,-8.182049780355198,2.0
7.183055174014616,6.07508763168725,1.0
-4.307611493865013,-5.1850205916178815,2.0
8.176552029982226,-6.664307795679925,0.0
3.196755302356209,6.3436731369729,2.0
-1.1012196778025736,1.856970772740345,0.0
1.7267362477415293,8.56650653373783,2.0
-6.3673956081029655,9.549450713645832,0.0
-8.085778498726878,-8.481214347771079,3.0
2.894169386354836,6.2272714582255375,2.0
5.584735347111403,1.1990069208782135,2.0
4.980759419789116,3.318674462957551,3.0
8.86837039384719,8.187271157811772,1.0
-9.745688320122955,5.8160772651171975,0.0
-5.907943574148796,0.15077168723814083,1.0
-1.1983430650312208,5.925023718707632,3.0
-8.484511644532462,3.0947648479206684,1.0
5.638042550549773,-1.8030892903516023,3.0
2.281541641929323,-7.738283845054273,1.0
3.3662991519981453,-9.251353310642351,1.0
-2.122740864668433,1.4858611732306777,0.0
-9.019244210070605,-9.517037588614203,3.0
9.422208536769126,0.6637565443048068,2.0
-3.721999493532511,9.634166612996346,3.0
-5.596565081303472,-7.041162884291925,3.0
-2.671181129040196,0.7136526006050765,0.0
6.602010859172783,7.696855816079214,1.0
8.909008672980086,-2.339703093739449,3.0
-5.937904176621078,-7.366359900311663,3.0
1.1089310590686114,1.255218396040764,3.0
-0.9341574664416683,9.779350593734122,3.0
3.918648787703047,-8.302850465639525,1.0
-9.899604898642853,-2.22707950644976,2.0
-9.627365708592652,-1.2352770579052503,2.0
9.815979651002177,-5.841582629313162,0.0
2.0790492432676224,-0.5050864335829921,0.0
-4.640017764867823,-4.77426154527344,1.0
-4.84909373621173,-8.018478441864955,2.0
-1.48723252470095,5.62566204123466,3.0
-3.776540919899933,-2.336993383581289,1.0
-4.233235095992772,0.8865387530329034,0.0
-5.360543706597487,-9.606261579869242,3.0
-1.0687335372484252,6.712194240237583,3.0
-4.0533184701096125,4.720006265484027,0.0
6.444962526370556,2.607312317498451,2.0
9.189434489057206,-7.897557085713192,0.0
-1.4813052544512733,-1.0848205419578854,1.0
2.367893048871723,3.2045872104798114,3.0
1.6590280745712391,5.408467594212132,2.0
-9.208769086929092,-5.594030532902073,3.0
3.1128896124826095,-8.822841369251304,1.0
0.11595370132252647,5.963134463585327,2.0
-5.919150921529961,-9.016161097560254,3.0
2.895263238136586,-5.15323512104731,1.0
-7.377389887461292,-4.768289810272677,2.0
4.044493258364028,-4.355381227154904,0.0
-4.175691905187899,7.224934766303043,3.0
-3.9708812635888435,7.482264953117749,3.0
7.492846161184538,4.6788435995411035,2.0
-6.319436601807533,-5.688022532925974,3.0
3.8248027446230566,1.4325489650880296,3.0
8.723574502897776,3.1948800447946937,2.0
3.8314150177034776,-0.6996555243064524,0.0
4.2773464264982834,1.5867906613804266,3.0
-9.027748874168253,2.049371052955056,1.0
-9.07991611904023,1.1354167140092493,1.0
0.7084670412496585,3.54130833195887,3.0
-7.031599017091565,3.579672987649049,1.0
3.1953863388247044,-9.104707735193818,1.0
-4.113342741867195,-4.768985439584615,1.0
-1.4294759875527134,9.660044557693315,3.0
3.1292080794256627,4.23318647385835,3.0
-3.615313151208655,-6.533008522100112,2.0
-2.4993317568670292,-4.120416506598206,1.0
7.12280227980726,-1.0907402572964582,3.0
2.4936575903312814,-7.008150931576552,1.0
5.463309222983613,-0.9344093082660088,3.0
3.763497720294941,-5.925594424477598,1.0
6.865046479303,8.224215629495284,1.0
5.452336785376545,6.885503454982576,1.0
7.721209132661393,-6.888723608305584,0.0
8.06550973947704,1.5552109633561066,2.0
0.5941397025235435,1.2168814952855342,3.0
-6.979102410033173,-0.883793583917603,2.0
9.548393397047835,1.5161637270353907,2.0
-4.225987157683912,-8.132568115401424,2.0
5.026655895804817,3.3483007486662046,2.0
-4.016200928849831,5.052132070358379,3.0
-9.605887724905527,-5.878339048673706,3.0
1.3175661941343222,2.416388043402284,3.0
2.2026792722682487,3.055797979875571,3.0
4.940490940165796,-1.7105011880529482,0.0
-2.951935504279282,-6.680350311910937,2.0
3.5333640442884686,-7.6869252554410945,1.0
-5.542355973510833,2.6316755606881443,1.0
1.351085258939877,-1.2745592367878338,0.0
-0.8934800575316082,7.08098667085574,3.0
-0.801134858251082,-1.306615312294399,1.0
-1.6427365963242906,9.010933612483981,3.0
-4.877068376492022,-2.8557072855086396,1.0
-9.074060397853971,-2.6856216901887002,2.0
1.1130625958470013,-2.0817614007038365,0.0
1.2871153287852604,9.818930250404051,2.0
-4.49592636362291,0.3659796174151353,0.0
8.920027171943804,7.915079664254513,1.0
-3.638922768595756,7.594383790557497,3.0
3.256967816651901,3.26223090328039,3.0
-8.713774357090749,-9.576311527162423,3.0
-9.114903936191602,0.1565582345246206,1.0
7.611764547502084,-2.2694021416693992,3.0
-2.7296541364355082,7.73114661821225,3.0
7.043026169527469,-6.290863810367955,0.0
-4.929341524992763,-4.378595338037703,1.0
3.467730111204295,8.695412630407166,2.0
-2.7583262502588486,-9.90703570967528,2.0
4.419276665644155,-3.6319108358099843,0.0
2.7070142831833355,-4.640847049970751,0.0
9.971537760986852,4.166499914934308,2.0
1.944644848424609,3.512620190276012,3.0
3.835839434750298,5.432006749230787,2.0
6.8642173269651074,4.008651757396642,2.0
-2.8003975231338103,8.580359938750387,3.0
5.175037262981622,0.1927634888980485,2.0
8.991905474679442,0.604929562430689,2.0
1.5930696133035749,-6.539110492571276,1.0
-9.229401610817227,-7.5057501654546925,3.0
7.795992113556775,-5.519312450832164,0.0
-5.940951731463969,9.768681392126986,0.0
1.4633243651775203,1.6937445394613153,3.0
2.6689563198879025,-8.95188122510175,1.0
-8.904390157531461,5.973002014173609,0.0
-6.888251085228482,-5.893789713654498,3.0
9.992338978374505,9.34832797101879,1.0
5.250162874950682,-5.7449209123909295,0.0
1.1607054866188768,-4.521519199837365,0.0
5.907862749055459,-8.817071620180158,0.0
6.4389996322310274,9.322584185271456,1.0
3.066755700849182,-6.464791561610261,1.0
3.104356978194108,0.7392245116276293,3.0
8.073619060831696,-4.709112561903379,3.0
-3.789120010881879,-8.313480484892427,2.0
-5.805552111691097,1.8637036024597116,1.0
8.321742008372766,-8.061017864939696,0.0
9.23674084132719,-4.44854834773226,3.0
7.345572025678802,6.30069667943712,1.0
-7.290400702094346,7.425073398035909,0.0
-7.587809237052767,7.100727595568021,0.0
-7.345849512564369,-0.9755708699912269,2.0
8.009605737385801,6.363312999031606,1.0
2.8930795885904956,-3.4198224839204556,0.0
-3.753754048069979,5.7814248543727675,3.0
3.635836001752624,7.976593708558884,2.0
3.8458613531289387,4.778776287272997,3.0
-9.001036436869516,-9.479074479967665,3.0
-3.568499727525552,-0.7789758554016846,1.0
9.632093684245607,3.7475747438499063,2.0
2.748261592707406,6.257562812996696,2.0
6.261089934051466,-2.52466943547404,3.0
8.996832557212059,-5.694331299229121,0.0
9.663238525668959,1.6859582344144854,2.0
-6.124787127132787,1.8320615388755037,1.0
5.319641369731405,-6.807298412264682,0.0
-5.251570587513954,9.02743501070534,0.0
6.1363876913669415,-4.947740674887243,3.0
-5.181347601285948,1.4182958915594561,1.0
5.186423905893324,-6.809056208709478,0.0
-6.154356982778689,-8.22126191760129,3.0
4.198874911632958,-5.310058677347966,1.0
-6.358714713360845,7.305446573362865,0.0
6.418102505672696,-5.661553539342985,0.0
0.6948066769028483,5.317111836679349,2.0
4.39889155481022,-1.17497161987691,0.0
3.022302124463568,0.39001642605992615,3.0
-7.59164158333798,-2.7119201179621255,2.0
-3.961142524889758,-4.430074620978708,1.0
7.282111205898847,-6.251876097969509,0.0
-3.3401048017269463,8.458493199294288,3.0
0.7288986589759681,-2.5547860779583615,0.0
5.311458883874973,-1.049361036837432,3.0
9.132033451683313,6.183263348926353,1.0
-4.960758805324403,-2.102647957408406,1.0
-7.111143265527953,8.983342629039086,0.0
4.129436366758888,8.420751539395287,2.0
-9.87254702538624,-3.5027240954986727,2.0
7.983878128398757,-5.36589099697186,0.0
4.252837068887818,-1.9660059277053463,0.0
-2.7170530418436645,4.55112659014781,0.0
4.429043377991377,-9.891218088617471,1.0
-9.930787601198205,-1.647783439255262,2.0
-7.666919100820941,6.843662496508575,0.0
2.4612872984813094,-4.452257007782259,0.0
-9.606556473892653,-9.47662595102033,3.0
9.731664005667664,7.914570872805573,1.0
8.596868860439926,-5.835259056003805,0.0
-9.97961918983837,7.6640861271562954,0.0
9.998510725930934,4.283146920622947,2.0
6.492792383929114,-0.9877946111034337,3.0
-3.9273420719820535,4.208908155073921,0.0
7.369567663845974,-6.790558616376079,0.0
-6.010943176175796,9.831596643241259,0.0
1.2383123085203245,-9.206900710149577,1.0
6.732706084825839,8.600131910740718,1.0
-5.814933909593019,7.693513067736795,0.0
-2.191987705856522,2.900768868203487,0.0
-0.307785154250551,-0.7595676179499655,1.0
-5.795357027884924,-9.686487638853109,3.0
-0.8414022055162498,3.1423322155672846,0.0
-7.069570503711322,-9.777051031329249,3.0
-0.3958144752587156,5.455816313374752,3.0
7.46367837174877,7.2416210616783765,1.0
-9.746374714690123,2.225020110687673,1.0
-8.045462619623702,-9.996853341672733,3.0
0.18637426659954315,-8.830765519289159,1.0
-0.93373403877745,-2.147442454176889,1.0
9.537745913206365,-9.377545584048795,0.0
-2.9759266826237774,9.558616045525543,3.0
1.2772771740430038,-3.6909026076039098,0.0
6.92668053466339,-0.5845858160050952,3.0
4.936216022211413,-2.8626233653116184,0.0
-4.55704493250499,1.604178398928351,0.0
3.057547218353154,-0.01629501140477707,0.0
4.851349119152568,-0.3035187224751006,0.0
3.8463504021919412,-1.1847244932768994,0.0
-1.1015748514879569,-6.497667533620685,2.0
9.87150500416702,-5.970022258310868,0.0
9.985522394323723,-1.0947210290888236,3.0
-3.6582820042063746,-9.312563480331953,2.0
3.565557100100051,7.518901197377371,2.0
9.718639313074398,-0.9860163280283345,3.0
-3.0282337829893553,6.23446664734168,3.0
-8.776204634887183,-7.169573033419354,3.0
-7.262731356109338,-8.520644105438066,3.0
-4.181617922236132,8.367573795273593,3.0
5.63096928882754,9.69421972938693,1.0
7.660208116996813,0.32078608336123793,2.0
9.766657016113388,-3.4144429309324913,3.0
7.4649285213455165,8.234281819379735,1.0
-6.496373016820098,-2.652382665032329,2.0
-6.508492116098306,-9.059041666242713,3.0
-8.992056479503962,-9.61641097888759,3.0
3.347769722767204,7.131470539190374,2.0
3.9250151302588403,-9.478262147091936,1.0
-7.4757571492005574,0.9886525089963172,1.0
-0.571174065823719,-9.435375955679435,2.0
9.329627224827796,-1.1342861842827254,3.0
5.878139792103703,-1.1386100985539258,3.0
-0.41743688455408545,7.760394923012122,3.0
-0.639400885265708,0.7293273924775061,0.0
-0.6251538711524027,6.950481298932658,3.0
-6.022200607228568,-7.314428278496459,3.0
6.947223300563511,-8.088886367095755,0.0
-9.858194866479549,5.1560923166119395,0.0
-5.40173088633209,-6.535522820462245,3.0
2.7962895054001216,0.06179144334224951,3.0
3.337246941133765,4.581793533073643,3.0
-4.722092291355137,7.607009498661931,3.0
1.7563268432008368,-6.041183752649157,1.0
-0.016442060710167183,3.9788776826714223,0.0
3.8303541515656185,6.9660959592528755,2.0
9.082988075831175,3.3112907799083064,2.0
-7.294935471073578,4.917727744820738,1.0
-0.9787780660998671,-2.8230355317723,1.0
-5.817631248841682,8.46888608254681,0.0
-6.650631288505888,5.853478826835591,0.0
2.6414742969531453,-0.2676203740086365,0.0
-4.670337357739696,1.78701314614689,0.0
9.160558984319394,5.533943360517705,1.0
5.873188098633255,9.70939757876927,1.0
7.537897821137946,7.36441196109795,1.0
6.194801929909527,5.414298220924847,1.0
-5.790886028547164,-7.4600182025466015,3.0
5.781728088391976,1.1815424356250777,2.0
-3.9929769463374543,-0.7324939620612003,1.0
-1.3785470593321953,-1.8920250170456008,1.0
-3.5340354174026416,5.957433868797185,3.0
-4.061298618908142,3.2606252410770242,0.0
-3.8269260209121203,8.634272122117896,3.0
-1.5646744862818984,-2.2487869786164394,1.0
-1.796997150883648,6.067115701858544,3.0
0.3474149187863276,-3.0961405387956376,0.0
7.730935190554181,4.535041161417286,2.0
3.041620027945802,-6.008152839427545,1.0
4.526680806189514,-2.974846569292387,0.0
6.254479358471819,-9.961029128015113,0.0
-7.134283001823816,2.02110521008742,1.0
8.259877014917002,8.43595885508985,1.0
1.9253569789764846,5.302506497506627,2.0
1.0964203880633683,3.556857132141962,3.0
-2.3025241408625003,3.797320963345225,0.0
4.355996034478123,5.703727790277192,2.0
-6.148388768868376,-8.496949205740759,3.0
-0.01566325151175363,-8.514990161946375,2.0
3.204118204358565,-3.222990313917724,0.0
0.11592338037578465,-1.3756355226655153,0.0
-1.9969134926025696,6.639274849463021,3.0
-0.09485548144665223,0.2555126125902625,0.0
-5.387810485860733,-8.243749066706688,3.0
-3.868018700670355,-8.283379057494102,2.0
-2.9109124196098657,-7.441797369085381,2.0
2.110065970719244,-0.7277687969997686,0.0
1.5210576340576303,1.9046147604991042,3.0
0.4552691288806816,-2.126388638443988,0.0
-9.373711520125154,2.9871602766018235,1.0
2.6867464107118657,-3.0140822147742323,0.0
3.9909193983008997,3.5812843676593413,3.0
-1.2297217820239421,-3.816486859081232,1.0
5.587073263146824,-9.49877210504913,0.0
-0.7581495175657302,2.854838639755963,0.0
4.342042108100134,-1.8397490292573,0.0
-5.975989908733739,-8.824532601585933,3.0
-2.6321391494371094,5.9032307401413,3.0
2.5145177301338784,-5.460111600069089,1.0
2.2993095856615557,9.957172403321493,2.0
-3.53454576865333,-3.726109919602636,1.0
7.186421427118617,9.641671608366412,1.0
4.830319601328208,4.166552611555476,3.0
2.5144084172171546,-8.610076876392496,1.0
9.507839167751083,-4.656843951325058,3.0
2.55314375817151,-3.2822676249523797,0.0
-4.039142009496917,1.257094659629443,0.0
7.5467860634093995,4.974710855995667,2.0
0.09612708795692093,4.066962186257385,3.0
-7.710405549096895,-1.2926024283517439,2.0
0.3707542780263964,6.043078688624405,2.0
7.896507868727376,-4.088071242531422,3.0
-8.44480472830605,5.773769230601495,0.0
-7.701297402406655,0.04545249089230907,1.0
5.7248593306662965,5.522106758611525,1.0
-7.524027395160897,-5.274907082189735,3.0
-0.1671140939872089,3.267521896850818,0.0
0.9514956331737068,5.581590861158389,2.0
7.703434108364405,6.5416230978382615,1.0
7.1801586289014665,1.0487685165397345,2.0
-4.962932834125264,0.7701335610512601,0.0
8.13891165000576,3.274521286886893,2.0
2.1592664856389128,-7.631096755737068,1.0
2.71799035673779,-3.8331460843365406,0.0
-7.743447177733325,-9.518529689769654,3.0
8.52601205811245,0.6071837847406059,2.0
9.420137917425158,-1.837851277882919,3.0
9.988993931040493,-5.162691113351315,0.0
-0.6075149361995251,-1.4939003512595495,1.0
-1.0286339809737228,-8.66875709715945,2.0
0.4296046155554727,-7.8294270499138285,1.0
8.015026173612377,-5.2343508115305255,0.0
-3.555459860005108,7.99709560094287,3.0
-8.359211415386538,-7.262739124402085,3.0
-1.4862991138664086,-3.727604293381561,1.0
0.8408746042780297,-0.49867222331376126,0.0
-6.566281698781573,-8.849798719326552,3.0
-4.595838888762513,7.627651847182765,3.0
-0.019913547168934898,-2.592481018382154,1.0
8.164532351576238,9.77122402287501,1.0
-2.03385686400569,-1.5055156634853706,1.0
7.149995184006549,-1.434535367904335,3.0
-1.40074217436905,0.824093260979426,0.0
-9.501315683960001,8.363301191471642,0.0
2.028638914433497,-4.7331632815247415,0.0
2.066957241544433,-2.8029334715523486,0.0
-7.590911680848009,-7.942901205339568,3.0
-8.161301203132009,7.8398023140608615,0.0
5.861859552031962,4.423575855192636,2.0
-1.5734465619724674,6.839402291149696,3.0
-5.000784523497366,5.494095732387329,0.0
-9.08854773041313,-4.45724186634288,2.0
-9.038879039227243,4.623437407072037,1.0
0.13634573568571895,-4.01044961618063,0.0
1.2613358969921826,4.957151753245322,3.0
9.150291395415802,1.2447630519932922,2.0
-7.198523539316167,-0.742474320807144,2.0
-6.910614927643537,-7.105747062062246,3.0
-5.060931283431762,-7.86914125730672,3.0
-3.464172629025879,-6.610546154046135,2.0
-6.046943081095934,6.619541180424655,0.0
3.2002841266331217,2.57103557077647,3.0
6.287584234389524,1.5380464075243658,2.0
-7.38128240386316,-7.4055023650826035,3.0
-5.732339660230732,-2.179116275047834,2.0
-4.543090292189536,7.157508774151452,3.0
-4.82047774096563,-0.5540405150672818,1.0
-8.342322889868166,-8.800321020007374,3.0
-6.539019205293628,-5.8142830269424,3.0
-8.156771844461497,-5.027768417272178,3.0
-2.2664856997706817,7.596609468376634,3.0
-4.0569349225887645,-9.853786018007701,2.0
-1.9916844578497717,-4.675918268535623,1.0
-3.6383933546659986,-7.232551197924872,2.0
-8.218712068731852,9.501974590655408,0.0
1.5504460051056306,6.026231542332432,2.0
-4.691056357835546,5.42682877854695,3.0
6.153794491476205,0.45758019915404446,2.0
8.92961661779221,8.915524662011126,1.0
4.286181514402912,1.248243734955798,3.0
5.485313661487336,-7.477373654019925,0.0
8.888866707491538,0.19813991617152382,2.0
-5.960745765539352,3.5991600051007815,1.0
-2.9367272015088197,-3.8719738231334855,1.0
-2.289651319463573,5.009256480816093,3.0
-9.895852012201248,3.097014485101468,1.0
7.48701360521984,4.962676916037786,2.0
0.686272928589279,-3.6422224098054468,0.0
-1.8624136754580576,9.468670449827197,3.0
-7.3562020254728555,8.513812292135643,0.0
-8.60511229799808,7.274399687443612,0.0
6.380428125227894,6.5936837487532145,1.0
-3.3963138536731456,7.906666369790052,3.0
6.420401836722721,4.545156935862911,2.0
1.1169317570256592,-6.0867789792660165,1.0
-8.79140743216434,2.0456162162863496,1.0
4.411616119583815,5.716350198264772,2.0
9.85712477960082,-0.43507602970389314,3.0
1.1451608533330777,-2.5890581580177763,0.0
-3.111992533896202,-2.603404800534557,1.0
1.9193293390008197,9.678864109429554,2.0
0.22969067301081125,-8.44024929865018,1.0
-2.6288205409171876,4.112052718323948,0.0
-8.569106460247493,-4.338880868392849,2.0
5.569307866220372,8.184230600269402,1.0
2.149355175070241,-7.127344521149981,1.0
9.846506444494839,-5.312495745513717,0.0
-6.081957967957569,-8.400396645849613,3.0
-3.78682733638505,-9.646533124726506,2.0
7.303117429074383,-2.1984193966302907,3.0
4.511970430724324,-4.226284218702663,0.0
-0.34961194940344775,4.591211717614467,0.0
5.226490411207877,-8.473493453184002,0.0
-0.38886707250162367,6.717664473231192,3.0
2.0746865515395783,-6.116971823793181,1.0
-8.304453898451495,-4.037081170336632,2.0
-8.532716712215429,4.365887065481342,1.0
-4.447877986111449,-2.751671070021806,1.0
7.794384808444146,-0.3253393110151581,3.0
1.0030448465413837,5.075756362820902,2.0
-0.47237531923673615,-5.732652065561608,2.0
0.2849174318541774,-6.998055914865191,1.0
-7.632008357422169,0.11825008991451291,1.0
-9.052457588437262,-0.9136266355743388,2.0
5.7583106228805985,-0.985541191135674,3.0
8.010893050565542,1.2532143555687227,2.0
1.7912132091243578,-5.784532812997343,1.0
1.4336851705728257,2.555056043577027,3.0
-0.6629877778714661,-6.313557414371611,2.0
4.130380489797215,9.063347946937505,2.0
-3.2697683724093523,-2.4403005897838543,1.0
7.944572217950636,5.398712016885872,1.0
3.3376282614447845,-8.803018685659445,1.0
-5.943359489076245,-9.959009553304314,3.0
-3.4634824715953823,-2.2043653646240324,1.0
9.15278561770241,-0.05364399796088293,3.0
2.463425957047596,7.997996208733689,2.0
6.744120592141247,2.72771884222929,2.0
-3.935054013757096,-1.8105653840086955,1.0
-7.243735664121182,7.867796552243249,0.0
-9.242986590493544,-1.3562620914735213,2.0
8.436293322326947,-9.21602380278642,0.0
-8.070793701865007,9.16139735274011,0.0
3.591488339452045,0.3110311565554724,3.0
-1.7081662760637624,1.6139792778721347,0.0
3.8010339063454914,-4.752229011289161,0.0
7.21957676929431,6.903860598284922,1.0
-2.4399305178719484,-2.73621564579984,1.0
0.14869233042164431,1.291243011651897,3.0
-8.47781891781273,4.675320344117907,1.0
-5.703676108120252,-4.0371263206328445,2.0
3.947367483826678,-2.7122774630139235,0.0
-7.746221554886443,-1.9672227104756423,2.0
2.7900060668043913,-5.322328000141643,1.0
6.044376008441979,-3.1866428068067876,3.0
-1.3397095333559594,-1.1626768609838471,1.0
6.6648449418396964,6.39065864812218,1.0
2.9674524882191218,3.073337137817404,3.0
-9.361577652504991,-9.340289914287725,3.0
-0.868068464544578,-6.16217433920956,2.0
0.7714962776072642,-3.764274587044067,0.0
7.434976030513173,-1.2658920308803054,3.0
-1.1625567677935766,-9.436152655043529,2.0
-3.373118557518538,1.859134874158121,0.0
3.187791385425216,-4.033839271616648,0.0
-2.203905110641289,4.449867213532432,0.0
6.464345881506723,3.1582190851666923,2.0
-2.6649999020368753,-1.04888349422483,1.0
4.021137599645488,-2.1336924906926047,0.0
-2.2795085644714375,-7.96823289613209,2.0
8.079115888402818,-0.8065442438924855,3.0
-3.684059609946246,-0.5063233367492153,1.0
6.880158279503068,7.816398014549769,1.0
-7.590592870305253,2.307168914290676,1.0
0.19345778936423308,-5.603940143971553,1.0
7.147142546152349,-9.821985370978574,0.0
-4.612839681338672,-6.7566668131187235,2.0
4.517985951437865,-4.277859886240442,0.0
-5.428973419711356,-0.524324795657483,2.0
-2.663581000190163,6.52029711106411,3.0
-5.491552549182908,9.895079536824017,0.0
5.264300297550253,-1.4782122390446784,3.0
5.319032159071494,8.965638560734067,1.0
2.7243153272375906,-7.4362502194754825,1.0
2.2066865042733177,-0.30254240018799905,0.0
-5.4575855934538,-6.6152804567561745,3.0
-0.4913858155478863,-6.65295179144854,2.0
-2.865955586066531,-6.814970033230621,2.0
-8.556077562982896,3.7276848419646207,1.0
1.2811397514663465,9.576473619401888,2.0
-4.909551630419903,7.433091619567417,3.0
1.1517034135687059,-1.4854423835210202,0.0
1.7352033238686477,-3.9238286724260725,0.0
2.974260628453557,-4.846266521903473,0.0
-0.9848810454155927,-1.4498692773179673,1.0
2.223182290463688,-6.23181982707764,1.0
-9.390126979098119,4.059962660619071,1.0
3.0628555833193722,-0.6565259542949065,0.0
-3.559829239655601,4.059462675948904,0.0
-3.8736990998752496,-9.968595526445919,2.0
-0.418807527154911,-0.39497111004236274,1.0
-7.974912984669055,-7.285416821613053,3.0
4.730815816655046,3.4624951903376235,3.0
1.8171427253592434,-8.907986478146643,1.0
2.138190412778398,-0.5160761194997843,0.0
8.159455734458511,2.5761452672789638,2.0
-1.5699137136374794,0.3941741043855025,0.0
2.685738978626741,7.760834937226207,2.0
1.5698677836980899,0.20121957216843178,3.0
6.941419233755191,-6.797283901523508,0.0
-7.738942872226007,-3.973838140217514,2.0
-8.828815945359196,-6.797964082673172,3.0
1.8764304683182864,9.496817561711058,2.0
-4.3082640776494845,2.6029948957681466,0.0
0.6811670515014399,-7.494731756638052,1.0
-6.275577724650859,9.245756389779764,0.0
3.538165520786251,0.7032754383452229,3.0
-2.753781170353779,9.30473596185524,3.0
9.569088002564936,-1.323066588035683,3.0
-3.459088531003487,1.1968200236583328,0.0
4.855778879426516,7.643709927612999,2.0
3.754257002428261,5.68906812535227,2.0
0.6635292975399469,-8.764644609530688,1.0
-2.737401096986889,6.965233521126969,3.0
7.633476249477027,-9.528057702444688,0.0
3.442926700126087,9.229706056604662,2.0
-0.9474694299502868,5.644619923574732,3.0
6.097314381402768,-1.5146481642464025,3.0
-7.1000916361304744,-6.838713094246804,3.0
1.4654128352161617,-6.390134721605767,1.0
-0.6681565150026092,7.35339781021932,3.0
3.1263848251504545,-9.28082826900588,1.0
0.31335602850443856,-7.775914258893142,1.0
6.0133847158074545,4.5796883676464475,2.0
9.921613912233443,-2.1966733020715834,3.0
-4.009047092629466,-4.769130896976332,1.0
9.466071765783784,5.514354533562054,1.0
4.2039963404413765,9.178362286392918,2.0
-0.15414088728902087,-5.89077751994661,2.0
-2.5984531111287463,-8.737715580264009,2.0
-6.332286488523726,0.8428970054826923,1.0
-0.8890042305172425,-0.5105895162387419,1.0
1.4864427834812926,6.474029589476306,2.0
-9.242049065904936,-6.658530431700969,3.0
-0.9291829299922476,-1.6338393136961535,1.0
1.0069749700757633,2.667928555195619,3.0
-5.13679171207071,-8.620294023571269,3.0
8.89896384341396,-0.9437305241691121,3.0
3.556715268480314,4.823566524798936,3.0
-3.732410955482579,-2.4857486446169847,1.0
8.115571591943755,1.117002983288721,2.0
-2.9652542532189514,7.797876463691789,3.0
1.2766948723703564,-3.320754620037894,0.0
7.79349178472906,2.1837837644300695,2.0
-0.8284496466097053,7.3413705881588776,3.0
-8.658885382375292,-3.3944146810341103,2.0
9.289266001165856,-0.3619226735244556,3.0
-5.8716447698582375,-8.37137253217086,3.0
5.2261678545824015,6.136587290959664,1.0
-3.1628961197475647,5.677713881597748,3.0
0.08822480242222497,0.12302158956174303,3.0
2.4141966776399464,-9.517203413638297,1.0
4.870964484117724,7.0346607871562625,2.0
3.5407486330682776,-2.662508681994005,0.0
-7.697674694888928,9.276466614073897,0.0
8.56530250355452,4.092790064630243,2.0
8.100183405021085,9.617438220176435,1.0
1.325389792416269,-2.523181933203375,0.0
6.889567562644224,-1.4278332471421749,3.0
5.350447119732982,7.995109092280654,1.0
-2.9663833787023863,-7.737923717230437,2.0
-7.2380677129308495,2.9935949435157116,1.0
2.3899280780675873,3.2231411282932143,3.0
9.5752871145216,8.746082908151411,1.0
-3.925993203422829,-4.066006096796,1.0
5.125589795646457,5.875331130616274,1.0
1.1195122822836403,-9.984819380317125,1.0
-2.2158348667987475,-0.8035202073912657,1.0
3.8111607165238652,5.392698804075131,2.0
7.635278699282949,5.942291960296265,1.0
-7.304019560502701,9.364043809094817,0.0
3.073254550057463,-9.396094286937268,1.0
2.528056729155068,-2.4409426130779854,0.0
6.480138327385781,-0.09564794800511045,3.0
1.6550821210228435,1.5594612917136388,3.0
0.8480758151858669,-9.203783138359666,1.0
-4.060202069787085,-0.4612421956627841,1.0
-0.8896583337416004,9.267537845595868,3.0
7.322533270671407,5.410680001925689,1.0
-0.6510035752300389,-4.508591379383691,1.0
-8.487371675077233,-9.158571651587874,3.0
3.510487815463499,9.779369744233332,2.0
-8.463617260889961,-8.363613536520694,3.0
-5.7161349096368985,3.243333198354499,1.0
0.056110444089874534,-3.4179157606988486,0.0
-2.1447759535466933,-0.0713502207272203,1.0
-2.5142970815509376,-0.9092770871553402,1.0
7.005052102282811,4.314633881190344,2.0
2.9581599732359276,-0.15619692739030455,0.0
-5.2876237465620175,9.642115214109065,0.0
5.286962161567359,9.837051460695928,1.0
3.132962035314609,-4.716314798930195,0.0
6.300504691116487,-7.80258428949174,0.0
5.210350624827949,8.234854887099242,1.0
3.63887585540766,0.9188947984962965,3.0
0.8879145946993727,5.9577102997935825,2.0
4.115450033570012,-2.9154072770230366,0.0
-0.8781645977104198,8.858987643190705,3.0
4.331280796067071,-7.705220555745466,1.0
-4.8932481289799306,-9.279511997279544,2.0
3.3666558304301386,-6.682794442677864,1.0
4.228179749893979,5.583865875985783,2.0
5.418706261232472,9.062083716425956,1.0
-5.775009027121552,-9.880578480198704,3.0
1.4364189484616183,2.5909276761392555,3.0
4.604683352881969,1.1415223571573563,3.0
8.643067847598374,-9.097577055566893,0.0
-8.050058735899906,-2.0812882631712366,2.0
9.452857804025705,-7.814112269425038,0.0
-0.9381032625478873,-4.07127375618809,1.0
8.946026942956117,2.190217735241916,2.0
-6.489205474359503,-1.7999367839398062,2.0
8.559212647052398,8.707289912874536,1.0
-7.301220868394371,-5.9707741134225545,3.0
-7.234170480202307,0.5425204619270847,1.0
1.6996502666071898,5.335108501983035,2.0
-6.258114409898468,-5.3906741182662765,3.0
8.484698383214258,-1.882868498080681,3.0
9.136253985099078,3.643302037827649,2.0
-6.639755308046096,-4.654187137871477,2.0
-8.039529454065624,7.255431057814725,0.0
-6.525937701358777,9.590064228331507,0.0
9.249157408774266,1.014789660689848,2.0
-4.376215561746866,-6.544258432685115,2.0
9.63898052279681,0.5516279814119489,2.0
-2.988264833444192,-1.42962580271249,1.0
6.021518129511858,-8.43651050138292,0.0
3.573945426771097,-1.3518927646997376,0.0
-9.76459543835234,2.1375335996301885,1.0
5.26773321424721,9.349352707777165,1.0
0.3143531532472075,-3.217856952356568,0.0
-6.941219989939567,1.7633994266832822,1.0
8.295812641792985,3.9606392492138944,2.0
4.892289567194705,-6.499607506772387,1.0
3.898316424292643,-9.222607799315892,1.0
0.18855102869331475,3.489349203292882,3.0
4.763332078361932,-4.544840272605919,0.0
-2.4684132123463716,6.752936045734742,3.0
-9.159150341087406,9.929088780480669,0.0
-9.48303913524837,6.125379018601102,0.0
0.46590746141718853,-9.745749146376959,1.0
0.7752887461550362,7.389501396573333,2.0
9.768187599200232,-8.346447266477004,0.0
-6.498171033831386,-0.9840779420633723,2.0
-0.861285107847678,6.079872101422314,3.0
-7.750256152148425,3.402713677478948,1.0
-4.096044881462742,6.666133637707677,3.0
-1.5475890982050373,-1.774994936856178,1.0
9.166057936715202,-8.487441625792332,0.0
-1.9192634519552758,-0.23139323839244064,1.0
-1.0762604188138631,-2.657763852747694,1.0
-6.9610187756464414,2.3042007517244834,1.0
9.185797080282512,-8.240100919992292,0.0
3.3254013022358677,8.40656296010852,2.0
-6.703219647651347,9.357527014361683,0.0
-9.251334929720949,-1.9101173213333773,2.0
3.3194140248863295,1.1864509108592038,3.0
-2.5707785274691153,9.962626112938459,3.0
-0.3729726140900791,2.9110397949443385,0.0
-6.009867325847626,4.214500136428381,1.0
3.833857490597177,-6.675929307049808,1.0
-4.182362421840075,4.1879610195497,0.0
5.87198353779387,0.527120761434583,2.0
3.3885972975484187,3.660115758329791,3.0
-0.558472639056939,-2.822826560843996,1.0
9.468942413983296,9.833147344751975,1.0
5.707838341622857,2.664194911833924,2.0
3.6116572579807453,8.125442115504416,2.0
-0.8436075037580988,-6.356249613452807,2.0
5.982703675378506,-0.0635536549959177,3.0
4.501082413366708,-1.223660668124353,0.0
-8.32223260832405,4.382607694705049,1.0
8.629512192960785,8.0878248976631,1.0
-5.006826878527757,7.192753193870388,0.0
-1.4726500855758502,-6.187614822805008,2.0
-3.526704129300759,4.333925518900866,0.0
-6.340478395052848,-6.2376324207513,3.0
6.8461033517799414,-6.8886614497088345,0.0
-9.284640104091334,-3.117157981410865,2.0
5.889417874980996,1.9170277608450643,2.0
-8.140682877439238,0.03657929092619483,1.0
-4.023776229721541,-9.99512910790833,2.0
3.77402645385315,-1.5730610468799266,0.0
-1.2282525660288108,2.6388180388690827,0.0
5.1114555076133925,1.0266770857826284,2.0
8.193652109266061,3.605719018790774,2.0
3.3497594033524187,-8.209213920847198,1.0
-4.693604444088093,-7.973024259162893,2.0
-1.176219123089659,9.101857874499238,3.0
-1.3505520758506524,9.22875742246121,3.0
8.628917600407256,-2.387831272519845,3.0
3.181528122427469,-8.31701718847103,1.0
-3.4633249192072597,7.289056366472636,3.0
8.599351133546243,1.315594231527692,2.0
8.805967104905083,-4.552382674872701,3.0
6.77418953683382,-9.936655799205717,0.0
6.128110262446022,0.685675714915039,2.0
2.2176558374792243,-0.9955542691715777,0.0
-5.575823671269973,-7.945794862176355,3.0
7.553800819344691,8.247162979787493,1.0
-6.7566275366429736,8.282610608122127,0.0
6.43966785737074,-5.168717652933077,0.0
-8.164673759390906,-5.5258288718104565,3.0
-3.523814416252245,6.748344134698947,3.0
-9.846177699813898,9.072897989637045,0.0
-7.0357404743250225,4.8059792131351315,1.0
-2.141374521189814,9.89441510992058,3.0
0.36344005142161606,2.1791156020324465,3.0
1.1993217384991102,9.04463840891054,2.0
-1.3200959710446636,5.79678528017846,3.0
-7.8499037576503365,9.229853449771706,0.0
-1.3200015139965764,6.896660059920961,3.0
5.76889731440815,-1.948216065738336,3.0
5.2911679889923775,6.348011728626265,1.0
-9.378114577152811,7.432857430132472,0.0
-8.990570249210762,2.740918618843436,1.0
7.89086357803717,8.143274545198608,1.0
8.06798576513268,-8.478407577431462,0.0
-9.836101770072474,4.250747652663307,1.0
-0.1883469785970444,-0.8448376600872471,1.0
-2.2709667947765766,5.281526738059219,3.0
-4.368601885234849,-1.3499692255748634,1.0
-2.539703085230867,6.337568579215393,3.0
-7.707732868238555,0.7579648253449012,1.0
-2.245317460876519,-0.758524887897547,1.0
-2.6057861340037753,-5.142391231321923,2.0
-9.55482737604318,-5.515707134228752,3.0
8.17644909915964,-7.930340641847325,0.0
7.9007209109221,1.167605859966546,2.0
-7.835850773481776,-9.856303726598327,3.0
6.758143360188679,-7.3265712271556405,0.0
6.871106473524009,-5.342553986128662,0.0
5.868594807232448,-6.7000155380493265,0.0
-4.580209269112925,5.540137783093746,3.0
9.379514903644974,-5.44690061427864,0.0
6.960248110552204,6.282333662847542,1.0
9.49665638549952,-5.4162541345149755,0.0
5.768699885245317,6.575128156247693,1.0
9.809247835417288,4.918816247324198,2.0
-9.541539499651904,9.940716209391908,0.0
-6.7093163749066465,-6.373042057394331,3.0
-6.062574583134436,6.456109348480862,0.0
1.6876856299089944,5.147046686787082,2.0
2.0212926014287103,7.474052530111958,2.0
8.846677487790132,-4.734646587661581,3.0
-8.189157703770839,-8.45302144025143,3.0
-8.28645161191526,5.187615363835786,0.0
-3.2418549965989074,-2.2896637045026473,1.0
-8.502497370287116,-8.680921095592975,3.0
3.2228252840335934,4.423212418813199,3.0
5.040131549953342,-9.80989129552221,0.0
4.2645471625893165,-4.353379311200454,0.0
-9.403691509687075,5.531196988581968,0.0
-8.042447339197176,6.925204430758548,0.0
2.2513689794336926,3.150908510480674,3.0
2.776339593660806,-9.930918147658804,1.0
2.740465141413676,-3.4542966198433778,0.0
3.221496621136449,6.057546406545292,2.0
6.16949148878836,-8.950955221709695,0.0
-7.315407168972969,-5.034526748562063,3.0
-3.4872806896466058,1.1170851224416083,0.0
-2.8993172760141617,4.068576151897101,0.0
-1.3613335936261564,9.334796017511454,3.0
2.8544983001374664,5.7879526242296855,2.0
-0.3089585937193071,8.958197667031325,3.0
-6.382463343023428,3.8239602480264416,1.0
-3.436597897074318,-4.340201520568064,1.0
-2.0531116422810625,9.774640862364748,3.0
-9.862588748406004,-4.818044702780481,2.0
6.194917406306061,-5.274854886961064,0.0
1.4961536786610985,-4.34075324410461,0.0
-0.8600604047136802,6.684963889850454,3.0
4.50308484377927,1.6133128860881119,3.0
1.0349929831253863,-3.5698846504720443,0.0
-6.424316882370514,4.554963202092473,1.0
-4.575458184241922,3.198819416757395,0.0
0.31599326076347367,2.460340103044194,3.0
-2.8426458960381957,7.246891850922125,3.0
2.847032787933472,-4.866544059595861,0.0
8.490018500552125,4.936286968035839,2.0
-7.379283521472821,-4.4485029925904085,2.0
-1.8231141488297737,-8.750265525278962,2.0
1.2363587027501826,-7.074514535718923,1.0
-8.997676239149751,-2.7833533415061247,2.0
-7.658742089894071,6.430712080055038,0.0
8.423341062989095,1.1263506624629471,2.0
-9.767129212626852,-5.865114729166059,3.0
-1.6232765795007005,9.452432591396732,3.0
4.236985391161898,1.4184719511037152,3.0
6.789860386580973,6.47194964859937,1.0
2.185012404806347,6.469600387870543,2.0
4.422194667159811,6.081809259679154,2.0
0.2476281249299621,5.076156674162235,2.0
8.555578029236287,-3.4938086150509324,3.0
6.791605605830068,7.979514403378037,1.0
-2.0608369711848518,3.7961781450665004,0.0
-4.886603568424417,6.132165019389355,3.0
-0.8492786605519562,4.667023857563411,0.0
5.483889313772908,-3.91652824009493,3.0
-1.2387590239786999,4.541666129611677,0.0
-7.859334568658105,-6.897313692752309,3.0
6.940821751673312,-9.675503018575489,0.0
-6.853267374707643,-5.2984437983646115,3.0
6.090514027553581,-4.273569214164034,3.0
-9.203562794541774,6.005176987775393,0.0
1.1140026870650015,5.450126808985189,2.0
5.425646949858411,1.1958106655277874,2.0
9.626136550759213,-2.996334292061489,3.0
-7.552342096597338,9.304164240841526,0.0
-3.2802233020923444,7.603831238468505,3.0
-5.182081847162674,-7.85749485808898,3.0
-9.553677704907187,-3.464916653115462,2.0
8.689412324043172,8.483520415278935,1.0
-0.23241521929116615,-7.85220803508369,2.0
5.608045208739576,6.048392291962671,1.0
1.0689743353549872,8.91637114241147,2.0
-4.095444463333027,-8.04593817053667,2.0
1.837103815613272,1.351556356485652,3.0
-8.409801874270059,6.4975042908997835,0.0
3.019542109275129,8.922421805324692,2.0
0.8000889598168079,6.654741522373925,2.0
-0.47491466242943403,4.521043696090141,0.0
-5.553495552901211,8.868110206238054,0.0
3.4308932017900506,8.432655444897257,2.0
-7.557513709869744,7.004670622069,0.0
-3.6229996271475358,-7.9565789970999194,2.0
1.461811238295061,2.1578171320659063,3.0
-9.126042687897089,3.8268325835037267,1.0
0.6927956848628689,-7.756785377910473,1.0
4.603373980835496,-0.5267129116030915,0.0
7.925813258592214,-1.3446070374926844,3.0
-5.525013192235191,2.794729547279477,1.0
6.848161569134284,-1.413159314847416,3.0
7.5581008048964975,3.6195950456118133,2.0
9.503586298894596,-7.172826789482,0.0
-9.169865643033903,7.1444648379498545,0.0
-1.6788409485111817,-8.069345472414888,2.0
0.9604445950743816,-4.789814233491123,0.0
-2.555047502365941,6.322330973593942,3.0
-1.7655828600119943,-6.592480922082046,2.0
-8.075281770939108,-3.6331230944160353,2.0
1.7072127584585157,4.18749271800937,3.0
3.8925638789288293,-8.830238885203519,1.0
2.3293475378536854,6.408215545879475,2.0
-3.1353657661923933,-9.247320744089647,2.0
-2.266675919403922,-1.4066612654382986,1.0
-7.167341494795007,6.192796309591984,0.0
0.8599413337521273,2.6016647507332884,3.0
-9.962821261801697,1.7931772112714874,1.0
6.007202434248239,-6.078949392748967,0.0
5.724822214719563,2.883740817303062,2.0
-5.214049934069833,1.2643504738783022,1.0
6.5244372293115696,-9.397916001865905,0.0
7.296563530764693,8.251129633116207,1.0
-5.035478272545886,-5.125901384775338,3.0
2.2554818582893095,7.30634937793014,2.0
-6.024172094671911,4.941466234063451,1.0
9.204944747407993,1.4517949346855268,2.0
-8.950571716764376,-3.0172609635847047,2.0
-2.018777417408195,4.829929491910043,0.0
6.107067451444948,3.348894970686466,2.0
3.2948178264706947,6.063357601013461,2.0
3.6755017920617696,8.202057171838256,2.0
-9.931940682083578,1.0979849684281255,1.0
-3.673635292406898,3.946383745366145,0.0
4.7117403761255225,-2.330195821195133,0.0
-5.374317994718916,-8.519143433775378,3.0
-8.322215392832664,-4.953967684831426,2.0
-3.5935607534578544,5.385160089285234,3.0
-9.235598862003824,-2.4582079004921127,2.0
7.544215308353792,9.590220554617513,1.0
-3.340593270759811,-2.7564231709235205,1.0
0.6761816526481148,1.6153379086046549,3.0
0.15511282839223206,4.046881294583066,3.0
1.9335354553636979,-7.575935434801872,1.0
7.605251216318361,3.0409712328240737,2.0
9.546548434269123,-7.184607245869965,0.0
-8.591615011716522,2.7318215676062074,1.0
1.3864523421255566,-1.9317703823719352,0.0
-8.003573659717322,-5.877777733874825,3.0
3.806395454192888,9.235067704499759,2.0
8.291533736598197,8.6841310987096,1.0
-3.954043725118577,-1.1896726482645832,1.0
-0.6983596915820662,-0.3284090836978475,1.0
8.695372691961051,1.6109442146816164,2.0
6.549548774696213,-8.526100180680183,0.0
-2.3552687571548026,0.09760814028097542,0.0
-2.9548503600817604,-9.958634277711528,2.0
0.5854224805310047,6.742809636305942,2.0
-1.4979451427072696,-1.8980883539554938,1.0
-7.2092103025379295,5.421336699092887,0.0
2.869007929351991,-5.089198074198316,1.0
9.838669391717527,3.717635925912443,2.0
-5.879060103477736,0.6164918419114418,1.0
-9.35227346523963,-9.314513157980162,3.0
-9.921200791562658,3.4389144932166342,1.0
-7.305248111046401,-0.4848419409689768,2.0
-8.872050607595233,-7.442764550956191,3.0
4.109644854996056,-1.1657259153140416,0.0
-9.802978339098487,1.9579103408008578,1.0
2.8802502245934996,-5.041342435940366,1.0
-2.013905086876666,-4.688437802013842,1.0
-9.688292359531728,9.715114329745965,0.0
-3.519007537592202,5.1667729603430175,3.0
6.813064485809473,4.338110561300679,2.0
1.7092644115928977,9.65646652188773,2.0
4.077378473048302,-8.479353753033562,1.0
-8.401648265349419,-0.5410406873889428,2.0
0.24155103426124036,-4.34509027596393,0.0
-6.678711172001039,4.452782334604667,1.0
6.2988959110716465,6.069363474002369,1.0
4.738422239028964,-3.9266693562306205,0.0
0.37778042759984487,3.649833306341998,3.0
-6.676681115894027,4.075134835523846,1.0
-8.259770872988701,5.733868276570632,0.0
5.599153941459505,6.405722019229977,1.0
6.288955528175528,-2.5997625314167667,3.0
0.4173062883189509,3.4534430951654898,3.0
-6.234732869047672,-2.4782042110345426,2.0
-9.230477010885245,-1.3958092333594294,2.0
-6.804220109167167,-0.9177056161755317,2.0
1.039385532171302,-7.7758082289067225,1.0
-3.940594086450999,3.274656396238891,0.0
6.537146647265544,-8.952327213112476,0.0
2.488431045944992,6.836681629226717,2.0
-1.80589917448577,7.68348922147846,3.0
6.392769238777571,-3.6195327070782763,3.0
6.785207502446401,-1.6497905324345616,3.0
5.147048680756079,-2.8092410715542604,3.0
6.254078326657872,-3.1418755943604797,3.0
-3.871224261822828,5.196025418893537,3.0
-4.560165541194145,9.616616342405159,3.0
6.2130778283287995,-7.935412837754288,0.0
7.035610770652735,-2.5358255714715234,3.0
-3.2364878079430204,-7.511666142297349,2.0
-5.903609558683673,5.22626770764148,0.0
-3.2921454882696306,3.4545175789394698,0.0
-3.2561872194398838,-6.0617877955109805,2.0
-8.320665777657844,5.115071923106667,0.0
8.83674553403122,-1.6621425958440366,3.0
-2.541493832676041,0.8525453197401323,0.0
4.784743754277365,2.539852803146207,3.0
9.279056114834074,1.0645712606501796,2.0
3.4344191821184467,-0.20891152614400177,0.0
6.155877581068413,8.170029110413758,1.0
1.5999416283489314,-0.9780662283162762,0.0
-6.049814559597628,7.19766310918412,0.0
2.604646710385296,-6.814907464578528,1.0
-8.149743480839547,2.6828419727094133,1.0
3.324582206823834,-7.481485312065248,1.0
6.168287150525092,2.5940663072606274,2.0
8.460860712936725,-6.987761936475653,0.0
-2.6208051987718184,-9.94745079467332,2.0
-9.704288752684167,1.0148581580402585,1.0
3.654047029600605,-1.7754147403285625,0.0
-4.68071758340785,-6.777961899533729,2.0
-4.481752443853586,2.6484986476089016,0.0
-9.025378713506232,9.915597727078922,0.0
7.99755515798482,0.954120647498911,2.0
-6.865990189337068,-7.667744997466432,3.0
-6.774499031218366,9.293868397887199,0.0
5.184785635571545,-5.285017709365574,0.0
-2.878888217683091,3.9668731565612134,0.0
3.9583994765917137,9.991596267496565,2.0
2.371861956305004,7.350499596792826,2.0
1.688046822931522,0.5637128666599303,3.0
-0.9903931850035477,6.4260162276645225,3.0
7.953049590032521,2.767142543840336,2.0
-2.6235785193452728,8.210004974191882,3.0
3.4555991032506324,5.466037409979821,2.0
-5.53302255958412,-9.43154549196512,3.0
3.423850408847324,-5.293007544296982,1.0
7.488570356216769,-8.769520213910926,0.0
-5.253854462978449,5.239148196170728,0.0
2.5862158444197636,-1.6156760759506703,0.0
-8.387982468390085,-8.657790002038972,3.0
-0.7412071552221704,0.5044156549171888,0.0
8.97446808742188,-2.4637025715161425,3.0
8.662262273276117,-6.793906856874372,0.0
1.0635393565078761,-7.081607088223976,1.0
-7.093510714901403,-3.8651391681744425,2.0
-9.197367323974113,-3.8070114904224184,2.0
9.91126286071172,-4.827778327824355,3.0
1.2809639030855493,-4.68032749781921,0.0
-4.368590669165977,-4.45328504176171,1.0
-6.757761348266397,1.0290548272542352,1.0
-6.256647795085996,0.9917123342712912,1.0
-5.87094412093869,9.919572669462742,0.0
2.2002473256893484,-1.8628918847474765,0.0
-7.891553917787233,-8.372642539687343,3.0
-3.718699317833658,7.476414779580438,3.0
2.9230555575233517,-9.954516137124898,1.0
-8.446316097252657,1.9965548302330571,1.0
0.9842881739505884,-0.6260434481150376,0.0
-4.752782106030661,0.5117830357451254,0.0
7.004633392314808,-3.0976692998531963,3.0
-7.831308588280239,8.679860169916584,0.0
-0.06577459514253903,3.1505833167647435,0.0
-9.385958391237725,-6.1581593131410735,3.0
-8.925235030787444,-3.9629027320516546,2.0
-8.511600236353283,-9.105863117339073,3.0
-6.426218557845507,3.4939749531248303,1.0
5.999757184209953,-4.0187620973613525,3.0
-1.8834763376332901,-3.0292402220699755,1.0
3.8194448753537245,-5.251778995245435,1.0
-0.8825698104488762,9.9215920044552,3.0
-7.5561047438536395,8.669763139966744,0.0
-1.9138435922630102,4.3548532291888975,0.0
5.842798024643622,8.39500600345523,1.0
9.827481986277611,0.9607291610499917,2.0
-0.222977292870306,-2.0637293625446107,1.0
-4.9661219066378575,-6.266372227119794,2.0
-7.030786272358551,5.725581364327066,0.0
-0.7069895783566249,4.285263866354438,0.0
4.599184356592417,2.1927855471395894,3.0
8.256653725418722,0.20113853468485843,2.0
-2.466088277415732,7.307452299138021,3.0
0.8479037646814742,3.893010813348459,3.0
-4.664804126397462,5.754119883558451,3.0
4.542459556337102,2.7653766231984616,3.0
0.050612265043302074,-1.262587367407658,0.0
-7.513259708510698,4.9313696609611934,1.0
-9.110189538609959,2.578147401082136,1.0
-6.798818431217226,-2.234626639294519,2.0
3.2338527408423996,3.09279646873925,3.0
2.548000375093423,3.0898730065390705,3.0
5.132066429666509,3.412619165921429,2.0
-3.4007211636631096,1.015300947444814,0.0
-7.175175661190252,9.654515841418053,0.0
-6.430718154203181,9.318517603035936,0.0
5.129586362149768,5.250842782080991,1.0
8.837534708461334,-8.254847132240394,0.0
-0.282651436467102,7.9495700068262884,3.0
-0.71991796039012,7.186242376983291,3.0
-3.920780390620413,7.8821584896060095,3.0
-5.209593761405065,1.4333996839982426,1.0
-6.683293597680368,0.4245485082595213,1.0
7.994874791978386,-4.024983594224752,3.0
6.693111728772955,-9.783385360966294,0.0
4.692882504380949,1.3569112662118972,3.0
8.744125239177603,7.073923681869388,1.0
-9.677825137668377,-8.310295846021562,3.0
-3.640479807108461,-7.821064040193493,2.0
5.176569415403193,-7.340105311977226,0.0
7.789610676748293,9.193195984255517,1.0
-8.513887485921652,6.614790162411172,0.0
-5.183038832120803,-5.772169365302342,3.0
5.698953121618388,-8.954155217029987,0.0
-8.612006140071177,-1.5802792410745212,2.0
-1.916274506527314,9.63306959341875,3.0
-0.6975120186399675,-1.5112193439638162,1.0
6.424588504101305,2.588709782403324,2.0
-1.087849494266731,-7.5113020980808525,2.0
4.603927647674391,8.38275229112054,2.0
2.0492979399767464,-0.4848430574975531,0.0
-0.8591020505718063,6.736982084936802,3.0
-3.0405248865447376,5.703413974209974,3.0
-4.702964567990575,0.17132683913949798,0.0
5.404739816843984,-0.34643251308875733,3.0
2.590945000669496,7.375429362975435,2.0
-6.42932841617295,5.032458629643198,0.0
-7.084289811514455,-7.446196723302727,3.0
2.7706759983124556,8.744928341646002,2.0
9.762401234359022,5.6189538292753145,1.0
-1.1203978090606554,7.471782649283753,3.0
-3.1754907019595784,4.799110420933275,0.0
-8.582509504274567,2.0719215575479826,1.0
1.1431142816593365,-4.592145521306346,0.0
-9.369331821150046,4.281548967672062,1.0
-3.478371101517526,7.76637747040423,3.0
1.8446868295550303,-7.287448146604689,1.0
6.221730074828034,-7.976127549282057,0.0
3.4456119755971777,3.3912359652086383,3.0
0.6056775075756207,-1.9164415741635477,0.0
5.694165887000935,-8.093141956553072,0.0
3.0998566127773373,-3.2168931116242643,0.0
-1.8642500141890963,-7.269465937648758,2.0
-7.431393810254403,4.742369027052211,1.0
3.407659982098094,1.59965708609203,3.0
-4.497243001903244,-8.75190394114357,2.0
-6.985456801213519,2.2083284731256185,1.0
-2.222926105310803,-3.34567619099452,1.0
2.032285543813096,-5.1349958968403016,1.0
-4.018762222658849,0.37366136988401166,0.0
1.0852917212873763,-7.715765098226754,1.0
2.9860176420077504,-2.747062955375239,0.0
-4.229793400496944,2.212433693674786,0.0
2.7887780074109525,0.7038802049136379,3.0
3.1585284601402464,-5.197190554936926,1.0
-7.663229941305927,-3.1380854773676337,2.0
-4.077023059659426,-1.3161304878855447,1.0
8.957067429351802,4.081264232311044,2.0
4.051759486239007,6.960676298659674,2.0
-7.632686599233449,-5.092470153534572,3.0
6.649777196563612,-8.89721763671615,0.0
8.54468975756427,8.844195209068726,1.0
5.178121782635806,3.921097455267857,2.0
-1.0884974609819444,8.424229214176396,3.0
-0.6700159527069705,-4.83838688893117,1.0
-3.151934854475627,2.6439781182637034,0.0
7.083653961141469,-2.266731811510021,3.0
5.216174335801746,6.991769380165955,1.0
-1.1859619955679594,-1.9666038443187581,1.0
0.6533692509391837,8.318918195731136,2.0
-4.77253726735797,8.707531370708793,3.0
-5.106742764184515,-4.881068058837624,2.0
4.452160637419503,-2.670733196012911,0.0
-7.902798240503291,-9.783548259384276,3.0
9.438118583153667,-9.81102669958439,0.0
-2.587460535925519,-2.3089480240990135,1.0
-3.8657827860393628,5.157565648611168,3.0
-1.0452088392442445,-1.283471772293268,1.0
-5.55427166094792,3.1268203281793987,1.0
-5.3833844455914015,-0.24718751640598313,2.0
-8.634442085019401,-0.5330475367187688,2.0
5.449969242264594,-6.973158686501819,0.0
-9.63574018782743,7.878417467751465,0.0
-4.522614240937659,-0.3597522022306805,1.0
-4.714761660542028,3.933470666088141,0.0
-3.6578953360358373,4.539888711771331,0.0
-2.224848082880313,0.9375440539942872,0.0
8.478106933995871,-1.8985913093319855,3.0
0.29331782817427055,7.1361833171532965,2.0
-3.3793720305647597,6.916968230944509,3.0
9.880172656027657,-3.3678991350539222,3.0
4.9910274776776316,7.747125574465265,2.0
-5.110892679821695,-9.939552039043729,3.0
1.697241067250289,4.583935349504893,3.0
9.41120353410913,-9.595880734586606,0.0
-5.44003443310004,-2.0682972021516584,2.0
-0.31817048187489405,1.3435571966684812,0.0
8.54382496474549,-8.246367636568827,0.0
2.3688963975664947,3.7891280508392704,3.0
-3.889488900836504,-5.963084671360543,2.0
-9.414054099963272,5.374988276905642,0.0
-2.714623446069724,2.012622669017164,0.0
5.908217310356871,3.726350942474955,2.0
0.2594649755763694,8.918630746788768,2.0
-3.71975384338298,6.630820600792774,3.0
2.9494448073373327,3.416155628047676,3.0
6.656676147317512,-6.47142794718447,0.0
-2.7211923835435847,2.0698134170965528,0.0
-1.546452086664658,3.3283993705105974,0.0
-1.7713467901895346,8.965639641573674,3.0
-7.969981111807474,-0.8557247639750045,2.0
4.078759973452385,-6.538005055694336,1.0
-0.7595076354307153,-7.5295016190938995,2.0
7.313944030652092,0.10691751359334134,2.0
-5.3012954589333035,-4.902107193501055,2.0
2.1150471575485046,3.605559726079587,3.0
7.83845897501973,-7.369085896532477,0.0
2.7820427242619505,0.10433618430599267,3.0
-6.0484589212699085,-6.646659298754278,3.0
-5.670421390655839,1.8684334923050088,1.0
3.9771923997649843,-9.182033151771066,1.0
6.702113266245707,-4.691626145116223,3.0
-7.648608236551877,-9.07730292727077,3.0
1.7442075534551122,-3.137672105794314,0.0
4.712043025970496,-6.009270841379932,1.0
-4.839759538987165,4.59246192937216,0.0
-9.764720558493858,0.7213126374119447,1.0
9.753112530744925,-6.32761049658072,0.0
-7.4098467126858765,5.161396566593325,0.0
-9.557090022110632,2.864468896507372,1.0
-6.522522189039979,6.669399867240976,0.0
3.815125258234355,-5.793451113074295,1.0
-2.90286984853926,4.431878697719792,0.0
0.3686440884552624,-3.5462331780425522,0.0
8.58201518398404,-0.1780137133585704,3.0
0.14415738042776383,-0.12151170509786091,0.0
-1.0302186063683276,-5.441795781881689,2.0
2.5956954054700034,5.030465053871193,2.0
-9.4547525457239,9.778999595980487,0.0
1.0052818260671241,-8.49947677097121,1.0
-7.1301358229956735,-0.13269993255828538,2.0
9.923347421587192,3.137815368456131,2.0
8.38552813487091,4.398603660252206,2.0
-8.454331795336213,6.445435376698857,0.0
-1.237764138400827,6.953783127225552,3.0
-9.990661598661529,-3.527329048221648,2.0
-2.1164177767121073,-0.9429069703389121,1.0
-5.733759533330258,-9.775377592832957,3.0
8.372812309164672,2.9068238922069263,2.0
-7.311008926809606,-4.811635243932162,2.0
-5.8137663032895865,-8.317635218944616,3.0
-6.905031263227102,-8.933573328717161,3.0
7.187773196968401,-2.0356604685920354,3.0
2.7144462932533493,3.4082940371318102,3.0
8.421538325380894,-3.492622446860647,3.0
-2.3275169380287686,-7.077427813930102,2.0
4.982590711291584,-7.904017484333141,1.0
4.843987772523928,-1.7195102913885023,0.0
3.0990495818189068,4.048183951531396,3.0
1.9776413835855937,2.3088145697360662,3.0
1.8728688426204716,0.8942347760604044,3.0
-0.8259678612198229,-8.827207548563539,2.0
-6.189432950741509,4.393679443605038,1.0
8.741609806800422,-8.011632975396118,0.0
-1.0929782904923595,-2.040928139959817,1.0
1.309779956620961,3.8600282514279485,3.0
-8.16136386984051,7.043170642364515,0.0
-4.120105868688968,2.6858751089339776,0.0
6.918905137995097,2.476760368427266,2.0
1.053609092724619,-2.508111564860524,0.0
-4.809739063492895,0.9549825207954576,0.0
5.192051650165029,0.22432860214294337,2.0
-7.004806199305218,-2.144745082909516,2.0
3.6246157469403872,-7.006768048662975,1.0
-4.930433354342401,-2.430684445772391,1.0
9.480354762032604,3.770037785083611,2.0
1.6030115167961192,-5.166609670310772,1.0
-1.3374861350157907,0.7666107045562285,0.0
-6.187793760275307,-5.642563323651699,3.0
8.157663962611739,6.481244427120515,1.0
-8.938658370143656,5.55728173657862,0.0
-2.228395868232365,8.073207934858186,3.0
-7.660546795969257,2.5319846655728284,1.0
2.8674451971698787,-2.096839646129718,0.0
-9.803597061611576,-9.255106220218947,3.0
4.264458700976599,8.538267103557228,2.0
7.337572159694648,-6.073197879077499,0.0
-6.3924415839413555,-0.24428164732424484,2.0
-1.1373133853209882,5.225453980177782,3.0
-4.279790738607279,8.86271435745114,3.0
2.272779026469859,0.7900604040463026,3.0
3.921778356050723,-8.07416442980649,1.0
1.6733505721247148,4.718531523937315,3.0
2.55339299924052,8.3917696755184,2.0
-0.3286904579154193,-3.8486346712242288,1.0
7.20290560015507,-6.943492453380764,0.0
-7.420014732704992,-3.1976163730620044,2.0
6.41160382583325,9.873935167816171,1.0
1.8804337393518704,-0.2678699567732412,0.0
6.612320474873162,6.6808168660148795,1.0
-5.446414728750026,-7.409618100356916,3.0
-7.7364688334090115,-4.443773499725269,2.0
3.9677058645775105,-8.227730253437088,1.0
8.257363342911628,5.603569256050697,1.0
1.595658176915789,-1.0077607848470027,0.0
-6.97484727261108,6.091302785549811,0.0
-6.73220545158139,7.612297275595662,0.0
4.246572494691915,3.6251106975100544,3.0
-0.3035344526948336,5.536358870628288,3.0
-5.2365624511390045,5.183170057967999,0.0
5.1631277715081545,-0.5611380086885482,3.0
-4.848260518901613,6.213016180870564,3.0
-0.9614275855174306,4.197301402850766,0.0
3.528083973336141,-3.1709667643072414,0.0
6.7298779097339825,-6.658479615273707,0.0
4.051295538287331,-8.708971300296982,1.0
3.4398076845274623,6.067485663024126,2.0
-9.495588374008326,6.84284866061757,0.0
-0.19379171482292,-1.7544702708740108,1.0
9.698059827967992,-8.952507370603007,0.0
-3.276585768509017,-8.789126583835126,2.0
0.19491641593296194,7.280273282367379,2.0
-6.563247609698708,3.3518118658388083,1.0
-9.834045950797933,-1.9765235945880821,2.0
-2.4620673312392816,8.228627646672802,3.0
-1.3965402411450576,4.489792240604089,0.0
-9.973356459417912,-3.9263775967074954,2.0
-5.472191465974436,9.904622105966563,0.0
2.7546593406062954,-5.405445955260076,1.0
3.540931636709592,-8.65775417085687,1.0
-3.4473559043466295,-0.8984210267431543,1.0
-0.23138164333229483,7.489077363922853,3.0
-2.9947144085005295,-8.770244863246436,2.0
-8.349253624913487,0.6573892394082232,1.0
-4.45426339478971,-5.7339347077356635,2.0
1.387960339580287,-0.3278153710950349,0.0
-9.94575131247031,-9.533441606189399,3.0
-3.281016116715749,6.178772835930658,3.0
-0.3999219431836991,2.5059186024452202,0.0
-2.8660162363469404,6.384862088082347,3.0
7.451342585578267,-8.58738379156878,0.0
-7.112356945765203,-1.79546409722008,2.0
-9.193809444714798,1.3088508384852187,1.0
-7.523492747959573,-9.238603229776805,3.0
5.3880509387320235,8.904378247268792,1.0
-7.456505717339407,7.177334488281545,0.0
9.570679846436086,-2.417354796336218,3.0
-7.335234756019673,-4.238776099785849,2.0
-5.094345102609992,-5.257787291736815,3.0
3.88664417344647,-1.7892451604202169,0.0
-1.0502452873298047,-5.740259329074677,2.0
9.310851813650714,7.757491655210938,1.0
-4.01951748670051,3.598975250452634,0.0
-1.8611672654488878,-8.320239622250803,2.0
2.1076785218594765,0.6983887927470853,3.0
-1.0179131432042805,5.402797732126313,3.0
-5.154665654967245,8.873805560142564,0.0
-9.503928620584126,-7.330220310214079,3.0
7.909160496933815,-2.5036014600030416,3.0
-5.968288514060425,9.839032766918873,0.0
-6.258840382986282,-9.56937222308957,3.0
7.800179251377209,4.315417303509134,2.0
9.46962459525464,-8.781361377406999,0.0
-7.056503119084898,-8.221540021712707,3.0
-6.915556517932697,2.203816300907704,1.0
9.583260373262753,4.957582163804426,2.0
4.481096628398449,-5.887932685613033,1.0
4.893462107533859,-4.720748836648994,0.0
-6.750356742446457,5.331844794175524,0.0
0.4768120970301446,3.412851287545678,3.0
9.569190537856265,3.1310115496655655,2.0
0.9480604451497658,-1.38787532292557,0.0
-3.016994694378912,-9.55523695134497,2.0
-9.492684491313465,7.366819077782491,0.0
6.453976311783787,2.7910138225415544,2.0
4.840587945426645,-2.493086162469651,0.0
6.801838014502987,6.496139292747127,1.0
4.411311884134959,6.05613537571227,2.0
6.289178625399195,-2.1502334405621966,3.0
-9.374616620950437,-5.318620250184189,3.0
-8.7915955365157,-7.790776821147142,3.0
2.5542481171711646,-0.4138322718952949,0.0
6.252913337507355,6.89485916539639,1.0
-5.774699277042985,-7.435776203538895,3.0
4.4588299183145494,-8.34031715846142,1.0
-4.306233819096683,-1.4305946861466179,1.0
-4.740732605907205,-2.8221676333026053,1.0
-6.6324516901650625,-1.0897006009568582,2.0
-6.077940922132646,-4.65794300722711,2.0
1.0861497847379233,5.8964989396381196,2.0
-9.562137775247932,-2.123719847987095,2.0
-7.953542835037202,-3.089614324999612,2.0
-4.347540715707781,2.54493219186676,0.0
-5.781616373428284,-0.8864994114319877,2.0
6.7146492492851735,9.069055742026755,1.0
-6.981489592780187,8.078449061877556,0.0
0.43315504018022466,-9.930757141216898,1.0
4.647385135814542,4.107397772961033,3.0
-8.792609207114246,0.8461741091761148,1.0
6.477374132710455,5.5261026739016135,1.0
-1.5681072814427957,-5.917927893364972,2.0
-6.877556114547825,-4.769211939132802,2.0
0.40652073296997315,-2.089991851556025,0.0
1.5113209528331346,-4.20958513598003,0.0
-6.876378448660216,3.0542394924634024,1.0
-4.6679266603489395,-7.7473666246085315,2.0
0.32886491679917285,3.7642279941420735,3.0
-7.228804336412593,-9.045278856969649,3.0
-7.6921326147057645,-8.132866325069232,3.0
-7.877794972916274,7.662222898268702,0.0
-6.765297718395205,9.035506385304139,0.0
-7.460170533044916,-3.911819590953174,2.0
5.20842082830179,-3.1713745616093947,3.0
-9.981169250291044,8.76296483014675,0.0
-4.001317040665695,5.728533293508393,3.0
-9.22159746117682,9.649762034669521,0.0
7.340468921496722,0.7564214610913069,2.0
6.916442281753895,2.0007163322736687,2.0
7.484244397035539,7.192731698562746,1.0
2.5597675885507982,-0.7819173088403986,0.0
-0.3512100494643633,5.7306128512785826,3.0
-4.881108909402025,0.16594283671651056,0.0
7.310287085621596,2.588461576269669,2.0
-4.9389328478847405,-7.803954083591003,2.0
4.287156961397061,-6.394440464978048,1.0
-6.411229276741102,-4.090183332516846,2.0
6.778869319568685,-7.31143512833869,0.0
-4.825076440090557,3.110394265277712,0.0
7.39305818970027,5.159089145580305,1.0
-9.20063899884852,1.0292483630671043,1.0
-1.8194383125882965,8.348468331339987,3.0
-8.02985248410819,-6.316510196630707,3.0
-4.2502580315937255,-5.577133310625788,2.0
-1.0533641320803717,-2.354322301972087,1.0
-8.123231258365673,-9.29057211265215,3.0
6.959034345169947,-0.4506039171386611,3.0
-2.343473334435126,8.111955098690935,3.0
-5.809129968147633,3.818753259087364,1.0
5.411954140061981,-6.945958349257653,0.0
-6.157440521496065,-3.0192787644963426,2.0
-6.154491057718829,-7.75970041181663,3.0
3.094447648893029,4.589101537079674,3.0
6.8495661434931385,8.872236427579413,1.0
-0.28246685666444016,1.500598609488419,0.0
-9.419125606284982,2.680801464955154,1.0
1.7978587380993467,-7.751079292423251,1.0
-1.3758442786458822,5.353150536825481,3.0
-1.3774552745444204,-8.472677657007996,2.0
-9.022387081796154,-2.757481647228066,2.0
-8.754047548927609,5.860620353969544,0.0
-4.622426872996095,3.2582727170983894,0.0
9.622619095775512,0.5904951446734703,2.0
6.027766685324714,7.544783757100582,1.0
6.258205461823923,4.886172137869568,2.0
-6.152679445572726,-8.012237899310332,3.0
7.795474125429397,-9.108762260014245,0.0
-5.781935022563323,-6.874762113913229,3.0
-1.905837483898484,3.1750606251381797,0.0
1.4729618825964703,8.78928345962597,2.0
8.300774820296272,9.988848598538898,1.0
-4.014526004536156,-5.418510001519401,2.0
-3.4992165935967083,-7.127292692716614,2.0
9.972385430881722,5.747345426506296,1.0
7.501978515955237,5.073331511647899,1.0
0.29040526101162634,-0.4085513500267872,0.0
3.2460309790333497,-7.353614451320459,1.0
-7.725471920035558,6.444012308380586,0.0
-9.015734821202761,3.6658527909884455,1.0
5.274459906690797,-5.570430305363501,0.0
5.201908992122753,-7.829532269736481,0.0
-3.575895475789139,1.9036618336696787,0.0
-1.9715690035908988,-7.826205463194134,2.0
-3.5372616213028003,-8.262612355677275,2.0
-9.350555814283727,2.137442778584308,1.0
8.078492210288502,8.436767898806131,1.0
5.610973974726219,-8.601467959975228,0.0
1.6754187890325731,5.5429497450855365,2.0
-5.109467631813002,-3.300134046426022,2.0
5.784188802492018,-9.767560637876493,0.0
4.2357124942199835,8.886414295470097,2.0
0.7702125623764395,3.1742024925310623,3.0
-5.437604510697637,-7.146017415085004,3.0
-6.8925458703311975,5.248108115660152,0.0
5.542536704278172,2.256761055003789,2.0
8.164011991549803,-0.5169415659758982,3.0
3.336947950806316,-0.7929170857009709,0.0
-7.607150854251912,-6.54449001971736,3.0
-8.817053628700439,-5.917032625300351,3.0
4.535331726414501,4.1994345969955855,3.0
7.667915513652407,-8.256101899604003,0.0
4.457902208717659,-3.7451234095187473,0.0
-1.8947286430359433,3.283884835105024,0.0
-7.747164079170505,-8.832562548258016,3.0
1.7976470632759867,3.411081510819706,3.0
6.784915942303922,-1.768102943551808,3.0
6.231001175068634,2.0366279733058317,2.0
-9.570731207782671,-2.3647228488367116,2.0
-8.203057135634399,-4.285246666333451,2.0
7.034768736932826,3.181264450672373,2.0
-5.010384295356259,1.7015194763769301,1.0
-2.3245602340924414,-7.142139169732635,2.0
-4.20771278481034,2.85727155147522,0.0
8.623343687394236,9.861782791435914,1.0
-8.669406148540261,0.6194998495052708,1.0
-6.650265689874311,4.454526624949281,1.0
-0.228317519138459,-9.36913016780003,2.0
5.900776328424344,5.959424901026962,1.0
6.103081939164298,1.982286657658861,2.0
-2.1856747941775527,2.0110015504912777,0.0
6.2707201099096785,-7.744705266182046,0.0
-9.969630795441532,2.1333510473321624,1.0
-6.3558604701516135,7.381644228995889,0.0
5.915081527513946,7.640359332271419,1.0
2.94896567309463,-2.6577982490415097,0.0
1.7539567416217174,-2.8438630945330967,0.0
1.5917627949995055,-4.103894686330225,0.0
4.549007311370607,-8.631895719194496,1.0
6.34047821117608,-8.937359099371802,0.0
5.817174504832089,7.5705380955152,1.0
1.036730174805296,8.622694963705325,2.0
0.18541152403652816,1.0810281765050167,3.0
-1.9155497513862318,-2.780908702694383,1.0
-8.165048885965904,-6.188431987944498,3.0
-1.384486833784175,2.883594570949775,0.0
3.1105175797575413,8.766505058576367,2.0
6.278657417306942,6.8203880698332675,1.0
4.9092434516682015,5.277639735299374,2.0
2.055412753588449,4.2134401429823285,3.0
-3.1226312636055393,2.6866783955003086,0.0
7.775955336623824,-9.366871218270136,0.0
-0.12008374969028424,1.0336977771315663,0.0
-1.7283389258058808,7.414984632778626,3.0
-7.112047056889413,-2.725191290010436,2.0
-0.7225117385884019,-7.696597155130156,2.0
3.9865127837989807,-9.654301091258805,1.0
3.578736200128823,-8.343637285792553,1.0
8.940230331148015,6.67302030894853,1.0
-0.014794226235002483,3.821668545361554,0.0
3.252565198492574,-3.6811927852899,0.0
-2.1222432433462624,-5.325758959409654,2.0
1.7679513204334718,6.459221187097604,2.0
0.6609827598532458,7.250588580620846,2.0
9.324039287347851,3.1676808674452595,2.0
-6.7523771620039374,1.7487028525212445,1.0
-8.410204881634119,9.564870463237739,0.0
-1.5730001334935384,-8.198413112615322,2.0
6.71268864585042,-3.4088373557647493,3.0
-2.788047665240896,-5.8645330564839675,2.0
-7.098494532130928,-7.5407417752917505,3.0
-2.4214262359083483,-8.687833361679258,2.0
-4.531242660081349,3.0139058128223812,0.0
7.216224448674637,-8.095166767299883,0.0
-3.6892333937379984,4.647242995831011,0.0
-0.04882587891814438,-7.070395790627617,2.0
6.392551590632721,-4.190055662471021,3.0
-6.823880066825938,5.428864556339699,0.0
0.45275886353530126,-6.263815954056398,1.0
-6.77486887539234,3.729828552778878,1.0
6.035266634232684,-7.150650736019357,0.0
-2.3393056597743467,9.924650690898154,3.0
1.7677949420239223,-7.490310859010048,1.0
9.582323253307145,4.206008883277317,2.0
-3.8294245132093625,8.50548300348461,3.0
9.185722099151928,-8.233710065999674,0.0
-2.88879611716961,8.816141763470025,3.0
-7.894346566008592,3.652025474827049,1.0
1.2490666551294574,-9.560422561740666,1.0
-2.54402819072554,-5.7214467394146595,2.0
-2.6248864091522384,-3.3272583951530565,1.0
6.966990744648534,0.9574407600378478,2.0
-8.904203336802595,0.15419021483395845,1.0
1.444096446571809,-0.1096759672044243,0.0
9.893347500729995,-7.88623239068051,0.0
-5.826893826939874,1.1716688351014,1.0
-3.2034294300536796,-8.050830433677397,2.0
9.35597877628122,-1.7430990912926916,3.0
-9.447075841425875,-9.267583599175662,3.0
-0.19811654910929555,1.6145591346265764,0.0
-2.8688795342823514,-1.1259349172093671,1.0
-3.841642089275865,-9.908365996282827,2.0
6.88405182920863,7.218542699269626,1.0
1.4648104018713362,-4.227908128869808,0.0
6.347949182020308,0.673568605908347,2.0
-8.616487085829005,-5.861657724554128,3.0
4.941861713638037,5.445888973846568,2.0
1.5138072795752127,6.860754974076251,2.0
-8.324804743283586,0.3567434912273093,1.0
-6.951283369289811,4.574498723042025,1.0
-6.047849107513546,7.070899526269827,0.0
-9.174986855834497,-1.0492701150304367,2.0
1.1724882531304672,3.3368546177270257,3.0
-0.4458578974270484,6.10473261227618,3.0
-9.887476204893197,-5.669735115746111,3.0
-2.3978335310124876,2.6614608090977967,0.0
3.6036127531856046,1.003022332166701,3.0
-1.2764660859063515,4.572089185407062,0.0
3.715717855065483,-6.81722106563484,1.0
5.2177354574108215,-1.7610059676089946,3.0
-4.192385350749694,-9.474710554252354,2.0
-6.277547537173227,-4.534563388338868,2.0
1.1211565604406974,-7.517347485680121,1.0
-8.023106665459238,-8.57076755424231,3.0
-0.486312025038222,-3.6506735337017826,1.0
-9.944569997608802,4.024012292504908,1.0
-0.7516880256245351,-6.84254996829285,2.0
-4.5685778558951124,-8.584501919594931,2.0
6.337024356533835,4.528917959683312,2.0
-3.9251781067465785,1.2702385912689351,0.0
5.389937996285603,5.272480033534428,1.0
-9.3646129864999,-2.3697517846036913,2.0
5.380381764136688,-6.852878354384226,0.0
1.5860535888504952,-8.842043172010161,1.0
6.620517597838429,-8.435228902006532,0.0
-6.7236882168611745,-7.208520804117741,3.0
8.694745299776013,8.432144233924614,1.0
9.178426758101676,3.571738441283136,2.0
9.700686910548097,-5.360281456280811,0.0
-6.85336762426068,1.3248854879880163,1.0
-9.87914236713394,-2.5135616529080496,2.0
7.559784698485714,3.555445491461686,2.0
-0.29820868057149497,-6.376146899850448,2.0
-2.6240552914573385,-2.0219993530112346,1.0
2.1933440616693325,0.1895913961756257,3.0
-2.91350813468309,1.465377489522412,0.0
-2.0910775138652866,9.912127224763378,3.0
-8.404330776986587,-8.461186715566493,3.0
-3.6397607330850645,-2.7647580390461606,1.0
4.825509425565093,7.350560128279199,2.0
-9.290821883918,9.546681913672867,0.0
-5.369060819545353,1.4058752756888726,1.0
2.284208905254557,-3.3927386976674416,0.0
0.8276291053142533,-8.76599611974014,1.0
-6.1168486611837185,2.0253165059168907,1.0
-6.924400624347397,-4.505964081966887,2.0
-0.9407512600594359,0.156098907734723,0.0
2.8950147492587135,7.476608857855528,2.0
-5.955510013291829,3.8314775831440784,1.0
5.987896826354881,4.081884317904191,2.0
-7.373589909220282,-0.5178650455075324,2.0
-4.02686755760024,6.617484998300334,3.0
-9.22070574586744,-7.604689416950475,3.0
-7.763450596555526,3.1888833621843773,1.0
-2.5114195047592442,-9.897097365017725,2.0
-8.295606126610764,7.874873342918825,0.0
7.802515844754449,1.384379275842731,2.0
-7.516634525008881,-4.632580121214803,2.0
3.4166408127000025,6.272956719426588,2.0
-0.682024624010225,-0.2639931240301152,1.0
2.6517000189439504,-2.9081027121477776,0.0
7.48270758589825,0.476856522744292,2.0
-4.36725526598517,-5.903146652884157,2.0
-4.210257161415665,-8.028846671267626,2.0
-3.90812343037714,-6.141577445015289,2.0
0.18887379345041921,6.014104950741739,2.0
7.919017094345563,6.707152284241779,1.0
-5.947176179924025,-9.015560213607108,3.0
-3.1562377795903185,-8.395914718431545,2.0
-9.390080165803756,-6.533190635545914,3.0
-3.458829941305588,-4.464174064686524,1.0
-7.753217971397595,-6.92164524625932,3.0
6.087938885710326,-5.228916705849622,0.0
4.483516106649601,-7.815586286254883,1.0
8.806318181413978,-4.350115302300113,3.0
6.4903654690171955,1.8813799113322442,2.0
-5.799505008835181,-2.5598241515669073,2.0
-6.211067983970214,-3.26208466738104,2.0
-7.636211877398886,7.403323182407902,0.0
-2.5530705361386463,7.9225998292404185,3.0
6.039170897543144,-3.555296453777899,3.0
4.613600269871528,2.9683608890307482,3.0
-1.257569303389996,-7.11332027025295,2.0
4.816991732665166,-4.454471531743522,0.0
-5.450433783545674,2.208729169708743,1.0
-1.46104790983207,8.791184996326606,3.0
-0.20368092769705193,4.75337209133073,0.0
4.016744851601876,-4.567128224690138,0.0
-2.208883002318869,-7.418618533978634,2.0
8.497817935606786,6.460500147142898,1.0
-1.0866641142601452,0.19572600031708198,0.0
-3.538407387152043,-7.27619016732175,2.0
0.7711682689338062,-2.0416400426142545,0.0
0.6287634192353924,8.521601393695423,2.0
6.16164682777552,-1.0132280319440135,3.0
-5.233914559778887,1.8546162957306773,1.0
-6.144788862168841,-6.801807685257182,3.0
0.14230965112098914,6.569957677912679,2.0
8.490973860164825,7.761638050373495,1.0
0.4318343772483697,-5.061334961609267,1.0
5.949716713657589,-5.8470018132996415,0.0
3.5183129570567324,-7.241998412382305,1.0
6.737755254148851,2.826996204469374,2.0
-3.127232025184843,6.433704768622842,3.0
-1.4791168027670203,6.597057989389757,3.0
6.347405912263682,7.479122424189633,1.0
1.2849304480898045,2.040558300177562,3.0
-9.357916519756902,9.57404664409616,0.0
-5.15065809898827,8.73784960765585,0.0
5.0191544742805085,5.086318299087999,1.0
-1.116726027123942,-4.928266361041405,1.0
-1.7502514639045117,-3.05161241887582,1.0
0.0236506931534457,-6.501664569920851,1.0
6.821887846587689,8.046950759260511,1.0
-0.5085879838504681,5.951424927879049,3.0
-9.318376624871345,-8.826659024443861,3.0
7.178253586892215,7.6022191197258095,1.0
0.9238286536023921,-5.005801418331474,1.0
8.547828759035717,-6.524098094189402,0.0
5.710845029553495,-3.4911190495594298,3.0
-0.18677701676627834,-9.4342432791559,2.0
5.876880545233824,-2.1883812009220165,3.0
-2.9288199168070106,-0.45247155590731225,1.0
1.6741799875366183,-0.26672250162430977,0.0
-1.7440518257315123,5.65278445176202,3.0
1.0527446279783845,1.796305959896392,3.0
5.9839402488241085,-6.10359815489929,0.0
-1.896927719216798,-4.827997196947875,1.0
9.439039821592587,-8.400921547391476,0.0
0.14928894053772623,8.508826692623778,2.0
4.102049839693178,4.4317207357676835,3.0
-5.102253672334982,-4.921772560534463,2.0
-8.166492498241958,-8.225196346844076,3.0
-0.7691159545336124,6.232956844543885,3.0
-6.069983063734535,-2.815598515676408,2.0
-8.203748933845073,5.9431300189004315,0.0
9.443513515255152,4.332142669861911,2.0
-7.489246629611122,2.436863675204952,1.0
3.8262789830217354,9.462030936318659,2.0
5.63596665222706,-4.503015195314621,3.0
3.9587944465689873,9.0612020219194,2.0
4.793105159464696,-1.2198393235749183,0.0
-0.907146277063104,-9.87880472226111,2.0
-5.212289593845978,-2.248427848872603,2.0
4.046571454336178,-3.2522495840552494,0.0
-6.7402738989563975,6.429367405448218,0.0
3.821844301670094,6.419243204279184,2.0
-6.733576339827152,-9.08013954699604,3.0
-5.226025044694613,7.738373125654352,0.0
-4.940794514035122,5.567897521931906,3.0
-3.821974133050217,1.394305910253733,0.0
-0.3971997140239676,8.646672595558734,3.0
3.3440061181831595,-8.804992367712632,1.0
5.1608544099026705,2.1669644779749557,2.0
1.1417366411566316,5.104610904414134,2.0
-8.354630504889453,1.5026664077102687,1.0
-4.602160497618161,9.23310527412579,3.0
2.9990704164014854,-9.399670960111521,1.0
-9.808640182550509,-6.614018559688222,3.0
1.98387232240988,3.1360517238062933,3.0
-0.838503992989299,-6.934693832270076,2.0
-5.128157249552004,4.281025116425516,1.0
-1.2106275788037753,-9.206221632019215,2.0
-3.947669010800907,3.9207653905954736,0.0
-5.219095657770591,-2.794301433899853,2.0
5.278534783469036,1.7028000294539307,2.0
-7.692133408439816,6.606884533670698,0.0
-3.724539734688978,-5.362132876147547,2.0
0.3427036462488502,5.029914848648255,2.0
-7.6776386800864405,-1.5397232632978763,2.0
-6.753834482855869,-1.368437485776937,2.0
-1.3543445525785849,4.56105413145848,0.0
2.6760887366756094,-7.2156807597892065,1.0
3.9745212230499067,2.975056269885151,3.0
5.715242858779032,-2.3826384844987487,3.0
-4.939478788645484,-2.046547892172514,1.0
-3.736506379127327,-8.454100941424318,2.0
-6.2804580938076615,-8.193440207022526,3.0
-4.200168208022825,-3.961946418442457,1.0
-9.836167434339236,4.899748288934813,1.0
-8.08065274016843,0.3860854864713037,1.0
5.867646424932051,-6.045227159253708,0.0
7.79978291939986,-8.571814278336054,0.0
5.665696761194479,4.537667214220393,2.0
-7.089281186473995,-2.78740191457985,2.0
-9.269714074689366,-9.58465515082814,3.0
3.6243932966726113,7.136441069590482,2.0
5.522146434730011,-4.169981381128265,3.0
4.5996375393243625,6.320351991040276,2.0
-3.252816712415556,1.178600766455201,0.0
7.943664871654391,-4.993176607694361,3.0
-2.437270328060288,2.075076534953446,0.0
2.2708917173045613,5.750613006817062,2.0
-9.938623214775653,8.42309930005386,0.0
-0.025069465104220257,-7.021374326488383,2.0
-7.009778384130967,-9.091998761134137,3.0
-3.0473318675578076,-5.938052356715165,2.0
-4.719832375664607,-2.0879328147315395,1.0
1.3273313027752405,-0.1511128074301098,0.0
2.662118836777463,9.741053779915411,2.0
-1.9083226156575748,9.103270018394966,3.0
0.630316840227696,-2.414664537066697,0.0
5.8246951813823085,-9.188264981018397,0.0
-2.9440753066622065,0.9070867042869537,0.0
-0.1270630735493441,-3.535299330751762,1.0
5.6595577478369385,-6.571094940194393,0.0
4.6435552160527465,9.23276714226716,2.0
-5.936683524926392,-6.358785155977089,3.0
3.2041036220675405,-0.8132995855531693,0.0
-5.147066299351984,5.027500227598317,0.0
-1.8347543446240184,-4.854329498802534,1.0
-4.120245060460972,-2.623928203904562,1.0
7.219427985458836,7.661848695474937,1.0
5.3551762643161425,-9.234021515057098,0.0
-4.856568795699254,-5.252460528506841,2.0
1.7431865856079511,7.75353965501834,2.0
9.733199530641961,4.680262043465769,2.0
4.913642886206604,6.302296083398243,2.0
7.036677421851319,-9.818701911189684,0.0
-6.109695805583435,4.368589093283365,1.0
-5.136422466495296,4.948222298068973,1.0
2.064371664716644,4.365740212424399,3.0
-3.4733665292969267,6.5054510153683545,3.0
5.252219322723523,7.111051965686578,1.0
-5.817947316611454,-4.375745160916484,2.0
-2.3515785322061262,4.03060361081582,0.0
-9.028569763273357,4.499396998218618,1.0
9.81136919030763,4.343549971073774,2.0
-0.8608783212537681,4.02771480700266,0.0
3.5929016568482535,-5.53830931448813,1.0
-6.547431958679781,-1.1710376352126168,2.0
5.316787588725244,-8.726863995393899,0.0
-5.224422522398595,-7.47386616775149,3.0
0.01755239556984378,0.5617988307069073,3.0
-9.341071594005484,-3.801577847901032,2.0
-4.235729451019335,1.8078066752441408,0.0
-6.279710926986994,-2.028812331637438,2.0
-4.53041507658723,8.621318540705229,3.0
-5.124076636306148,4.736312200462967,1.0
-4.248748721862576,2.6354707526374135,0.0
3.879678695522845,5.704011743658985,2.0
-0.6141499678126934,-2.802210006400734,1.0
-9.514644288842307,-4.732359832341267,2.0
-3.991885004123903,-9.597234635822144,2.0
-1.7761755509534112,5.945290296594607,3.0
1.7928547712976766,-4.962503642449416,0.0
6.122011395329693,8.03300111700781,1.0
2.438647660720923,4.205784682252132,3.0
8.613786207917297,-5.179880486620245,0.0
9.880091071663834,2.0824163117026124,2.0
0.6901611106418652,-7.964391404904494,1.0
9.201980916988365,-4.099325122716331,3.0
8.268645403161145,-7.46179890858423,0.0
6.12012760458105,-8.688274952225349,0.0
6.141068909667567,-1.128162343203126,3.0
8.543591692506514,-7.606828436035036,0.0
-1.3346216680352523,-7.14248619249074,2.0
-5.561358319832646,6.41094865558809,0.0
1.9394351292111764,7.230052952707464,2.0
4.053950263685486,-5.246488321708249,1.0
0.9784020413768744,-1.771650820219758,0.0
-9.272387548517088,0.43456175237941963,1.0
-0.60442451629849,0.9773397280237983,0.0
-0.9432545918487065,-9.877079418039392,2.0
0.9819318993108102,-1.818026955587662,0.0
3.235463973562645,-3.132193361099369,0.0
-9.965877108515361,-8.70403007066247,3.0
-9.500764193303262,-6.754693113475625,3.0
-5.513682128061809,1.5606548143118388,1.0
5.49561754057866,5.708388356358462,1.0
8.279081887362686,-2.128476828789328,3.0
0.24488413188414526,-2.7556087489365133,0.0
-1.4650030378932968,-6.746226786928473,2.0
-4.028781039590275,-9.086681454681925,2.0
3.791944782787711,7.873675453587396,2.0
-2.8288771372119186,-0.8901815583124968,1.0
4.114400803551476,-3.7096813208334005,0.0
5.0136184868200235,5.448961941443271,1.0
-5.730163341312724,9.001664800039205,0.0
5.802049725847414,9.373511793325427,1.0
-9.059125728285109,-5.267848053838011,3.0
7.051250552454654,-1.7522738544251517,3.0
-9.569775498441086,-4.803994794676134,2.0
4.210063802305237,-0.5600962358920434,0.0
2.6997397007857558,6.413065027430562,2.0
-6.135067804095504,5.227692840110766,0.0
-7.297436258397811,-7.7480410944271405,3.0
-0.27005029875514275,7.735439690576115,3.0
-1.2541079745810269,-3.3663975752474435,1.0
8.479156187005952,-8.006720738879023,0.0
-4.0518863249311154,-9.00202831599956,2.0
-0.996123424773824,5.227025826007267,3.0
3.428653271706093,-2.2688707866769464,0.0
4.547114593722785,-0.47979358405983596,0.0
-3.00864960186426,4.548121750907178,0.0
3.3114630645170777,8.43283068392769,2.0
5.3399504853414115,-3.6548314768522028,3.0
1.7688639476131591,2.9200695446451856,3.0
6.3871193897211995,2.480191425390988,2.0
-2.0263874471291015,4.4935004728932455,0.0
-4.884791549924861,-8.694650882155344,2.0
-9.15555195494844,3.618998718895078,1.0
8.92271723344702,-2.8371161461992855,3.0
7.027170890993396,0.9472468212493279,2.0
-7.325947943887345,-0.5724005342174792,2.0
-1.2976278444791856,5.398375172717548,3.0
2.542082362920965,-4.3098644754870925,0.0
1.2610035914557791,-4.861201529665109,0.0
-4.979204538718108,-9.043938983625804,2.0
-4.848074212855327,2.0659328590407533,0.0
4.189627760125358,2.486499568760891,3.0
-3.5154817314183866,-2.9409993232620852,1.0
-3.0007250927751095,-8.819630451527436,2.0
0.2778836896930521,-2.6750957738646335,0.0
4.257454552488614,6.669994705687007,2.0
8.784843330603213,-6.237033538355763,0.0
4.4387131496073735,2.8143669102549573,3.0
6.841329881675794,-0.46871630669948594,3.0
3.5133986576028526,-2.943144917879148,0.0
-3.5837039847833507,-0.194615649240081,1.0
6.614063894506586,8.471100351501374,1.0
5.265285611124483,-0.15546072168216618,3.0
2.924192478699492,0.9174588356763618,3.0
-7.72611500887157,8.429590863018209,0.0
6.255336932690952,-4.9983925603806,3.0
-4.050943497144961,9.294801270376897,3.0
3.498886049321829,-9.908315707575476,1.0
0.7847026775603432,7.267769656707504,2.0
1.350849525701932,3.623430406431872,3.0
3.4463146627363095,7.783558454514228,2.0
5.476761015649714,-9.10441156371741,0.0
6.8743477350837345,-5.65543667844538,0.0
-1.116030684631923,-6.405922413513769,2.0
-5.366836275508861,-0.5258505812653347,2.0
-1.9484991003892649,3.3114851497771802,0.0
-9.19735334382671,9.61043625841802,0.0
8.3249079178884,8.256731203869649,1.0
5.402765812685164,0.8849803007271646,2.0
-6.5970963682139905,-7.157568297554311,3.0
-2.0170866562642242,9.480081358491997,3.0
9.996954308811667,-0.33578825604680773,3.0
3.412757191471984,-3.6300125349634094,0.0
7.217312122621614,-5.798803482375843,0.0
-9.657498812151516,7.70572382505263,0.0
-9.218142547092691,4.041608092329019,1.0
-8.459073991146656,5.613230633846024,0.0
0.227449164096857,0.12462298996837973,3.0
-8.703435634168034,-5.353354398860803,3.0
-9.197121419260053,-7.762895652094441,3.0
7.091138067143007,2.9254134636370956,2.0
-7.937522462676019,-2.0286390184994962,2.0
5.101627358651648,6.445762928831606,1.0
0.04997678080037993,7.4346463182927245,2.0
-2.4816398598968537,-4.366138480631376,1.0
8.060267315318026,3.644313872700053,2.0
2.725323525491712,8.701407840463801,2.0
8.37603472907286,-5.183960348446117,0.0
9.189274517392999,0.04699804576797462,2.0
-2.962625950775701,-3.835566780171522,1.0
2.075940708734807,3.0200719332309873,3.0
-9.256139041369039,-2.2545351365507997,2.0
-1.999068329748015,8.998696907541106,3.0
5.607365282058234,1.9464808271757938,2.0
6.818097983395933,9.492115415067673,1.0
1.5511951399312807,-4.199557685068058,0.0
0.21296356065331778,1.9154100594083552,3.0
-5.226532887558715,-0.5358514672344121,2.0
-6.220565256258532,5.437038633632259,0.0
-8.447147878075242,-2.057639846726474,2.0
8.171485424764555,6.297866037347184,1.0
1.8968876725295232,-3.7378999215175828,0.0
2.8931850600364655,-6.717028702664591,1.0
8.707640195309668,4.209489228290602,2.0
0.467774187999515,-6.6095142512475835,1.0
1.8796349103244392,-6.39632853673711,1.0
2.962298173813519,0.5295191249124898,3.0
-8.785440880457006,6.403816939780732,0.0
-5.468948697303489,-7.132540971866983,3.0
-5.455780559426708,-6.048287506327035,3.0
8.555912767483651,5.042987182396637,1.0
6.414014184958091,1.9314127369594658,2.0
8.438763754683187,-6.2300543012639364,0.0
-6.074329504936074,7.461892793684662,0.0
-9.487953828135451,4.639226587759925,1.0
-9.689934133434475,9.935159853368944,0.0
-6.791013220191989,4.991263155568799,1.0
9.902173596881298,-8.100237948574273,0.0
-1.4572889286066815,-9.71298840920495,2.0
6.908034984516124,-8.09738738301202,0.0
3.258708858486143,2.9267881330373307,3.0
-7.889799236490127,-9.01737684603808,3.0
-4.984267525010326,5.152949356816485,3.0
3.222745305447887,3.2563464214432063,3.0
-6.33078652313106,1.8037386860997433,1.0
-6.254294325654708,8.266089538076997,0.0
5.870346178855698,-1.8700657426280642,3.0
1.2689148472300804,-8.700542315520659,1.0
8.106657773086287,-0.28320877522511445,3.0
-9.44281848903303,-3.7415515713559655,2.0
6.317629445388789,-4.41909831446714,3.0
-5.079329826818917,-3.8881390589602205,2.0
-7.245108737224493,-3.471046238620545,2.0
6.242752867169294,-2.797744346713264,3.0
-4.2850639829624,-3.143215047556838,1.0
6.889990487272296,-8.791070949457717,0.0
5.347230879599106,3.0469313664245448,2.0
-6.51161375598269,-8.124519225787148,3.0
9.725298077186537,5.5228584911371765,1.0
3.5733978916741798,9.408005991912063,2.0
3.4194263124790396,-6.394636002769878,1.0
8.181049985621687,-1.8709497774272599,3.0
-2.920048813073488,-3.0515157761523533,1.0
-3.721884731139289,0.8153079705067903,0.0
-0.046298042445936716,-6.786395594929136,2.0
-2.715514780967152,1.9248251604439695,0.0
9.17706240220231,4.472507173845786,2.0
-6.253812501686273,2.817591169812868,1.0
5.558241629134937,-6.688669007924228,0.0
-3.0153536971235706,-7.940084429866681,2.0
-1.9672136724609537,-8.909796157164978,2.0
0.1513593894942744,9.31628516781116,2.0
-1.084605822607914,-5.098258471033366,2.0
-1.8640277902966709,3.5567158473620673,0.0
5.665845984307021,-9.148838540440924,0.0
-5.97853657591468,-2.7647655298159846,2.0
8.5682758972534,-6.278318887823202,0.0
5.756763273038727,-6.7531826321570865,0.0
-5.524006059594029,3.1662823029002034,1.0
-5.675597591882755,5.588158844969101,0.0
-9.905510984361731,-9.212985662222678,3.0
5.408222544697079,2.730510446052403,2.0
-6.5551284902839235,1.1624258864483998,1.0
9.619702793860018,-5.663590893565907,0.0
-7.312958203506197,-8.54319386456397,3.0
4.937238299088843,6.040762288020932,2.0
-4.269114477992653,9.96921071379938,3.0
-3.053836807181714,-9.275605651892644,2.0
0.43666313616293984,0.4809607082221934,3.0
-1.1958112610228113,-7.01288127067504,2.0
1.562918434232845,-6.011205103903155,1.0
-5.597410240268159,-2.7823990928276032,2.0
-9.56373229285385,-8.404356062291052,3.0
4.511548026690191,4.360353031567525,3.0
6.702999446962,1.1559427690792674,2.0
6.94690444931739,5.688215210267222,1.0
-1.6366676488308052,0.7591470686069393,0.0
6.82417111853416,7.1379859439895945,1.0
5.181253281235136,-4.596868006345327,3.0
-8.205477262851009,-5.696915710936519,3.0
-0.8857975733973671,3.868570102811084,0.0
-7.168506138626274,5.690119426513702,0.0
9.09268696614598,-0.43886349286690063,3.0
8.975830817139112,9.631459067579314,1.0
8.332317803401043,-1.251257580542255,3.0
1.1731156796658855,3.599176940005842,3.0
3.29595917036473,-1.6926654334635458,0.0
-3.502833591671399,-5.9275078949573645,2.0
8.965955640587428,5.045534683104869,1.0
9.569499472115421,-8.14239108808228,0.0
0.6719819202827004,-8.879206685170262,1.0
5.266339707963759,-3.778516799802494,3.0
3.363154092981338,-6.204893404751428,1.0
-9.974506546625292,7.090558502797897,0.0
3.9370713001150257,2.7149422104085765,3.0
0.24439885609244172,9.349027715785255,2.0
-7.960310736309053,-5.5820972099219635,3.0
2.8632019470004835,8.031579396583016,2.0
-0.829569413509093,-6.7031416177253345,2.0
-9.469045422530222,4.143232340723362,1.0
8.490334998277941,0.5315732142234992,2.0
0.9679602350685794,5.91138363406138,2.0
-6.768494960540008,0.2521751961183405,1.0
-7.688495316150532,-4.113069935031977,2.0
6.514111279811239,-6.544220968254351,0.0
-5.406856990094429,4.407154730074819,1.0
-4.741549220195786,2.999944257386467,0.0
7.4260651211882625,-9.122932968324198,0.0
6.448483086825469,9.123267216293268,1.0
1.3624657057134026,-3.292826155736586,0.0
-3.4336765539950065,2.9340512247376758,0.0
7.656318849324919,1.582610480222172,2.0
3.3432554189775043,-2.9136239345773385,0.0
6.503272724061638,-5.048277634587819,0.0
9.475583510317197,-9.829005541549785,0.0
-2.5519835972825344,-4.6639911903153575,1.0
6.034688330556335,0.10010183421482921,2.0
-4.495689641935026,3.610400879508326,0.0
6.304465504557363,-7.742588919334725,0.0
-2.53310542874088,7.257672103208574,3.0
-9.481785123848294,-0.23066183448221622,2.0
-1.9562128824605214,7.315950837055748,3.0
-8.90440870252798,-5.811993958612359,3.0
-3.947836416285682,-0.9281263770023429,1.0
9.53951987614445,-8.017804077639381,0.0
-0.8830208785925642,-9.320379891885873,2.0
1.2317456216384315,-1.3311215577412856,0.0
-3.96216603216923,5.824502269224563,3.0
0.4453350896844377,-3.0476162290391073,0.0
5.555856739252118,7.086578700208474,1.0
-2.388654258229077,8.076575345732643,3.0
-7.203128357510993,5.300002241416555,0.0
7.0768641326959845,1.8579962574564508,2.0
1.4050000724854286,9.624381621041753,2.0
0.033987811952364666,5.223774211948385,2.0
-9.763802701502582,-1.4527099060314104,2.0
6.733310747822607,2.111386221675261,2.0
9.819664880252134,0.7242012472260271,2.0
2.954149274511133,-9.790649100201378,1.0
5.5270496757194,8.622436309308696,1.0
-9.394563972162551,-7.269758037499758,3.0
9.73178088236828,-9.229394131341234,0.0
8.25806066807203,-5.893502488506471,0.0
1.7484110994501538,-8.920471575728882,1.0
-5.58444788716508,7.883873691408347,0.0
-8.871486231313337,4.866241250521055,1.0
0.6530316359824297,-8.6759992099448,1.0
-0.8690392746221107,-7.559436619822987,2.0
2.1341775655509743,1.2440071415039675,3.0
-6.923948501951167,5.199451973771129,0.0
8.93689682030519,-4.052937879999403,3.0
-3.2542656639086687,8.565152860657548,3.0
8.452178303697004,2.364044378792178,2.0
0.38599991373810205,1.4023268333423893,3.0
5.597270034442941,1.3503422943897352,2.0
-4.874700989352052,0.7988473337591238,0.0
-2.606493892148773,8.171891465086649,3.0
6.37574672384287,-8.86784377252952,0.0
-8.856934787070639,-5.657111612264654,3.0
-9.581554563822758,-5.84058613770762,3.0
-8.38013711279828,8.190912845843393,0.0
3.482677232146349,-7.9020122007507165,1.0
-0.40019306199492277,-4.926807474896416,1.0
7.39336503037126,-2.6259297420186716,3.0
-1.47608246178115,1.688802449415105,0.0
-4.455623473616233,2.0695518402488453,0.0
-0.4572802127208657,-4.805239511422732,1.0
0.9380033723393844,-3.6669303051324365,0.0
7.208534161285165,-8.844693038660903,0.0
8.115559524916122,1.1114289765980239,2.0
6.278395778754351,3.174458950939119,2.0
-3.8924952741150998,9.85545053123304,3.0
3.343093607371854,9.04420684478061,2.0
9.374247920375474,-7.476707585361848,0.0
-5.901223627071501,2.57267940662741,1.0
-1.5893819004710164,4.343383684551327,0.0
8.966768493025729,9.667488778628055,1.0
-5.655676960920517,-9.84503473960122,3.0
8.278748164606665,-9.624075471845174,0.0
3.349921796623395,-5.19502055714762,1.0
-9.12313321834051,-3.7495731853349223,2.0
-5.195771418685773,-2.2468603637946742,2.0
8.979225457203675,-4.540930560972775,3.0
1.195739112210795,-0.8934002044556255,0.0
-6.589612467047332,-2.2288541738570045,2.0
-6.275568671754932,8.543597657041879,0.0
1.894235870426762,-2.801905214099145,0.0
-0.21482816588071074,3.6676906661923496,0.0
-4.228110721876355,7.790371796207612,3.0
7.7385863204259095,-2.7062297837540905,3.0
-7.650052541069785,2.8558764191926223,1.0
-6.746411429467855,-0.6128092566144812,2.0
-0.31011699268442783,-2.7010762016553684,1.0
9.515496439176008,-1.7612006871262054,3.0
-9.494843481546788,-4.870714609750317,2.0
7.898291759754027,1.8273372007435302,2.0
9.355898993952746,-9.402904716464802,0.0
6.3760047981685695,-4.242744341103868,3.0
-6.717404376988285,-2.3396505890343144,2.0
0.6070673899525403,-2.6696413691195797,0.0
-5.630617261559379,4.366729360591442,1.0
-6.708632478505048,4.440360320480526,1.0
-9.88085526205234,8.342821260111638,0.0
-7.553209910071288,0.44374095747135733,1.0
-1.5314501948078671,8.633062748681546,3.0
1.9195774242525019,6.5968092858340235,2.0
8.477696913833043,3.344299990503467,2.0
3.702107843720446,-9.474959296541297,1.0
-0.3539934323925671,6.96674328079493,3.0
9.708222048173997,-0.5080323279813932,3.0
8.231439732149536,-1.8695312818630576,3.0
4.653447237581423,-2.767691627000377,0.0
3.8812217593860794,-3.2129957801143805,0.0
9.20975045588936,-5.043345848401309,0.0
9.247431461344796,2.219320188726954,2.0
0.6343741066505082,9.515582519353842,2.0
-3.5928198823496054,0.6919880112497427,0.0
1.131482920757474,-7.1145694368972485,1.0
1.5586308424329651,-8.216543858507354,1.0
-1.7059704827408506,-3.7312576886046322,1.0
7.853152976227914,-2.8897092636358686,3.0
3.7749324052437103,3.7360504052111114,3.0
-8.451775484123772,-6.560105365361681,3.0
5.131609032410054,-4.5890907823552585,3.0
-5.401095736329742,8.641070920240765,0.0
3.813601050523939,-7.806933541497198,1.0
4.280832501276912,-3.1148678109703676,0.0
-2.9179691855046936,8.699507006707961,3.0
7.575253051035631,9.069799563979164,1.0
3.283547683356087,5.007604344696313,2.0
-5.3756884696688445,7.5081223930356025,0.0
-7.93607855445649,3.436810805518821,1.0
9.787909033905628,1.2214490326555438,2.0
-6.427300220412835,-8.256795530520282,3.0
4.662868019817527,6.086981128742494,2.0
7.923027637327785,-2.278871200988302,3.0
-6.947478828566684,4.283549559910892,1.0
4.286735325837203,-1.106252339571622,0.0
4.8885477953936185,-9.930360674183579,1.0
6.526839788486164,9.599193879501115,1.0
4.315504601475684,-2.9561603248547925,0.0
-3.546699436752421,-2.419365983699084,1.0
-3.9345141494463327,8.45142946033081,3.0
0.3491825747042725,8.724257661734292,2.0
-3.086532343759842,5.62580933123961,3.0
-0.267814742492007,0.5998359030948137,0.0
8.20451705384967,8.426328987444862,1.0
6.9221518037285215,5.514640762714727,1.0
-8.291306554497915,-0.20843215971979845,2.0
4.651555808485542,9.470612464015076,2.0
4.258452883546308,-5.628947202554011,1.0
-8.908667058171405,2.595723636934583,1.0
5.73985866349431,-5.455159278945332,0.0
-1.0718962446136988,9.05241071474579,3.0
-6.961641869695001,5.86892557542539,0.0
8.237609274552142,3.662377601545268,2.0
4.400218947645378,0.77678293215628,3.0
-2.0491326259546376,5.86467958997105,3.0
2.332928753118555,-7.267988588998293,1.0
3.2466550471238342,-0.3548119305299817,0.0
-5.7507465202303525,-9.589248257332896,3.0
9.337474127415902,-1.6307288230199113,3.0
6.145821534509345,8.943865083510818,1.0
3.055290588104709,1.7852839830638914,3.0
0.29186168848996985,9.641794913349358,2.0
5.008915413848074,-8.883698617367411,0.0
-5.710134864155596,6.875812796748477,0.0
-1.3170290887787655,2.8769534794854774,0.0
-6.503508101040141,2.366932769733289,1.0
5.549713579130966,5.307856980400443,1.0
-3.9891564446651646,2.6795392366069493,0.0
8.663788714343994,9.941997735108316,1.0
5.0297491906637894,8.803562156251836,1.0
-2.783086980351433,-9.985454026863962,2.0
8.096168084370923,1.6102763117153334,2.0
3.6194442431564173,0.6403372339802651,3.0
-1.4355113489668554,-3.684501106632254,1.0
-9.622467090404816,4.59773296107317,1.0
-5.099681846065041,-1.019517427328955,2.0
-6.012001432463943,-8.508902035772898,3.0
-0.4340831594366712,-9.289309216543147,2.0
-7.842612066060606,4.77158734989348,1.0
-9.948312587818615,-0.6768374258740124,2.0
-4.321284509434435,-7.995557391072177,2.0
8.905283646698518,-1.6862288261442338,3.0
-4.765077817135081,-5.029394527018001,2.0
1.0637535578785418,-1.7943992870536807,0.0
1.2421093129007268,-6.075009987421936,1.0
-6.325344261774026,3.7677849877903142,1.0
2.923769600094303,-6.483743300187492,1.0
4.143139278265357,-2.885958546929337,0.0
-6.6132245955819435,8.259911621411415,0.0
3.9867481236418065,-1.6747333790244685,0.0
-6.885324771855224,4.990099779989684,1.0
-6.2848381801700075,-0.20756226301887004,2.0
4.135181232450924,-8.289684626874415,1.0
7.480552212411162,1.802977856041517,2.0
-7.817043849712359,0.8547185579321148,1.0
-0.6296562520582238,2.4439938664399836,0.0
-9.762485157154611,-4.258294545864631,2.0
5.064603293368986,8.438231201161429,1.0
6.764827694899438,8.13602398783242,1.0
-8.357981899653382,3.4080866326988524,1.0
-2.517497788674019,-9.128232737565519,2.0
8.947060518605582,-7.082844798649177,0.0
-9.246829141822921,7.155609975906103,0.0
8.844481489658843,3.2625601748416155,2.0
7.942711511624246,-9.07054561077624,0.0
-1.5031955890812458,-8.747991695432688,2.0
2.1169439569480293,-2.6889071742807964,0.0
6.224599754871161,-0.8304944665336258,3.0
-5.820770689805183,-1.8387580975555586,2.0
-1.6149759978430307,-9.79439645487169,2.0
7.219150577465324,-4.120776095033445,3.0
-3.3637251255567495,1.3882181552872872,0.0
4.899130471192425,-5.859847947691992,1.0
9.462089453783761,-6.852060959047581,0.0
2.0752081441492187,0.38328996495008383,3.0
8.842483988906814,7.1093699623355775,1.0
-4.012787391260226,4.68069706324712,0.0
-3.5911440401757115,-0.4491109757370726,1.0
-2.5170713034395114,-0.9061878656190778,1.0
-1.6998742813621313,1.023984753880896,0.0
-1.8598059154388693,3.8309430723098252,0.0
4.897737002234365,-8.679827692116378,1.0
3.413112756482393,-3.1016098048981178,0.0
4.402179982808448,1.5917873823118516,3.0
-4.510119522160823,-4.240944372611686,1.0
4.840232246453549,-5.81180362579182,1.0
-5.738870776355142,-8.421695257996983,3.0
5.841064222404906,8.832343665904567,1.0
-4.296281834396842,9.480259877480037,3.0
8.584233241723002,6.558541115852897,1.0
-9.239050610698179,-6.755753977340808,3.0
3.195766462953868,-6.508504753551529,1.0
-4.93404091940122,7.358230053232482,3.0
8.792192214587658,-0.6423894353922943,3.0
-8.093531540737377,-4.47218253736406,2.0
4.206076706499708,-5.4601650409929325,1.0
3.9793103316277527,4.836625441039072,3.0
-7.531535441656942,-6.523932267063765,3.0
-0.7513661824600462,-0.48751293652804684,1.0
5.415176075215541,9.580949222306952,1.0
-8.692116980865581,2.182656488291279,1.0
-9.193638056111293,7.106719383303648,0.0
4.295639112153509,1.5146538828593137,3.0
-2.920405218688531,-4.947772695525927,1.0
5.660621002394041,3.831760517964028,2.0
8.76582330810141,-6.263294110397572,0.0
-4.997641501371595,-1.8712274093352406,1.0
3.6468263730501604,-8.220413318409323,1.0
3.009728629846734,-0.2959441483962699,0.0
2.620692454334481,8.420643797133856,2.0
-4.738907215584376,-1.5300055126698435,1.0
-1.3634956270101988,-3.22021695752351,1.0
-2.254986688654199,-2.0605858783131836,1.0
9.677862940766435,-9.254801020617567,0.0
-4.985902487548016,-9.359507850434913,2.0
0.2689210283315937,2.97397126860994,3.0
6.827666061510797,-3.5814462932183533,3.0
-2.9763643825628066,-4.763351434736807,1.0
-2.7277893011231535,7.378178319997517,3.0
4.854585587775912,0.6326292843278551,3.0
-4.320690915958667,8.265582508003305,3.0
-5.302114841451571,9.295586297177675,0.0
3.4238638265144843,9.231690949819782,2.0
5.697948128301121,-0.7562223520751168,3.0
-4.100787774869197,7.522671542357202,3.0
0.1948744806956899,-3.368233928775264,0.0
0.1874415768392783,-0.19245221893040565,0.0
0.16749555879490785,-6.353900041628451,1.0
-1.3363204615868955,6.2757961426692965,3.0
-8.043562530073608,4.381650194961427,1.0
2.195617964220922,-3.9232134599647184,0.0
-2.012435198142713,4.9114888525253,0.0
-3.3277981763216165,8.580510193024153,3.0
2.1787380564056473,4.493421944823021,3.0
-9.763367626320061,5.575986126938986,0.0
-8.20948350318194,-9.669039529473933,3.0
-7.402320025200247,1.5790100065071933,1.0
-4.405552738217637,9.89075736526377,3.0
4.364593099316544,-4.878588683297085,0.0
1.1808147931132353,-5.021238604699305,1.0
-6.182298303521511,7.159369918563716,0.0
0.39158976742585594,-3.7780110764991592,0.0
6.341279660590217,-2.655230598848675,3.0
-6.201492200709852,-2.3677152507544736,2.0
-6.742993794583536,-1.6235752066003926,2.0
7.548027196293162,0.22861832925745418,2.0
-5.340417485956062,-9.279159648554396,3.0
-9.50047412843678,3.039051652623158,1.0
-8.526477611173998,1.9168986255972698,1.0
6.351853710870998,-1.3731752043883905,3.0
9.285828218595238,-2.1418670209726915,3.0
-9.035865034872348,5.381660724715967,0.0
3.463253395009712,-4.380323689997995,0.0
-1.5909825453387718,4.696272262791986,0.0
1.6308952618899184,-0.13178127358843383,0.0
-4.831951903847318,-6.558794818117606,2.0
0.6985469330212641,3.4621189000766694,3.0
6.476910661470363,-7.687093722840503,0.0
-1.099013266801709,-7.060313170232407,2.0
8.988649726933748,-2.4590915048546247,3.0
-1.359579702004858,6.979912905368558,3.0
-8.094194965325705,-5.614790034552925,3.0
8.634973781643719,-9.91674787415655,0.0
3.0491464262912586,3.8729606994621975,3.0
1.83845470590202,0.3936630811336457,3.0
3.658076372826276,8.615102349325955,2.0
3.6699857560920996,-5.216064645798985,1.0
-5.349429144706212,-1.601707699960711,2.0
4.6046660080693975,8.893514968147901,2.0
8.127755644319649,-1.1148468972292136,3.0
-9.065143548070298,-7.873950686887912,3.0
-5.011189585410298,-3.933283010803345,2.0
3.9770418466354016,8.754267385384892,2.0
9.355410805455296,3.7169727615069164,2.0
9.453102052727367,-5.882214438670212,0.0
5.442702023903186,-5.646942068988614,0.0
-7.818014724084219,2.061241934269937,1.0
1.0183547991247277,-0.0024653224152633157,0.0
2.9267794589008727,-9.594659604483482,1.0
7.56773083970856,-8.395173245261951,0.0
5.033896136810581,9.522483068727453,1.0
2.447719277442207,4.9827454529672615,3.0
-1.034180155414715,-7.5057604420442114,2.0
-8.974580275294086,1.9868832135511312,1.0
-4.750375620503123,4.177205221104758,0.0
6.918910290622286,-6.9969494080393595,0.0
-2.1449333646836006,-0.08169321531683416,1.0
7.106283780806237,-5.443865039224736,0.0
8.367314752875487,5.464989562504874,1.0
6.777478573132576,7.876116428580435,1.0
5.370797149003401,7.679986374604621,1.0
6.242756870038789,-6.6760265126593605,0.0
3.7939146337701946,9.459885996443177,2.0
-8.524391241189313,2.33956307598584,1.0
-2.254589268154592,0.1844964207946358,0.0
-8.05187052234945,-6.459345778722049,3.0
-2.3434832409312945,-2.3967990040064446,1.0
-5.153359025321301,3.9846571443477465,1.0
2.821820272660357,7.182221600448781,2.0
-1.1054778857050245,1.9628968142037522,0.0
-9.222462981806263,3.5732587706873566,1.0
-6.871185653098353,6.642383758238321,0.0
8.212047588201543,5.516749097858074,1.0
-4.560854375098837,-2.006042503691945,1.0
-3.5996923982989877,2.138076137616503,0.0
-1.0532654676411148,2.0424104018413107,0.0
6.524619370897909,-1.9446464529032355,3.0
-1.138361754543853,-9.041933490651392,2.0
-6.8664702767501185,5.08728926270323,0.0
-9.206906923420924,-4.486828746422407,2.0
9.932698835232166,0.23508721545274902,2.0
6.396923125751684,-9.51382590548901,0.0
-9.659808510140767,6.800335047183793,0.0
5.466085908536581,-2.9058310777416168,3.0
-8.570458616055607,5.961469160593664,0.0
-5.102020345173162,-1.7588229182549249,2.0
-6.314544718919604,2.0505780233436077,1.0
5.39579113205583,-2.7072683314049524,3.0
-7.630375538035814,-5.186674455308076,3.0
7.769759545260584,2.6377312764294043,2.0
-1.5672892098014835,2.353621043420109,0.0
-7.637674578262619,1.6860743288150175,1.0
-9.627752050735797,2.7960680771983952,1.0
-0.16818335412374097,7.373199306171081,3.0
-4.688553809173682,-4.581154813507227,1.0
0.03463167034101744,-7.387376092117797,1.0
3.549604509628722,3.8814840692202512,3.0
4.101797842305732,3.3066502381534324,3.0
-4.021506069189265,-2.3281069623962587,1.0
-6.958521790714074,-9.741903117736516,3.0
-3.3937562784126785,-1.4795993505061116,1.0
-7.905475525454506,5.578032573950654,0.0
4.386907315598272,2.6052270391311936,3.0
-7.65506943860766,3.6717235157307737,1.0
4.5402102773725606,7.6430397884198555,2.0
8.349708657451558,-6.212723531930275,0.0
-2.6265286522738425,-2.2338036958196135,1.0
-7.401271018901403,1.9001869831804434,1.0
7.616888962113524,-7.654107336337306,0.0
1.7283290815753922,2.638473070829434,3.0
0.20146361336021812,3.904892092446861,3.0
-7.168919319494973,-7.791849546679044,3.0
6.584338802317504,-4.473292196036509,3.0
-1.6507930580880767,-7.57400759415037,2.0
2.066416432693117,-0.04088608329833576,0.0
3.239991351798926,-1.598265235032608,0.0
8.176082410914006,-7.6143301544319675,0.0
-5.102224587546771,3.309689420196708,1.0
-4.6141702665749085,6.484577140006582,3.0
-8.523100312457046,-5.072851742321401,3.0
-3.522053688764915,-8.07925565058941,2.0
-7.695700645469346,9.613660601659532,0.0
5.00183969934362,9.106482839274385,1.0
-2.1143649490861183,2.394638774680562,0.0
-6.456063089118025,-1.9003156610496816,2.0
-6.586201335246884,0.4978980187804112,1.0
8.30881039397132,-7.098595486928776,0.0
-2.9882576773329212,8.127493256590856,3.0
-1.7995404325116127,-7.167552398853923,2.0
-6.078368841816381,7.653242180258662,0.0
-6.161466078290749,4.077433283143259,1.0
-2.218506078787734,3.698455566590553,0.0
-4.563823140163192,3.8249574235637045,0.0
-5.555906155730861,-9.8526540517914,3.0
1.1324902131706018,5.490311791391246,2.0
0.023852834367465547,-0.524081520029192,0.0
4.156443054638677,-8.351510071350074,1.0
-7.704647014653993,-7.291453850285214,3.0
7.224623926007574,5.822511916587857,1.0
4.550149645278388,-1.4694494936435945,0.0
0.3100848538517944,-9.959383270603956,1.0
-6.899098987001873,-5.788716800736267,3.0
-9.85784020956858,-9.351085121785863,3.0
9.146384358959786,5.554536063786381,1.0
-8.765094462758352,-6.03960501373477,3.0
-7.486284526174631,8.311902124818328,0.0
5.5460001437443935,4.4305492341484864,2.0
-7.955071156626836,4.508179426784773,1.0
4.62151707795255,-8.720850487182783,1.0
8.065581425330297,9.056949817974282,1.0
0.5723779124767088,4.284581454945947,3.0
-0.43527486252640735,7.4726641564321135,3.0
-7.7518839992833115,9.235839621186969,0.0
-3.903957645849361,-4.078506359720895,1.0
-6.733621695350069,6.717529983043448,0.0
8.994943942456509,2.4285185549346906,2.0
-9.154503887892796,3.193668472402395,1.0
-3.2991266951099636,1.7669351409966012,0.0
-1.4957648401048864,2.4263335380677447,0.0
5.11201690258056,7.544997113823094,1.0
5.536280216552738,1.159441061117155,2.0
-2.47596288412897,-3.900989824048377,1.0
3.185004868473353,-9.376209814352372,1.0
3.726563068653082,2.4900981124382042,3.0
-9.141582450980827,-4.2108632949468205,2.0
-1.091524896967396,4.9896142846347775,0.0
-6.99571241110676,0.854807571230543,1.0
-4.034905119234082,-6.963798902007772,2.0
2.919948668557206,6.620391705501639,2.0
3.8455418044690752,-8.500962049765558,1.0
0.32161257366724527,0.9866184156687492,3.0
7.9827671969527145,-4.948499962762343,3.0
7.987276326824354,2.6216179290476553,2.0
-2.9013982612722007,2.097543650146413,0.0
-0.5643538869063658,8.573489979726713,3.0
-9.603622433799512,-2.1586232140963224,2.0
1.0471196126264921,-7.4417229072784234,1.0
1.9908246904508236,-5.16815313240987,1.0
4.657891731606558,-5.2437050494455795,1.0
-6.901039698935277,-0.1260589828852332,2.0
7.7321402200338625,-5.442415139080845,0.0
-1.3227016251343233,5.031859366596773,3.0
3.8297111776339854,-0.15866616848466641,0.0
5.772410837683456,5.340387109242126,1.0
4.335411278881683,-4.204095288837313,0.0
7.627058670686672,-6.357321732297048,0.0
2.520965756753796,-9.856676334628606,1.0
8.647079122572144,-7.2689950438512385,0.0
1.481765848953474,-8.000086428590533,1.0
6.993345042655044,9.854761603220958,1.0
-0.46978293245287084,7.2344980518029125,3.0
2.0854254663183625,-7.329722988555469,1.0
-3.4985830723140854,-3.966430661751657,1.0
8.096735580398786,1.5133083582144558,2.0
-3.764396425432879,9.501584598764598,3.0
2.9392992789653167,-7.955299687103741,1.0
2.5111007748490977,-7.803523458972981,1.0
-3.6888864267611865,5.272333348168951,3.0
6.584046202674571,-1.8228514506395967,3.0
8.047819327218583,-6.90127538751047,0.0
5.609332317496907,-8.55831016061085,0.0
2.609505137320415,-5.686490124116752,1.0
-8.063997929399804,-6.899405555784755,3.0
4.945798043543089,-1.6781472727560889,0.0
4.062396460680336,3.1678733998247033,3.0
-4.4123427019485195,-8.90973598860757,2.0
-3.9676727041174225,-8.779613714979472,2.0
0.34637222420132474,9.360744493007008,2.0
-5.371057375142221,-2.399474289468479,2.0
-4.790339636122491,-9.82291464340873,2.0
-0.7290993221205095,1.8477459601118191,0.0
3.710268268151891,4.833030003395162,3.0
1.007637028464707,0.586869394357981,3.0
-8.76925522219442,4.01984505919016,1.0
-8.978296030116482,-3.4863687660557607,2.0
-9.416808821734987,0.3487507772396281,1.0
-5.9214334896979075,5.1060320478132475,0.0
-2.6815284963730734,-6.024359798857654,2.0
-3.964085136462252,-3.9433767255202596,1.0
-5.654734915108648,-1.096709234769504,2.0
-5.558715369276966,-6.379530248669525,3.0
5.228162034933268,-1.6373200493336029,3.0
-7.960717265615793,2.0019127763797417,1.0
-4.780986093336548,4.307068832128934,0.0
-8.512593532602876,9.272141533659767,0.0
-6.8250152300284945,2.9321741146070686,1.0
2.7823337067651437,5.004220309997036,2.0
9.29819081609011,1.2131571033658517,2.0
1.5685747943623163,2.5749873518439426,3.0
4.007634224844326,3.377127895672336,3.0
4.8674175575937095,-6.722233410488694,1.0
6.89057010082055,3.4424873902645654,2.0
-7.592547893713258,-6.374386898189646,3.0
9.77379559235035,-2.8612408294558467,3.0
7.495380044410858,-4.008580045597547,3.0
-6.952296763733354,6.461434446260011,0.0
-6.993441130888678,5.494894649951476,0.0
-7.55998781121288,5.226161933059091,0.0
2.128945293297999,-6.365756343385966,1.0
-4.520892610024583,-3.5256554827631925,1.0
6.915242175032731,2.7160996005387066,2.0
7.729103249850496,-5.746887301637473,0.0
3.6612411848805557,-9.516535691512566,1.0
3.0939402158981437,9.278782998791982,2.0
-9.490064233663386,-4.873404130405808,2.0
-9.777435518978653,9.001154778214314,0.0
1.8086120748672734,-4.777931630129187,0.0
-2.6367726827761544,-1.641077545125114,1.0
5.922746259550916,4.634836706464924,2.0
-6.3522925260602126,8.062395097624226,0.0
-8.62148021984048,-5.470061652727938,3.0
-7.766628445408257,2.174113887921072,1.0
4.834614946756526,-9.38449925304446,1.0
-2.064859333804632,-0.3982705780553015,1.0
-0.4829838935921664,-7.4719124927792535,2.0
-5.689072379739479,-4.2078729279773714,2.0
-2.5960363202894854,-1.0520852324732655,1.0
-3.4150505707471197,-1.999740930032603,1.0
-2.0013536683351107,5.403395100544344,3.0
9.154450478588483,-6.663216337558491,0.0
7.841556383013433,-4.864828747660179,3.0
-7.331909959070111,2.5226893312027947,1.0
-7.4517161640372676,-3.4549543894059216,2.0
3.536987276160575,6.01480768763922,2.0
0.6668706998014535,2.1821803170291503,3.0
-9.239608661348361,-0.5702137515131938,2.0
-6.563122215888095,8.783024156465085,0.0
-8.332655446943821,6.65101747006976,0.0
5.008479763610083,-4.523581217872936,3.0
-3.812089941628054,-6.478032479102167,2.0
2.56875818326834,5.400098167358918,2.0
-1.2632759899751296,-9.970835270619144,2.0
-6.4850828845135,-3.5294133435112336,2.0
-3.738741644530112,1.622256773751543,0.0
6.210857580164717,9.429508564348378,1.0
-5.011548887353756,-2.007912448270927,2.0
-2.505352498713858,6.976651722531727,3.0
0.31589606120860303,6.00992947904961,2.0
2.308137671276782,-7.115861869486581,1.0
-5.225871031275409,6.443353931146255,0.0
6.232836269238749,-4.5833754913686935,3.0
7.8922349045282445,-3.4199642342957066,3.0
-3.74966882844622,-7.208037872368269,2.0
-7.91484504531113,-6.971034251003383,3.0
7.530861895145577,-6.219531971730778,0.0
1.7719483667440663,-5.1525530850103385,1.0
9.270946128738196,-2.1868622337654786,3.0
-9.56822434836261,0.06923998183154367,1.0
-3.3363188820863616,-7.461479504165613,2.0
-3.9355160469089645,7.897543064267019,3.0
-5.892803868253377,-0.4849519376810303,2.0
-5.367580991522043,5.043116274949217,0.0
-6.877669098510546,-7.941922200203349,3.0
-6.28415243703599,6.588668354171691,0.0
-6.191038794985088,8.665202207633548,0.0
-2.041067572003441,-3.516816210467475,1.0
6.347924904218708,-9.34752428111723,0.0
-6.531831467554722,3.686486597501407,1.0
5.793862152627671,-1.019269874171604,3.0
-8.423733922871223,-6.540749487459601,3.0
6.466190590311747,7.365556872357555,1.0
-8.48268828313201,-8.245837381092738,3.0
6.88620683803013,6.858018467558512,1.0
-1.9085642154562006,0.3262557144779681,0.0
-0.6066913991351832,-7.675501767515895,2.0
4.031733697779298,-8.102742805447122,1.0
-8.471780752354585,-9.986549135969238,3.0
0.5056312494515574,2.405649135478864,3.0
7.376882281988845,0.28410605269883504,2.0
5.492631554778269,9.569502399695914,1.0
8.06592403503782,-8.449977771709538,0.0
-8.030024945842417,8.520749014054914,0.0
5.445044740571721,-9.014303632795977,0.0
-3.30875964849543,-3.9726774938517,1.0
8.07977936959989,8.986166438606325,1.0
8.506436375212285,-2.6704899990002477,3.0
7.142062244455406,9.19679588505462,1.0
7.813718389793781,4.633764328106311,2.0
-8.725927928926819,6.976456665402566,0.0
-3.507235189304316,0.5068834752811657,0.0
-9.771365370374216,5.518567531254764,0.0
4.946566211444825,7.442141686850469,2.0
4.088471051046614,-6.8778292106597005,1.0
-5.493112202645419,8.66412739799463,0.0
8.116245606720366,1.7527780184803952,2.0
-6.193249590449772,5.132803962929145,0.0
7.189432506137695,-9.103378629618696,0.0
1.2619408492628121,5.3883980156189,2.0
-6.906394716529665,3.3589840298715945,1.0
5.638308658643702,-4.589638680150571,3.0
-6.035142068494035,-5.369160599992413,3.0
8.400211647479786,-3.5662532504000026,3.0
-1.8176154126171529,0.7692358098266894,0.0
-7.8642353029773115,0.7366169058775807,1.0
5.890191425411809,2.172816323604625,2.0
3.2158921402327714,-0.03138806006696626,0.0
-5.429737065173357,-4.2649022062232085,2.0
-3.65624082775234,7.448184314044937,3.0
-6.6338231795226825,1.7178710802563266,1.0
1.6589735506236547,9.013328055131794,2.0
-0.14126056553979183,2.809656311109176,0.0
-2.3205852948478807,-6.245677192787857,2.0
1.3340342524091113,-2.823289368092623,0.0
9.465811838453739,-9.935681758534415,0.0
6.133756308323701,-4.970750580078396,3.0
-6.6601177910262095,2.6560364643002856,1.0
0.10040578117643761,-2.1306070049543457,0.0
-7.675731117324574,7.603584921161222,0.0
7.110034890928198,-1.401244837743942,3.0
-2.6578267728313794,1.8015995842188488,0.0
0.8834120014528146,6.510759224410133,2.0
-5.354622163667373,0.7405072234441299,1.0
1.0396741988111629,-1.3662238949868986,0.0
5.58839969705571,-7.215555388323729,0.0
0.04491613416683471,-9.45969084912116,1.0
2.9486280235255826,-6.794027411496679,1.0
3.135424071623188,7.522729617823355,2.0
-7.222624249390488,-2.75155552413813,2.0
-1.7650641838460768,-1.3562090692514666,1.0
8.767110672612901,-2.4846204564636754,3.0
6.977057684882666,-2.045582348443073,3.0
-9.750584965583894,-5.709256754306202,3.0
-4.717173659897497,1.638790929877164,0.0
-3.546952048176286,0.3051216731797002,0.0
-9.402155542447527,2.9247031681337194,1.0
4.918676520139623,6.2352586616799215,2.0
6.200251235136385,-2.2804401069081663,3.0
6.589782252153526,-7.808079862193987,0.0
-1.8119684409606975,0.21758177017722424,0.0
-3.0427110278324783,-3.724378068021692,1.0
-0.22949746590198394,-7.439738643397238,2.0
-1.9618593585763051,9.159215820090186,3.0
-1.50621520298718,7.173531143572241,3.0
-3.509380837656229,-0.7723167533947191,1.0
-4.604794687642471,8.773926824841038,3.0
3.7708150118882706,-1.9825226446726454,0.0
6.124508146489461,1.6578896897176811,2.0
0.2593738931863516,5.328769917175396,2.0
5.487453548716967,-5.298801063608874,0.0
-3.5450278821671732,-8.363776122988938,2.0
-4.366838810980791,2.3418964487461995,0.0
0.619835571154761,-8.487348562434496,1.0
-3.0591425954384244,4.918994883587537,0.0
3.359004519886213,0.2579062262271101,3.0
9.05504256236853,-2.1812090436019353,3.0
-5.4793212235683715,-0.14815536553858522,2.0
-2.6998015018728356,-6.629353763347623,2.0
9.409564032241711,-2.9409162444471733,3.0
-5.5942986413996305,1.524067110984408,1.0
-5.2050096164585575,-9.792821936485973,3.0
-5.188620774286774,9.283836410725982,0.0
-5.298519510202069,9.812912822272263,0.0
4.185908156728839,-9.038455026544305,1.0
8.613595013453967,-4.511525783511681,3.0
-0.05429103941434299,-6.25291581427833,2.0
8.031587942566752,5.9159982397085145,1.0
0.142785777681258,5.686845601340362,2.0
2.8454639899018286,-0.5155181880851671,0.0
-0.0794021756728096,6.128157612499454,3.0
0.297580483223987,-5.482163987725494,1.0
-4.7172882767158715,6.6631957929888905,3.0
2.3662632982985023,-0.0646503718970326,0.0
3.000779465355638,-4.377214297798657,0.0
1.442883079603714,-1.1470924896239687,0.0
-4.862527671213977,-0.7979399907943208,1.0
8.540600159053486,-6.927253123118604,0.0
0.2856596994292726,1.769461051650513,3.0
1.9870749121490832,-6.321448981510452,1.0
7.719284752500865,2.5194074688785406,2.0
2.8844936220200346,-5.601360579799941,1.0
-5.861322085972763,-6.762570921695468,3.0
-6.191107473672237,-8.977374635404512,3.0
-0.288278234839618,-9.060476317401488,2.0
-1.3801061976529851,-7.703171419459965,2.0
4.469588766170112,-3.3902497277142363,0.0
3.301576713025147,6.357673473558421,2.0
-2.322686779333962,-7.821824326389015,2.0
-7.154771101524988,-8.525244481922368,3.0
5.750093046495948,6.537841816490197,1.0
0.2660981580885462,0.04389414069616038,3.0
-0.1784284624262984,-9.508911390604364,2.0
-9.8532551984434,0.8802203701928448,1.0
6.238288578502662,2.942273792635019,2.0
2.907744873579393,-6.520871860463302,1.0
4.97300979871989,1.1218768387847877,3.0
-9.629813506738955,8.296300311488768,0.0
-7.218498631805441,9.29619442020724,0.0
2.9285235522344735,-4.444034990730774,0.0
5.044161119388978,8.364107847268993,1.0
2.2998068944521766,8.78244057925712,2.0
-9.475701565300996,-4.583027365860255,2.0
-3.2777158503135917,-6.780676890341864,2.0
0.9308033958989999,5.050254606085948,2.0
6.0154192485345455,-3.0914236196692606,3.0
3.138552725448804,9.122556385934114,2.0
6.488539172805105,-2.8895537413127865,3.0
4.733166307779609,-3.139670137991888,0.0
-4.565369353851743,-0.5265749149210475,1.0
7.291644143340964,3.05284650923179,2.0
9.937206866249813,9.056702788863479,1.0
-7.564025212347792,-6.517539030369961,3.0
-5.834278280739191,3.066814335003375,1.0
-1.485149715414039,-9.995045042828774,2.0
-7.436787578653085,-9.803252760361001,3.0
-4.19505387880964,-4.794824490574088,1.0
6.859066063860521,8.411050007355339,1.0
-8.02238249281308,5.869311211727357,0.0
-1.712250746875636,6.216022725189152,3.0
-8.265116505131937,-3.1998847116775364,2.0
-8.384292811620567,-3.9271704648833916,2.0
5.232608884375525,-3.6959168075059505,3.0
-5.359531627408232,-8.064618844470957,3.0
4.619335613695345,-5.162915644429216,1.0
2.2406924135812094,-9.046258972072954,1.0
9.650557937274119,-4.180876655989478,3.0
9.875989222978244,-5.175072392464579,0.0
2.615140848689318,7.515878715460275,2.0
-8.28730388557739,2.7061217530449078,1.0
4.052684165737288,-5.640561656980882,1.0
-0.3775423502462676,3.0018960243171477,0.0
-0.23335300973444362,9.419349548833267,3.0
4.146122274814402,-3.802552330627675,0.0
-7.314527513004143,6.861864916396488,0.0
1.3103206159553498,-4.528209002193153,0.0
-9.503388249957956,-0.8961093091292778,2.0
-5.981007146872996,3.4953072460565906,1.0
-9.560421536930424,-4.7211185963626505,2.0
1.2231887963044663,5.406633555147437,2.0
3.3882832392675954,2.6137210920544813,3.0
-1.0753697786564782,-6.617977715144503,2.0
-9.677191446771186,3.929040910600655,1.0
9.729525747077862,5.640324966958627,1.0
7.22693085686814,-8.433247532877179,0.0
3.64776277841818,-3.448045786326208,0.0
9.847580925527915,-5.484293465037899,0.0
-8.099106965773073,7.421610101456444,0.0
8.778304827874248,-7.082448990581742,0.0
-2.4300611694727543,-8.339893002373586,2.0
5.562536304523274,0.7812876632887189,2.0
0.10214952527655541,-3.494815274326637,0.0
-6.071705890456571,6.001194273633878,0.0
6.4949643721934756,-6.6706426799361225,0.0
2.545440604182783,-4.3945334531663915,0.0
1.7109514180961725,9.432973394477443,2.0
8.22501177867441,-8.600201624956723,0.0
-0.950872486108647,-4.6718327181392505,1.0
-9.31189903941955,5.23210957482193,0.0
-5.029913791353453,-5.218235844956965,3.0
-0.5637481007099776,0.3324464732998891,0.0
-3.9417509397903805,4.933485532244465,0.0
7.705351771011898,-9.588733014812815,0.0
-6.233968862873747,1.219107304453697,1.0
-2.650624720502865,8.40144750001381,3.0
3.979264171144054,-4.139968086367958,0.0
-2.9936681958002005,-2.1448395392692365,1.0
-4.1636733496972855,8.93264321553993,3.0
-3.0545123080901027,0.9099224502152996,0.0
-1.4944344542794,-9.737326745440598,2.0
-9.450700664360758,-5.139362299832402,3.0
7.199707191551848,-6.731332259826428,0.0
-7.129841015369578,-8.507479544236809,3.0
-9.751653546524201,-3.7786726972916407,2.0
7.677239759283157,4.493385002629445,2.0
-6.041006726189404,0.28547539770057284,1.0
6.376700347798817,-9.352454206293782,0.0
-4.67634897593574,6.403347437339349,3.0
-5.5725902154522,-4.397071635840819,2.0
1.0315253551155195,-2.3929057846551682,0.0
1.9513446766668636,4.618841827793316,3.0
-7.712494488323265,4.577646175729315,1.0
6.445136946435618,-0.9449084655362867,3.0
-5.066052314680604,-4.913252977285321,2.0
0.8057384713469382,2.6875041918906284,3.0
-8.176102861984198,-1.3209947049112216,2.0
-6.680039833958578,5.546010267447542,0.0
8.671761391456837,-8.588314672491224,0.0
7.329298915775098,-7.938402372548596,0.0
6.573813465685646,5.886995693925709,1.0
0.39230174462129064,-4.267860218270689,0.0
-4.972512204051373,7.785767836953806,3.0
9.461665513506748,2.264378588873509,2.0
6.737634265362118,-8.388008830626774,0.0
5.75453332565912,-7.62896838406756,0.0
8.43747198605736,-2.2445777699497738,3.0
1.8589543630046848,2.5634882484842674,3.0
-6.230347996080399,6.258291417685161,0.0
-9.285563823608975,8.262204472779334,0.0
-9.585844020208413,9.13500778521108,0.0
-5.086160635606742,6.39783986350826,0.0
-6.358418326564525,7.843500302609666,0.0
-5.186843957294698,8.048236755419246,0.0
-7.561068129229723,5.682590883992738,0.0
-9.179052463853012,8.348426290059784,0.0
6.273966843593136,-3.5834246715649627,3.0
-7.098757351598673,7.687193140875991,0.0
-5.50321360645134,1.738054304269422,1.0
9.70455863534448,-1.0096119222232751,3.0
-3.548876776628969,-8.72615962876784,2.0
-7.279848812072689,9.228379419737156,0.0
9.703656786906546,6.223222865534648,1.0
7.1906728892452705,0.04834007001163698,2.0
-1.3138559405197192,5.425430112066554,3.0
-8.751553312662852,-9.620271200083971,3.0
6.9097390365607865,-9.403061346858909,0.0
-4.17499477188537,-3.8005391489588565,1.0
-7.515202351105758,-7.663639016948389,3.0
2.626227432350305,-6.884844043424286,1.0
3.5637133653172164,2.6310976616811654,3.0
6.717531594375277,-2.495106791896065,3.0
-0.4578606183879419,7.201333744423856,3.0
-1.4286571744781895,8.69873949876743,3.0
4.9855741268215965,3.352368051296617,3.0
2.248833031169003,-2.0491209252697846,0.0
7.781654209685161,-7.07619461861992,0.0
-9.971392192969624,-5.66286152844439,3.0
-4.707543120943831,-0.11208497910208948,1.0
-8.868831003799919,-7.423475728616566,3.0
-6.195459167787352,-4.096691663576955,2.0
-2.666573523082876,5.859863398411756,3.0
9.56721592871624,-9.506926486337392,0.0
-0.24418182685731793,0.7574825373605378,0.0
9.999690525814092,-7.680090156215731,0.0
-8.446518655383763,-9.686122734268343,3.0
9.5654491258944,-2.366021867275605,3.0
8.953010808100583,8.365492270466724,1.0
4.68779247611479,0.17047412125672778,3.0
6.6145573184439,-7.981045467071988,0.0
-5.836466922660531,-6.726848560475867,3.0
9.12837425569154,-0.5282494891816363,3.0
-8.785975120290011,-5.417999062891841,3.0
-8.408407819496446,5.031259788325389,0.0
-2.347036114666034,7.251439353902253,3.0
-8.900221896679838,4.70779741302572,1.0
6.333583230050543,3.6617560262011555,2.0
-8.725811792987631,2.1598080473994585,1.0
-8.678662750339765,8.852451158502557,0.0
1.9444851006585147,-8.000358674669862,1.0
8.56644548940167,4.341575644276578,2.0
-3.4024111172073335,8.82333563269296,3.0
0.3040945634959247,8.61738893710098,2.0
-6.08038780197491,2.690830769290036,1.0
7.653657737850729,-0.6033012582186501,3.0
-9.105756190867577,2.536903977803494,1.0
5.805324790659318,4.416672343735291,2.0
4.140074518881612,-7.4090421033679466,1.0
-7.231374725744642,-6.561084611628698,3.0
-6.428687003252591,8.659847940259873,0.0
-6.215020216071245,1.6862692751513535,1.0
-6.8675064815124465,3.320395627817824,1.0
3.8681426222970554,9.26171057019073,2.0
-3.894978308691865,-7.413645191067086,2.0
0.07638541244162589,-4.9243215296330085,0.0
4.74290770117358,-3.6296221600768286,0.0
5.825690835556532,4.588015675968402,2.0
-7.358376405265976,3.0166239503423515,1.0
9.420412167097815,-7.096526313550564,0.0
3.0542859898190766,-4.659455857260473,0.0
-5.005916733369123,-2.0435846823563386,2.0
5.794799552560548,-8.028776933326721,0.0
8.21202259418802,-1.5106611471335576,3.0
4.743470890216042,-3.769039357233277,0.0
-1.1638470901045785,-0.620487423645459,1.0
1.7548822307468157,7.175118001347336,2.0
7.868268141919323,-6.827029130146771,0.0
2.6798908384197,2.4949474113010517,3.0
2.7273959857012358,0.5403896505968717,3.0
-7.185230497595569,3.2231174342247453,1.0
-2.933379957595852,-3.4270598761716897,1.0
-8.71705906426085,-0.5212649811990886,2.0
8.087467633845694,-8.281111012378071,0.0
-1.054625323030681,8.869795017981524,3.0
4.380853886965941,2.7027450832805258,3.0
5.251096662992808,-1.0338845154627574,3.0
-6.596532552222332,6.052765311556257,0.0
7.925056666045741,9.809258356395727,1.0
-8.648665257999664,-8.381753250537376,3.0
-5.517278628533759,-2.5846101578983838,2.0
-9.6255272510364,-7.333689649930326,3.0
2.24694032428782,8.099672419044339,2.0
2.5741212544693823,-4.743564479306894,0.0
-7.216928151199749,-8.81728346908762,3.0
1.3790017620161414,-9.094539002256584,1.0
2.282060750703227,4.922464184419768,3.0
9.45467459886638,-6.464054986258447,0.0
-0.00667904484192583,-8.859588546354196,2.0
5.03019704772097,5.627748147002388,1.0
-5.644179768673672,-7.034520655946319,3.0
-4.003088400386934,-5.719575572432099,2.0
7.820394460879896,-6.685112197011815,0.0
-7.345926834029084,-6.773165758178095,3.0
6.383743246360904,-8.249915105378602,0.0
0.4575222139255075,-3.6911247467702584,0.0
7.088419395870261,5.451025874706676,1.0
2.870314436225371,7.560224313761392,2.0
3.036241272947107,2.0302193711567007,3.0
5.382646362201431,0.06640230906931421,2.0
7.654133196120583,-8.481522530177166,0.0
-3.339723590142045,0.9682975336502153,0.0
9.658820172596386,5.8673335617290245,1.0
4.06459217155337,-9.570927954264263,1.0
1.9031314440867941,-0.4146692305889772,0.0
3.7003081471378714,3.9992403074942917,3.0
5.774746303712883,8.759090015255463,1.0
1.8861740808205916,6.005622891367871,2.0
3.9487042776553345,2.068252385151583,3.0
2.3960660975887222,0.9734622313226211,3.0
7.9673084355269665,9.8748703900456,1.0
3.7360841561481255,3.468888157269962,3.0
-4.566271782592652,-3.847921464882093,1.0
-4.960139410899346,-5.270574561722386,2.0
4.186453070107916,7.693690540354279,2.0
-5.521835004811986,-1.4232774441938076,2.0
-9.369036380286612,6.308467628794666,0.0
-7.520411036215709,3.321141830613854,1.0
6.39239562660822,0.12138191769597739,2.0
-7.2513966821369085,-3.90241851605073,2.0
8.036533922998142,-3.51812747119443,3.0
8.167857069020101,6.737224931492559,1.0
-1.9667405834945466,-6.6392857869184585,2.0
-8.07888140799174,0.8715236074132413,1.0
-6.542937641766571,3.8584929065925735,1.0
-0.22509507285137786,-4.689289775999319,1.0
1.3345275662752307,6.818576658277703,2.0
-6.485659657482284,0.3838050471450689,1.0
5.4806631468766405,-7.63236637632561,0.0
7.682399516116966,-6.093588080816083,0.0
-5.976975506292215,8.635632770185488,0.0
0.19721360806597765,-1.2028477516808245,0.0
5.389905961823336,9.776085366255106,1.0
5.767348772332497,-8.206594858816468,0.0
2.9133257767517584,-5.7372275049524895,1.0
-1.593793333351659,-1.3705892291999184,1.0
-1.0751768933332428,-5.367175328315641,2.0
-5.002797124099789,-6.595768118160863,3.0
-4.250653640635258,-9.709011599820474,2.0
-9.261924198145842,1.8555430786679867,1.0
7.717628577164394,9.23901626100687,1.0
3.1284606291108155,-6.130971389922193,1.0
2.876485764366219,-1.545845501076787,0.0
-3.5401147783774416,0.9858805789870146,0.0
-9.604403116941118,9.555100897661777,0.0
-8.861080141186457,-9.482125003773117,3.0
-5.456506219037534,-9.950148298491449,3.0
-0.48774949981244653,3.28847152918231,0.0
-7.333228894023245,-0.8326317701200114,2.0
5.11115007516355,-9.325067983897654,0.0
3.882571239423447,4.008180543515106,3.0
-2.0168250106457837,0.5767019267650113,0.0
1.0984034690545599,2.505033487688003,3.0
-7.361069752082683,1.655245078888754,1.0
8.535508999872945,-2.567030830332042,3.0
-8.189557900733519,-1.9426639659280873,2.0
7.734657056589274,-2.1345956423793755,3.0
-4.772793540209294,0.9435419496659279,0.0
9.742888763872667,-0.13253698776962608,3.0
2.8496336494747236,-4.227809991806694,0.0
6.163933259173334,-6.769611423611941,0.0
8.916790854457123,8.978325216602727,1.0
0.41263280818466797,-4.291777223715569,0.0
6.596772503681155,-0.523045762531062,3.0
-3.006394312039278,8.924651827520268,3.0
6.054058919333709,5.6679333917201,1.0
3.6868626867403584,9.869539469382886,2.0
1.2998622803644384,2.7416364917343117,3.0
-9.02384765447575,-6.288216493179284,3.0
5.533888679134641,4.407278603325633,2.0
-4.210940858467492,-0.8564189546776788,1.0
-1.8073503656418684,9.682871388145017,3.0
-8.276150661011602,6.133175926881119,0.0
8.821527733743658,-8.911851437775,0.0
-2.9201708492471035,-3.1325141206302254,1.0
-8.091238748197771,2.279333490354176,1.0
-3.760949027002482,-5.372895308211783,2.0
3.25866049933801,7.318214641489998,2.0
1.0411634577245046,9.034263895958318,2.0
-7.083501584268794,5.41673285694079,0.0
-3.8420576030123588,-2.6130146752779453,1.0
-8.368025032683175,4.38327225602851,1.0
8.824067506134018,3.80747035607099,2.0
5.686059735572723,-8.339516078869412,0.0
7.373422942360715,-8.48459519148562,0.0
6.343609937617764,4.253053833917699,2.0
-8.674566505272383,-6.421371388303849,3.0
5.047394673174496,6.400024580823047,1.0
2.913505550906841,8.372737274567708,2.0
0.11332811548122201,5.084090029252321,2.0
-0.668070852025938,1.9635794730236693,0.0
5.039915261274661,-2.5008904377553787,3.0
2.315356605408631,-0.9246564393850765,0.0
-0.4433693795060112,2.311222622562523,0.0
7.584472812415072,7.852420639893623,1.0
9.948174982906497,4.757799110288488,2.0
6.999865300454985,3.1994215576953273,2.0
5.409570312095685,-3.9572541349101353,3.0
8.633872489993994,-2.977820836935365,3.0
5.5305550515328825,7.657052867376212,1.0
7.078440117881815,5.608380482125684,1.0
-0.9100926074483251,-0.1038688172477471,1.0
4.0462738826338125,6.188295160687286,2.0
-3.7949192102615648,-2.3586082473606584,1.0
-3.829490797926156,-3.379665151740716,1.0
2.187021411161771,-8.555105865425892,1.0
2.591817068360797,-7.950634589570392,1.0
6.88090341176548,-0.8723362746669352,3.0
-4.500782211581913,8.99057169870187,3.0
-2.360893860119524,4.4553092959789975,0.0
5.120779396220396,-1.6320955358226907,3.0
-2.859753581564666,3.38896669441133,0.0
4.560457924391471,0.20637009728508815,3.0
7.8168111110424014,-4.20639360644528,3.0
-0.1862839226880446,1.501726704954562,0.0
6.5131143126831645,7.962128732759389,1.0
-9.974166596467597,-7.48740659506838,3.0
-4.442354141799694,-6.138297485433288,2.0
-5.497169521133247,-5.474413876448532,3.0
8.797864789521082,7.603412921233591,1.0
8.123323536845614,7.56053980552516,1.0
2.6008396648429244,9.48916782550016,2.0
-4.723300661015532,4.455203835969581,0.0
-6.692299686670107,-5.825317639398602,3.0
4.301094262781149,6.503517950348222,2.0
-2.598423374992917,-7.773663419071362,2.0
-1.73966789012818,-3.658064584401071,1.0
-8.752499409777286,7.031479440692721,0.0
-3.8186635551228187,-2.152747361557523,1.0
-6.4996879770543625,1.077916960424254,1.0
1.4843194959751749,1.755840115269546,3.0
-3.498642612883849,-6.45873576760156,2.0
-7.27494468097861,-8.939168905534839,3.0
-3.0575646563344776,-0.26656331955012647,1.0
0.846764156540651,8.755928792205655,2.0
7.815841293647438,8.394081318992267,1.0
-4.44094211778083,4.898773718423858,0.0
-3.1850281514505845,4.23208400100096,0.0
3.3441591194116445,8.67899377862739,2.0
-1.2419724996695791,4.083256400454275,0.0
1.4355450366789562,-7.800571530731961,1.0
8.539863017351983,-0.21806037273245948,3.0
-5.210665538978443,6.435220978398426,0.0
-7.484609011072621,-5.54645395091357,3.0
4.385882940817108,-1.0894427675865437,0.0
-9.829246309918101,5.2258796730023995,0.0
-1.4618635651718552,8.63559082225466,3.0
-2.9887972323653784,9.807803725120095,3.0
-1.8386839360204448,8.786808718919083,3.0
5.562971904067695,-9.789507969614972,0.0
6.992293799561075,-1.15774183055629,3.0
-9.115838356853445,3.1162857967374507,1.0
-2.986348639835798,-9.777798498832091,2.0
-0.5550481482294334,2.0012434029736976,0.0
9.356706115221073,-4.203083565890024,3.0
-7.686156896856769,4.390076409184422,1.0
-6.74048323009864,-6.738444815271385,3.0
8.475936360312222,-3.945842091128169,3.0
-9.902435964524214,-9.273048922804124,3.0
0.98173287784984,9.797701684613674,2.0
3.187355478939253,5.053932268341562,2.0
2.920797427523297,-7.964583015230899,1.0
-2.3746456626518846,-1.4898608940953615,1.0
-0.6629676272345559,6.818537725041043,3.0
7.856786909249806,-0.6365613035531048,3.0
0.18413484706820427,3.9083434373023955,3.0
2.6163568723182973,-1.6879487245762022,0.0
-6.476450259047768,5.417961074322978,0.0
-5.768495160289541,-6.472893944271878,3.0
-5.933564818798544,8.42563444665356,0.0
-4.722328724758011,5.7846539674774515,3.0
-2.4157642138045983,3.392426047416034,0.0
-0.02221645298520869,-0.15089109684411284,1.0
8.408665933443665,-9.778380263792897,0.0
8.386848763902947,-7.794772766522337,0.0
6.87260361956001,2.8461864874090015,2.0
7.171076705795553,7.949466431463755,1.0
-5.153101816566568,-4.366562609403868,2.0
-7.344693822438833,-5.966698751361095,3.0
-2.0957529263937014,1.7342357612265964,0.0
2.1800733082965333,-3.831476702061128,0.0
0.06476715886142514,-1.159249973041991,0.0
7.3125772407005805,-2.249083135583896,3.0
-4.165205136368066,2.172865743465856,0.0
-7.3817750075864215,-1.7098348937483792,2.0
-7.6920539164162065,-4.299541432466086,2.0
6.957414519248516,-3.0369134035581595,3.0
6.2154278054888294,8.964235682994474,1.0
-8.91086168301227,4.822490539580432,1.0
4.886034946325026,-0.8325932071602118,0.0
-3.5475132363343054,8.38573716386892,3.0
0.2619305863638246,-4.382286808998961,0.0
6.15470991573147,-4.768003583274818,3.0
-6.704564971884337,-1.9911978468060205,2.0
6.773082527278163,-8.380074066851073,0.0
9.543735923821927,7.854918328348351,1.0
6.752359542906781,-0.3952681959854871,3.0
-0.8301198726191288,-4.335166817382037,1.0
-2.948297064343162,6.385097816463745,3.0
2.446583490702194,1.8696835121176782,3.0
3.9091137816644768,1.94619567394815,3.0
-0.16677822496680506,-6.693556397436886,2.0
-1.2109249272475875,5.545795449799256,3.0
-6.349774316138208,-3.143238258307452,2.0
-8.898484717044896,-7.307963290500805,3.0
-6.401984265743883,6.747123472619645,0.0
4.116456746182015,-5.846289931325675,1.0
4.06656889337855,-3.987944845590585,0.0
-8.878820751725707,-2.8388062340648235,2.0
-1.586951707088776,5.579899150685186,3.0
5.840256089156362,-3.064860760015642,3.0
-8.196335262854522,-6.3320200564690765,3.0
0.006423451695745541,-0.42952885763347126,0.0
9.73131072812081,0.08669513463109624,2.0
-0.3927969425227147,9.847099639261074,3.0
-9.534253007766043,6.116253181707563,0.0
4.796505286138604,-0.7707550584315292,0.0
-7.113328331212079,-9.491070658472252,3.0
-8.516701625703453,-6.472076162280718,3.0
9.961008708186117,0.19603478248854955,2.0
-7.844426278408278,8.615508209458472,0.0
-2.7731339545818052,2.6799555526935865,0.0
3.91685865613721,-1.67973216881391,0.0
-0.8428125649195408,3.6099523359733574,0.0
-6.255607967424915,-7.640938325198309,3.0
5.726241550573484,4.794977851575414,2.0
6.903686111522497,-0.3475198416505556,3.0
8.853068101671088,9.924642461057843,1.0
1.3630455386843323,0.3547695932616932,3.0
-4.212585479714932,-7.156378412499529,2.0
-9.379057960394517,3.0894945551045403,1.0
6.614840559121518,9.258556895325661,1.0
3.407722766229032,-6.001919913742954,1.0
9.05791938310594,0.5368756354185322,2.0
-8.438231246131338,0.8510909705653003,1.0
0.3039208725668292,-4.991822011336282,0.0
9.460383446945478,-9.13617281650527,0.0
4.166187978255376,2.2127845291674717,3.0
3.4543241328371703,1.1244576761906107,3.0
6.115438639359478,6.158281709308177,1.0
-6.628580904442282,7.737873461894019,0.0
8.249193380062863,7.687724234018109,1.0
-0.637491400107546,-0.27249929849292265,1.0
-1.5342575409249086,-8.994437996639455,2.0
7.43692586818327,7.410423541652843,1.0
0.44317011024694253,6.399091663827289,2.0
6.75587543474477,-4.667057047325278,3.0
5.346389931760825,-5.613508075770102,0.0
0.2572854275744678,-3.030250338094966,0.0
-5.681554511592144,-4.5629838075065905,2.0
1.9756397808042045,3.488488145889095,3.0
-2.23691191436928,-3.7299045716909474,1.0
-0.26382093101124227,-7.531878583620251,2.0
9.7339971715408,6.144030783530539,1.0
0.38499577864920553,-1.9196264781637336,0.0
8.837958351223783,-5.065591210520117,0.0
1.689224604303698,4.631210104846652,3.0
1.2514823487170617,4.876377066289459,3.0
0.8346211331120017,5.092779061815795,2.0
-0.8959535505125693,-2.632592085537169,1.0
5.730686160234168,-6.747512506441127,0.0
3.021407720922655,2.095493555215583,3.0
-0.5643685656911757,-8.294972507657647,2.0
-0.526495904839253,6.907725914897579,3.0
-4.693974442459337,-1.331290187794922,1.0
-5.800476408872434,-1.780888033767491,2.0
4.816748704690713,4.578640611853713,3.0
7.5313935317988125,-7.106535734832809,0.0
-5.421606427320755,-9.330202774470933,3.0
0.6853871906630609,5.723071076387889,2.0
3.5220346202649324,-4.372954103960536,0.0
-0.6200311588141876,-9.142327139398263,2.0
4.4126853976080245,-4.63959714890173,0.0
5.101739882762589,-0.32765883004559804,3.0
3.632874211675885,3.7613817814043244,3.0
-3.9367574018691993,-7.657124036103207,2.0
8.831691199801956,-4.420880700522931,3.0
-5.499340611763661,-5.998906514550426,3.0
-3.604611810863087,1.361450320835651,0.0
-3.2780964754707353,-5.496175759577387,2.0
3.470004791693043,-0.663775193072702,0.0
-0.527699979214793,-7.552410742056626,2.0
6.284846897824728,4.006161788665848,2.0
7.1676907858571965,-1.465653689222794,3.0
-7.19991209712007,-5.418909433804055,3.0
7.62907879400727,9.153164117149846,1.0
-8.14734203667241,-3.0194675577288628,2.0
-1.4740561447909517,-5.537388331556354,2.0
-5.711210691479984,2.6099060767166016,1.0
1.5729392836571314,-8.405570959596787,1.0
-7.746134907622199,7.208682773098541,0.0
4.181823113105594,-6.453475812038798,1.0
1.6977451379203075,5.0461619455799,2.0
-0.7700014886301592,-8.780398702957697,2.0
1.4363172623281635,-0.22987000565562,0.0
-8.792477150763178,3.2075560531181075,1.0
-1.0182646445470773,-5.402173966388228,2.0
3.032969504550806,-6.131080553133499,1.0
-7.53350863191889,-4.5239935918111795,2.0
1.0653917004199993,4.67821948401995,3.0
5.430306126988034,-3.0742881873721455,3.0
4.779092730812293,-7.119346028601772,1.0
-2.0506703697759088,-3.5493119450974326,1.0
7.676755426607688,3.02467329842319,2.0
-6.345244632010292,-3.444136918546419,2.0
-2.5306148220796088,3.9650614825303503,0.0
9.719441533582472,-9.149615426664948,0.0
-5.973882538471537,-2.5373291448019364,2.0
-5.612937446576498,-6.7406503702821485,3.0
3.080040648793041,-9.840762421152107,1.0
-5.7309915300789775,-5.773941297761094,3.0
-2.2622495972775276,-7.94071402210448,2.0
-2.6681641941207683,3.6833943183780065,0.0
-0.49431720266692736,-2.375370477512435,1.0
0.6776029228943088,-2.6783495437246767,0.0
2.327254173506203,-9.812224860734506,1.0
-2.3187114271141525,-5.183304871514345,2.0
-3.9292829840997534,-5.875651623903259,2.0
-4.247554388489744,0.8353204356412256,0.0
-1.4076838886281386,9.986526261839451,3.0
6.58396011543109,0.7221280720238425,2.0
8.632887742055011,8.051524256584884,1.0
-5.55397651052626,-3.7516831321723876,2.0
-7.04506710275155,-6.12263574564081,3.0
-4.58139946676325,3.60296677554631,0.0
1.836525706371031,2.131876515864789,3.0
5.663855210552931,8.635205322329135,1.0
2.632279370258889,5.3976277052084285,2.0
-7.884600601847729,-0.9846717132595195,2.0
-4.56003349511392,5.799370506844388,3.0
5.431069790101768,-3.8120389855762093,3.0
-0.7388879954453369,7.645733943305682,3.0
0.3901589313239313,0.6540005519741889,3.0
-8.463223928812763,-3.805236381356525,2.0
6.73303025792848,3.505154174745835,2.0
-5.072907445816308,9.568045263258355,0.0
-2.020198505752335,5.84165403348425,3.0
-3.6679591381791816,8.290276786202046,3.0
8.54414484731489,-9.826192832331591,0.0
6.498137982822932,-8.893781136705044,0.0
3.259576592422979,6.283427356824834,2.0
-9.163036275335067,5.970008930039688,0.0
-7.7479353519423295,9.776249730254118,0.0
-3.801660569969922,-1.9440329729991355,1.0
5.396228714761296,-7.795046571618254,0.0
-0.2186367941585754,3.752259818521239,0.0
-0.1280499438282927,-0.9163943025423738,1.0
2.8084020531853167,-5.601495229868756,1.0
6.101833891406649,5.038896908321046,1.0
-0.3173751564439371,4.05887798157748,0.0
4.023989634582481,3.1154884452514704,3.0
2.5792230457517142,7.468952322689898,2.0
6.402046660024496,7.1261729054559915,1.0
0.12112392766229974,2.993823726736231,3.0
5.051012603844388,-3.6551233175896947,3.0
-3.77878001354373,3.264436540588381,0.0
2.681662366213155,-6.7553383446343656,1.0
-1.6538236738790406,-1.1319332366517365,1.0
5.430319259896354,2.3279730505760288,2.0
6.287490278771408,6.739458916952682,1.0
2.399539974466421,-5.5247345921599855,1.0
1.6610660972237667,-6.300349302550798,1.0
-8.982910283171478,-1.9924505418629117,2.0
8.589932381479773,3.6678069623230876,2.0
-0.707099622011782,1.168804708285096,0.0
5.299047350620578,-5.614923747846459,0.0
4.843838779104608,1.3091664737291353,3.0
1.4602824408916852,9.12819401197207,2.0
6.1930074529176515,6.092144110313292,1.0
1.6950000751737964,0.6737895072896336,3.0
9.71465323887076,-8.547531040738587,0.0
2.4409828859869815,-6.894943877093011,1.0
1.0370617568416467,1.0687454073989713,3.0
-0.387488033899551,3.2997120508009186,0.0
8.213621098365273,-7.367161896433958,0.0
-2.113662639593037,1.5208508132917835,0.0
-7.573076284337164,-8.567399777195508,3.0
-3.4336808265723047,-4.126275333550824,1.0
2.3386933107028582,0.6782585883953054,3.0
4.366043281647471,1.5196600857330687,3.0
-2.2235882242175897,-0.8744874033230783,1.0
-8.525962467264694,-3.0037655146729954,2.0
1.5812186596871989,-6.592335854583071,1.0
-6.811467830872415,-8.792463539858822,3.0
-3.06431811718729,-6.3256199515454785,2.0
5.333615829901122,6.038212547084111,1.0
0.8093783570115569,3.690445872402769,3.0
7.847006240353899,4.601546062888886,2.0
-7.541634300957534,-3.9068918203842617,2.0
8.54409861147651,2.2758554211115563,2.0
3.6196873301087855,8.303126472202528,2.0
4.361839001237646,-6.543708560067718,1.0
5.333293731052285,-9.146623911864982,0.0
-1.1150718055688262,-7.094210314409414,2.0
-1.4190042114108863,-2.408797671219654,1.0
-2.3859733404771717,6.063650244223098,3.0
9.374371476997393,-6.862578916525566,0.0
7.024879423497698,6.120451448149307,1.0
-3.9160439275863013,1.6952333956272092,0.0
3.595461828566286,-7.5712826781990294,1.0
-3.0203784986915867,6.805908963443979,3.0
7.354277149984206,-0.3525553642055623,3.0
5.522159857964603,-4.389891517552784,3.0
-8.211972814985876,-8.169489469204548,3.0
-9.508417825578547,3.309801016255962,1.0
-1.7357456563796916,6.321608789755906,3.0
7.125526868006457,-4.474811757734976,3.0
-0.9657274046392335,9.053390928237064,3.0
9.306296411777058,-4.279061586432085,3.0
4.5375786385643835,-6.58272576051589,1.0
-4.87979442824114,-8.66281207309735,2.0
-4.984051975805497,9.357769960958326,3.0
0.695683651750695,-8.276362480508295,1.0
1.1906479119070852,-7.3098687657449135,1.0
-2.51189544896363,2.6727824871198287,0.0
-6.171415363243947,-4.611271999505573,2.0
-9.953919224424299,8.69848880791973,0.0
-6.764490806647037,-7.232267199680895,3.0
-8.214628127252839,-9.37323996083331,3.0
0.29963279775118856,2.0803025416338876,3.0
-3.0069124470292374,7.0482643687974615,3.0
-3.423928815684536,-5.590637286547144,2.0
-2.3369747639840988,8.057891107837662,3.0
9.302619765976143,-2.2943280806856414,3.0
3.815517539107166,-0.49197764780196884,0.0
3.4776910771684832,2.1947018184339733,3.0
-9.088582346054793,8.500837681937643,0.0
-1.237939525542684,-5.776605212341002,2.0
-2.230824720640012,6.82141831100888,3.0
7.831869108972494,5.736229119001717,1.0
2.5838957215985623,-4.705709904338342,0.0
1.1307341873087484,-9.31523862439475,1.0
-6.792047251587374,5.877202755577528,0.0
2.4623147564260606,-8.437250856412872,1.0
5.571607323210452,4.7227623417125315,2.0
-0.19696780806852665,-7.974414409141428,2.0
-7.042328689777881,-2.0498453926929923,2.0
-3.1837731603238257,7.093043105767723,3.0
-7.784036104458378,-8.305703556912295,3.0
5.924804404616559,-8.078510182309873,0.0
-8.798093424834253,-9.313694719927906,3.0
2.6324429962097184,3.2945898169930903,3.0
4.685710300007095,4.557763424207712,3.0
-6.210778625668388,1.0651615040015034,1.0
-4.214844261758941,5.210809739729774,3.0
-0.39335240721260156,3.1000458145234955,0.0
5.924553803271328,8.12275982710242,1.0
0.13605995459107412,-3.5025092989995184,0.0
0.7373964647103719,-1.1014616117169052,0.0
6.2122745014666485,-9.383320389291463,0.0
-8.89620054340071,2.592459730414303,1.0
-7.661281306269232,9.827107285324217,0.0
-0.3751144194296998,6.2275469351849075,3.0
8.569920008084463,-1.5504257740438216,3.0
8.66309838330319,3.4288819653161102,2.0
5.93721708814455,8.490894801081431,1.0
-2.7140087175091265,9.344715481061883,3.0
-4.021447992773992,-7.109707335632178,2.0
-4.708703670257808,0.45966582612033946,0.0
6.003632936576281,3.02893448652865,2.0
9.219447916812136,-4.746544759610338,3.0
7.0017603313748324,-0.7180901453442878,3.0
-9.329841723189528,-4.061725676377272,2.0
-5.574551751117987,-1.466569618844936,2.0
-0.15933502735760108,4.289014978575299,0.0
4.977307535764744,-2.208284144169202,0.0
-9.707556281916025,-9.537047749731638,3.0
9.68432345726644,2.028207736149687,2.0
-3.620841247023227,-1.4911188295352762,1.0
-9.47832967531598,-4.305206958774281,2.0
-5.361443720079608,-0.666888509412038,2.0
-0.015613448434958599,-6.396957458915262,2.0
8.894857028872273,4.910460703623036,2.0
-6.578523455551341,3.290842402052654,1.0
-3.827659883326291,-8.086012973267477,2.0
-8.441828641992167,9.900772761325484,0.0
0.7195910842090569,3.7276965767844477,3.0
4.183419421502064,-8.055098633539776,1.0
-5.13779921349853,-9.833942533594346,3.0
-9.761258506388321,2.0633283209391173,1.0
1.4900327375621423,4.992405318637363,3.0
1.8194580180819937,6.269474127676652,2.0
-2.3630144567092053,-7.501108247057344,2.0
0.1523436414942676,-9.207365145778795,1.0
5.600593950054149,9.227630544861501,1.0
7.347728920103499,-8.738661287578203,0.0
-6.751417296232882,-6.196859753490869,3.0
8.691830870165685,0.027781357110159277,2.0
7.52941421974657,4.751079160892077,2.0
-7.428048107956046,-1.0623227152164567,2.0
1.9103364437960977,4.924316108010988,3.0
8.009777275211714,2.777020296304066,2.0
-9.872333624415855,-5.659866391602398,3.0
-4.8684662883580305,7.793883732898106,3.0
1.120259101488191,1.0575371504323172,3.0
-3.3748055066125833,6.925407076661198,3.0
1.2439978996587815,9.559185570262777,2.0
-4.0445019342138,-7.500802286977775,2.0
6.127403645166723,-3.308279564924943,3.0
3.0115341801420286,8.346177036802175,2.0
7.096792328656054,-3.792174545408513,3.0
6.751557124053761,9.075568892519652,1.0
8.197486537121193,-0.7125735323652229,3.0
5.1281787199550735,6.264061084036069,1.0
-4.810913759750878,-6.714131999268675,2.0
-1.4544934365199644,-0.2669304390106184,1.0
3.2475008017154217,-8.485822042264859,1.0
0.12206317112042697,6.594543433650426,2.0
0.6396686524888118,0.3441280673628917,3.0
1.5612649940518697,-3.9185183831025405,0.0
-4.0816894242423825,-4.395326992556341,1.0
9.981675609427459,8.660623725638782,1.0
3.6436285218582505,1.806728734101604,3.0
0.25227439573427723,-7.404043534467735,1.0
5.087050922663801,2.9295392474866073,2.0
-2.0163220654915133,-9.401609336749296,2.0
7.354923577803408,-1.4124058042381709,3.0
-6.94625766705065,-8.028551514692989,3.0
6.900516459877977,8.344583065046134,1.0
-0.622020469108902,-1.615459130539989,1.0
6.518058398179761,2.881307178935039,2.0
5.655803634074754,-6.5267141509633735,0.0
-6.8736222444532435,8.866154398180147,0.0
4.34861131339283,-9.789169565595834,1.0
-1.86477317511968,8.325589681191587,3.0
-5.463954369456712,-6.003681376790555,3.0
9.6061436975606,1.9335981091850734,2.0
4.6452605793505946,-9.522043434881283,1.0
-9.29154796189976,-2.31762935986046,2.0
-7.727818594442406,-9.858013556445249,3.0
4.995809101751718,3.616148655815417,3.0
3.4794164327789012,-7.486939354270765,1.0
-6.838386507540289,8.877120276443108,0.0
5.53835051619207,6.238026184964326,1.0
-4.854606447844052,-7.164296375565118,2.0
-9.592045274723475,-7.915584499693081,3.0
-3.5579841910234578,-4.015576520661219,1.0
5.803205794320416,1.9415284011482399,2.0
-5.723373003879681,-4.894252217329774,2.0
2.540265226875821,3.5604700380041425,3.0
-0.5893679598760073,2.2325726023646837,0.0
-9.110772387795246,-2.9955493650627663,2.0
0.07383676744164447,6.887213161112179,2.0
8.56727840097329,6.630867651190442,1.0
-8.1117433525555,-8.261334174659467,3.0
-1.3272609941054458,-0.5864765783322117,1.0
7.416255822287898,7.135313953725596,1.0
-0.36747314556158805,-8.106779681336402,2.0
3.0371942380194987,7.785833475353449,2.0
-9.659299410809277,2.6119809406774497,1.0
-4.520371308440385,6.241829221553473,3.0
-5.412226711697499,2.8025525454143008,1.0
5.685515444686079,-2.199122082142704,3.0
-2.1845882328278847,-2.0329864769191675,1.0
-6.928754380687028,-3.520562134663985,2.0
5.64581014241994,-3.4207360279788945,3.0
1.8072586291552444,3.291593256859784,3.0
7.542513555618182,-4.966211331468311,3.0
0.13220894813179385,0.998501843752921,3.0
7.613545267604213,-4.794992969532402,3.0
0.4890281841836863,1.3010751297473426,3.0
-6.809482033653733,-1.4851118167259116,2.0
3.5932175404752265,-4.554650824755255,0.0
-8.977639631645456,6.04603113211731,0.0
3.8156307561867884,1.6589735990728691,3.0
-9.862067367496293,0.414189634881847,1.0
6.4268003383997865,-7.320608563867779,0.0
1.4806601928783465,4.882828355023472,3.0
4.322898904554744,2.923911318763736,3.0
-9.73158769200155,-7.418820227089764,3.0
0.26432735347595226,5.5878822337736,2.0
2.2749652184918467,7.425335872151091,2.0
5.273029221738078,-3.2824034153665664,3.0
-0.7041510206970418,-3.865324132497065,1.0
-4.901257484585971,7.42258299518744,3.0
-9.040993926275018,-8.896630153856727,3.0
-4.010763942181244,-3.7075209513969316,1.0
1.9895571180651714,-2.6162686036776766,0.0
-3.9579146508159706,5.5002316096524435,3.0
0.24423838559058808,7.352772092939929,2.0
-4.882538698733702,-9.91881709916208,2.0
-3.223625797473302,4.996101522146075,0.0
6.518309573409013,-8.375142153280484,0.0
-0.20967215313654464,8.084057432810848,3.0
-5.623871816340207,-2.1421693356224303,2.0
0.08171272830486842,4.545470280708212,3.0
-8.348182319930906,-4.649175116604846,2.0
-1.3663793295286712,3.253589952822633,0.0
3.7579925387354134,-8.343209381744941,1.0
4.7490367027379765,5.713139612271085,2.0
-0.37913811684382637,-7.054880455368025,2.0
-3.376033259832239,5.924673190273275,3.0
7.6797425026585735,8.81678000340931,1.0
5.0332953600787445,-3.6555704473324795,3.0
-4.678401434756225,-8.439416395940444,2.0
-2.1139530225087437,0.6214992454654489,0.0
-5.549609801057594,-5.5765664249944935,3.0
4.740338119533924,7.499835497747927,2.0
-9.620459774335517,9.529826714464996,0.0
8.232742390030136,6.856802517116499,1.0
-7.176205536162383,-8.848365835388194,3.0
-6.227524746198139,-8.286472915256324,3.0
1.3937548298309892,-7.722447072715449,1.0
5.233562439719375,6.075243974683456,1.0
1.2469155746840226,8.687452532220181,2.0
1.9659425731771165,-9.549654511861206,1.0
-2.9363334869179543,-9.943806614346517,2.0
1.8882436054472649,-3.241786827362631,0.0
2.6426405322935977,0.5842989470146538,3.0
-7.074168933959124,6.484367050587775,0.0
1.676945871823861,-1.6777306970168322,0.0
8.280007903105687,-8.91165363738649,0.0
-9.69332767293929,8.673943928187587,0.0
8.432609417771314,-3.4889563687269876,3.0
8.81773601935183,-1.4357320489952805,3.0
9.914024413946134,-4.051925441529283,3.0
3.925538076260974,-7.3120505520398,1.0
-1.605069658681785,-3.187729362701748,1.0
-8.519670776296564,5.789872020425138,0.0
0.5490560584336261,7.462784823206555,2.0
5.459086311831744,9.823842283892958,1.0
-2.547492920110546,-0.5511651455597537,1.0
-5.270365079573372,6.959423625594823,0.0
6.635265380130605,1.4347830491252793,2.0
-4.4938935090903875,8.465919334993863,3.0
-6.084905505632987,-3.92224369689467,2.0
-3.9561331909730724,6.051754754847309,3.0
-6.694304452591013,1.7791776471706555,1.0
-5.691341833044177,6.106026789752704,0.0
-5.587686699868635,-7.024146996910079,3.0
-1.1522032117365342,1.0027687577913387,0.0
0.5853248949056411,-6.010993360610836,1.0
2.094154819155431,-8.149522856562017,1.0
2.102716110416054,2.5211022102346288,3.0
8.566249232215522,-0.7911763256579611,3.0
7.423205855085872,4.359553173495618,2.0
-2.519917416995092,-7.249307938360603,2.0
-4.582694062053538,6.681265560087802,3.0
8.749360697226344,-4.532328937284724,3.0
-1.5878954295270642,2.1711340698470067,0.0
-7.559086781570961,8.046426371050512,0.0
0.11787482032080021,-6.65003664171544,1.0
2.7984779330560308,-5.437112239879649,1.0
9.203118903140716,-8.750697428193945,0.0
9.355592589622503,7.16653091844379,1.0
-3.958321205619426,-9.881720563334692,2.0
-9.379289897959017,8.518172053533362,0.0
-9.07639475533917,-4.186755489150158,2.0
-8.81614829331674,-8.533821673630019,3.0
0.29958240049883855,9.163695258371241,2.0
-3.0093780287054317,4.114132419864385,0.0
-3.2361493417660148,-5.332143889432633,2.0
2.1381672386485597,-3.3503495117109683,0.0
-3.9572293088378574,-0.2858060243229321,1.0
2.1776378222997455,-6.453596145226044,1.0
5.105981115087587,3.7522721468713183,2.0
9.980762530058364,-1.1036194000685757,3.0
-0.5700523604975736,3.237045260654458,0.0
-2.3479090717030733,-3.7074472879884883,1.0
6.197845147716187,5.095147029164256,1.0
2.60755077111936,-3.12396205959838,0.0
-8.223452143452079,5.3813633906607485,0.0
-8.593017987884682,4.769979116872786,1.0
3.1305193618612766,-5.048364909712855,1.0
-8.60911489984691,-4.696695095743171,2.0
9.847296533571019,-2.8492815521952792,3.0
-9.347012634561064,-7.1355721330895205,3.0
-9.119513151036324,-3.687975052654176,2.0
-2.6820076015764016,9.453517836804927,3.0
3.6940551433034585,-9.7315189497767,1.0
-2.7926217939208637,4.60515077107036,0.0
-8.47324648875474,1.488006355620195,1.0
-8.964917007010037,7.076279039450604,0.0
-9.389118601949564,8.162441120205152,0.0
4.240570444103479,-0.07078561255357485,0.0
8.415156202498121,2.11160290683625,2.0
-4.184553501298596,-0.2654689924203595,1.0
8.30605306526062,-6.131332209067921,0.0
-6.812339445887606,-4.3067778393877205,2.0
-4.272644259154217,-5.495121085846346,2.0
3.339254955924533,-6.015649377062862,1.0
4.841515023847844,4.007408425134159,3.0
-8.768438304524363,-2.5086792963555116,2.0
6.967736958327595,-3.5155803780133983,3.0
4.25013821208071,4.744885388017316,3.0
1.655474834713619,-2.105957499519622,0.0
-9.605544250103895,2.9182988438284987,1.0
9.7122659282876,-9.820929210362412,0.0
-3.5602560282741997,-9.111603440315676,2.0
8.353350546710107,4.368464319307552,2.0
8.741269784301394,6.183101459729588,1.0
-3.524681635122091,1.936270886905291,0.0
-8.189066195783726,2.3890482203092525,1.0
7.985310704263856,-7.3468802537323175,0.0
-4.719222492762503,-6.267056293828796,2.0
4.703971267911593,7.071543433698324,2.0
-5.044571279502819,-4.808241529734114,2.0
-0.6095612078635178,-3.8137948678458216,1.0
0.7756371330862226,1.1871789290139674,3.0
-0.8718676297984445,-1.4842226268829926,1.0
-5.907206584872791,-5.992779245165609,3.0
8.508711469248059,5.05790472950655,1.0
9.114533243272987,-3.533914151330011,3.0
-2.1945823037334016,-0.41458401725801863,1.0
-5.858934978382853,5.414559115872313,0.0
1.492894474651207,-2.433552726434769,0.0
2.8556686131670226,8.704764366670155,2.0
4.894740862861564,-3.923941481044448,0.0
3.591515735108196,-9.200843418918062,1.0
-4.674736700023308,0.6683797514841068,0.0
2.375318121797225,-1.5985888936860349,0.0
9.617890679626619,-7.419868058686632,0.0
4.7506990625568,-3.851433090516667,0.0
1.1171500658758138,-3.378613264554316,0.0
6.657135286150595,-7.103538112555516,0.0
-9.095634180568037,4.226076348026899,1.0
1.1845931568614425,-9.24217927478046,1.0
-2.495035127553715,-6.624177448230329,2.0
-1.4015034383140712,3.3634720877813997,0.0
3.58066940082281,-6.877128946066322,1.0
4.773983141804422,-6.03290408408572,1.0
5.648688581602524,-6.698473192554159,0.0
-0.995628076376665,6.748663004576144,3.0
-6.655574662571708,3.5800131540002837,1.0
6.531279177167658,0.8304903920081372,2.0
-1.0994424915596746,6.553616917064563,3.0
4.959274537098889,-4.322689100242815,0.0
9.928113482860873,2.784963304211294,2.0
-0.7898832170008241,-4.339952408293392,1.0
-8.583667985718716,7.94226296397931,0.0
8.377944899762749,6.976463906455145,1.0
8.9376163177409,5.2850445366864935,1.0
0.8664475895587032,-6.871553974389886,1.0
-5.708115358656604,2.723433171853589,1.0
-7.429186574941095,2.8505231456852016,1.0
-0.13274290305327696,9.558246630727027,3.0
7.049628341448663,-1.9125304221948074,3.0
-7.1544130076085555,7.916931169022664,0.0
1.474225993716411,5.16240766019032,2.0
5.590988754669834,4.896328945133355,2.0
-0.46751155422147406,-1.064245580195319,1.0
8.179339447518071,-4.871081968790545,3.0
-9.589820438665601,-5.892799154026371,3.0
-4.307912926444157,-6.723085678143972,2.0
0.27693885173103183,9.912926396250125,2.0
-2.359846382521882,3.4545699792993005,0.0
-7.37284730394403,7.130093970160289,0.0
9.415510578550268,1.198050025670586,2.0
-6.678814959618283,-1.6351145957307622,2.0
-8.182065998059834,6.395369700278128,0.0
9.045714509769539,-0.6877328823041182,3.0
-3.5180296255598247,-3.8669444838227545,1.0
7.136141468533186,-8.078386321982185,0.0
-6.091782506961605,-1.7042278930571726,2.0
6.84828299256268,-1.5755611863722248,3.0
0.8920373309627259,-5.086351358937076,1.0
3.5221740142575815,-3.2000276075655947,0.0
6.359453622483635,4.929622507016859,2.0
-7.271617469534815,8.834612937712556,0.0
0.6495430889140792,-5.408035313146991,1.0
9.54707876649018,-9.90424943807544,0.0
0.2092035321246719,-9.503377975766007,1.0
-4.702360874017623,-5.672083386771742,2.0
-5.330953417209994,-2.1667916900604762,2.0
9.250150490319722,-8.54714427347484,0.0
-5.5413599354713305,-3.7304688625940834,2.0
5.575622988515889,1.7537658106049498,2.0
8.961563364908436,0.2127494671770176,2.0
9.53408835330346,-9.935410292900983,0.0
3.6706787506845124,-4.518680420407353,0.0
1.8757865363382091,6.126252608625631,2.0
-5.682016066562632,5.063485562712929,0.0
9.953343759767282,-6.112193395962975,0.0
-4.0595414414316355,-9.902638037256281,2.0
6.547966337383343,3.9432902336781,2.0
-4.7706668142904025,-6.279755559568847,2.0
2.8838722457807044,-6.800780656443621,1.0
-5.605047545079858,-0.8331928723560367,2.0
-7.379610960653746,-2.9317264229486684,2.0
4.271535000939593,6.0328134361877375,2.0
4.717203418035805,9.106873200741028,2.0
4.83185944284733,-1.1591748826981103,0.0
-8.215335102875716,-9.106166863318688,3.0
1.9641443560191583,9.551581713272064,2.0
-0.09281743542142706,-7.2909462188122465,2.0
-6.439150473905675,-4.84890271392336,2.0
-5.344978877822742,-5.988784249658097,3.0
8.693519316763236,3.2052695113681136,2.0
-6.089123458608929,-4.426750512742128,2.0
-0.10485134545846364,-6.799476367372222,2.0
9.711619204655303,-7.3182845247610935,0.0
3.209725812834776,-0.8450157464172108,0.0
-2.3258732420204398,3.921810393972976,0.0
-9.220192966126488,1.5531763489491741,1.0
5.994114797421421,-4.5778175804385945,3.0
-6.555558735208553,7.0719875495069076,0.0
3.7152117944711307,-1.0150099317529921,0.0
-8.526662124703964,-7.572183716992251,3.0
-1.0146351345558706,-8.33702928326968,2.0
-5.9093370693638025,-1.788547162479901,2.0
-3.485965302101013,-9.313827642783828,2.0
-0.5615331081885699,-1.3999356767835351,1.0
0.3825936884367671,-5.450600335654736,1.0
-3.4320259869050744,-7.531842345456436,2.0
1.2834670828284533,8.310060057869975,2.0
9.260994796410309,-4.168218427799715,3.0
7.953963265690877,8.249665106761771,1.0
4.806901337731656,6.8759567865143865,2.0
-1.194636432529233,7.030861110199279,3.0
5.461035936669775,4.018414228486996,2.0
7.466347013475108,-0.17031795711708497,3.0
-3.5978493317629763,1.5162337577753355,0.0
-4.446178838055504,5.659467718565612,3.0
8.860135991545569,5.58637180737448,1.0
-7.295264332064242,1.432118671291537,1.0
9.867788692974962,-5.136346500326212,0.0
6.633062061422319,6.981008112526773,1.0
3.6863222941326175,-7.763594145466697,1.0
0.7922082706995308,8.44935086713786,2.0
0.021495924441852665,-4.714426275277514,0.0
5.037913423045122,6.888319914845134,1.0
-2.2870577376601915,-2.1230999793109024,1.0
0.6464229611865342,-3.2140258836885005,0.0
0.5752228509371431,-4.297516341991249,0.0
1.9129466623532583,9.91638826442729,2.0
2.600282748744071,-8.799322226391892,1.0
5.225090253081078,8.779927483628523,1.0
9.568605408111083,7.366904872664449,1.0
-4.225375435993756,1.4684017991865677,0.0
-6.3599856768050556,9.814326206832703,0.0
6.357574665446865,-4.619922619868335,3.0
-5.404376442229886,-0.2272014571459291,2.0
6.567119700175368,-1.5252176262799892,3.0
2.89943566766064,6.297486232534673,2.0
-2.9551402222281986,-8.449530079614593,2.0
-0.5954581329946702,-4.907771342585903,1.0
-0.3237181224017469,-0.4443986296265727,1.0
6.507568234966662,-5.336379754025673,0.0
3.658194848750986,-5.83322410364135,1.0
6.156194657116789,8.202996694672468,1.0
1.2068076828978178,4.48414430874112,3.0
8.787000640242798,-3.0062311889657494,3.0
-1.6318627822557872,-8.554998397860949,2.0
-8.645768988477439,5.988306086198376,0.0
-0.4021604212612111,8.57358137518386,3.0
6.04290536693761,-4.139392281888439,3.0
8.807666984253334,-8.483062124783473,0.0
-7.751986484766733,-2.389695350993297,2.0
-3.2340053013165377,9.776721884639485,3.0
-5.9985560808412846,-8.333639529030448,3.0
-8.636637028457002,3.5024649467049898,1.0
-6.9767211602694745,4.762718661993649,1.0
7.033254861986553,7.058520064851798,1.0
8.079013578813232,7.357427990348235,1.0
6.1286314067137475,-3.03308557025475,3.0
6.7741296217755895,-6.50537551949697,0.0
-0.04771470386512888,7.739530793768658,3.0
7.892344155502453,4.450141365574893,2.0
-9.009051787043083,3.7091647675199084,1.0
-7.872773903137165,-2.0571563469398013,2.0
-2.1383073364380545,-8.48186248574525,2.0
2.8739765616614594,-2.308642845647178,0.0
-7.0528692329088605,1.0509334053509747,1.0
-5.755550246108134,4.863159098157855,1.0
-1.281480739734004,-5.348860884555881,2.0
-2.593225840913462,6.359414634731319,3.0
-3.4153180801686966,2.6427831366698022,0.0
3.6579412747846547,-3.827058922968172,0.0
-2.496344928330716,-1.9073298918057873,1.0
2.889148030051217,3.29481032330132,3.0
-6.67086189497528,-8.41198618363096,3.0
-9.60919082586124,3.9076367429108245,1.0
1.8646410789367902,-3.2894656399773297,0.0
-3.731452993467612,7.631791921937058,3.0
9.187399436868358,8.575442849821393,1.0
-6.300712059479161,-3.7525431581672724,2.0
-8.27817045991329,1.0895410246907637,1.0
7.010906395172945,-0.3989745151867794,3.0
1.8898666145114298,8.525411280206235,2.0
4.393092602710793,7.340714804411995,2.0
3.237521177157788,5.881469108149322,2.0
7.2261965216235815,6.842556433954318,1.0
-2.9429202704244117,-5.1116385786360174,2.0
-7.8298831004271925,-2.962775624566927,2.0
8.146242827050663,-7.230004226337012,0.0
0.20554682437630767,0.7705203793567978,3.0
-5.181480972628161,2.586757877474673,1.0
-5.567198325369169,-7.301071523427187,3.0
9.861059214955883,4.1948397571658,2.0
-1.152785250679102,-5.730915068697781,2.0
-4.906828556019072,-2.911200251045152,1.0
8.585441095679933,-6.250936456636264,0.0
-1.223664125270643,4.737092485340721,0.0
-4.757850197984467,7.979794019825736,3.0
8.493670245677588,9.948885131693721,1.0
3.3865030174731885,-9.457455968888572,1.0
-5.922447216730038,0.8531633240497847,1.0
-7.725989884974189,8.324504356084788,0.0
-6.3125435806417585,6.406906636491897,0.0
-6.934289304520691,-6.1099090993162,3.0
0.6098738406702235,-4.6685402061521835,0.0
0.2950628327007614,-4.47796120221912,0.0
-3.1616432952490463,1.9815917201259587,0.0
0.02543076612402473,8.963646375349516,2.0
6.559669684002284,3.98549021758582,2.0
-1.2869647174169092,-2.061520286918343,1.0
-4.373343646289509,-0.609331228155856,1.0
1.0274779752637375,-9.125063897043773,1.0
-5.881730902651736,-1.4337800518379584,2.0
3.884528277589748,0.25980829432114305,3.0
-0.21761315827079386,7.32714342269206,3.0
9.583864764308668,4.648856005474624,2.0
6.175067351141372,6.7610881606593445,1.0
7.699353548818465,-5.106393234020812,0.0
-1.6367388964418144,3.6632347352299526,0.0
-4.0077115870421665,-5.6095754615331135,2.0
-5.589655472865727,7.321807735135181,0.0
-4.90251081686149,2.0406801386265006,0.0
-0.9037801391029916,-8.277715187235339,2.0
-2.944941378476602,3.0622615056885287,0.0
-0.25874028295281626,-2.057257637258198,1.0
-4.738690487971626,-0.40742822468464546,1.0
-3.335186507924133,9.452580061660292,3.0
1.9929028898596375,2.634876012435983,3.0
2.1401758222969143,1.2377510584616402,3.0
-8.248021773153404,5.030153636952978,0.0
2.2823185505226267,-3.444921732233535,0.0
-0.13238819857973994,-2.5533932049220613,1.0
2.6224955525409133,-7.87280804037759,1.0
8.282968377653596,-3.7798378789437788,3.0
7.316695362189762,6.682425781163033,1.0
-7.218000483283236,8.615233507207446,0.0
3.681344516563003,-8.112696954693853,1.0
3.5569077627905106,-7.649904796029887,1.0
-4.900546622929034,-1.9381144878302052,1.0
-9.530893834229259,-9.816859420806953,3.0
0.31064998505863173,8.305734747734569,2.0
-7.432784005453139,-1.786021188456889,2.0
-0.42022824734491415,-4.066515094891539,1.0
-4.848942916899894,-9.041793748804889,2.0
1.895022289371786,-2.92883648003051,0.0
-4.003053823696492,-5.075786462192033,2.0
-3.6552804614185312,-6.338390989136606,2.0
8.084169490592803,-0.3521985826136955,3.0
0.5613673541259505,8.40822976263436,2.0
-5.010687852121604,-0.3191842245940393,2.0
8.379750715390323,-6.013776174048358,0.0
4.598184676828293,-4.573451137954554,0.0
7.821013174831712,7.956514171598169,1.0
-4.133900035764782,-7.964093106070909,2.0
-8.18196740474005,-2.4211290192664014,2.0
-5.7068640789780645,-9.732010572459405,3.0
4.39426124718355,4.390532621687594,3.0
5.480851015674846,8.216829842663,1.0
-7.0217380445508,-5.862178936646529,3.0
4.180228386909874,3.601576570005916,3.0
-3.296543893074759,0.3046935430757376,0.0
-6.977895146744412,6.515054811037764,0.0
0.9109071495403676,-5.839907802673463,1.0
5.497108116972406,-1.776663475111807,3.0
-7.842172075876901,-0.5087490747541281,2.0
-2.3557844213922436,-4.925138196916534,1.0
9.274053141109984,-4.271720001129051,3.0
-7.7915376228118856,2.291288458625779,1.0
8.965966805519997,-2.356584108794655,3.0
7.761114985270996,3.700409343605056,2.0
-8.4016835449127,-7.88174352321835,3.0
-6.619324312035381,8.348959972554411,0.0
-3.743104185045647,0.8604771920625289,0.0
-3.420561419698352,7.292117898589055,3.0
-0.2602738960925244,-7.635918757547255,2.0
-4.643690448961166,4.189211361532566,0.0
-3.440133751670116,-8.864939909544029,2.0
3.6345424279602376,-0.9853526492131248,0.0
-9.15512770837962,-0.5413303881219456,2.0
-7.7491507494141265,7.757914161159704,0.0
-1.740804961832044,0.04982005343501861,0.0
-9.28777392944216,9.129154575704344,0.0
7.101749233490104,3.601939540976204,2.0
2.139647607725969,3.22303898584099,3.0
8.86509352503348,3.3395675333955097,2.0
9.850453571965712,8.751249132805896,1.0
-0.8711999160799859,-9.296749765943218,2.0
0.8587791008849344,-8.176113779166297,1.0
0.760663683399379,2.8478080295477035,3.0
-8.180781701245682,3.3255813264411866,1.0
-9.873315123940131,-8.452222935071521,3.0
6.075872132236455,5.9212701734519335,1.0
2.5234923577552735,9.987763062023284,2.0
8.351644974581518,-9.88796306536016,0.0
-8.024116494573716,0.9416779689567534,1.0
9.930249089851532,3.2264517059832407,2.0
1.1597124517670174,0.6740360877851082,3.0
8.84783970304796,-6.875224987018964,0.0
-4.315005537872909,3.5404252302872923,0.0
-0.3213518402927491,-3.3732100561421436,1.0
8.274166567146267,-8.49749219900435,0.0
-4.200085131328581,-0.267365857704311,1.0
4.895476126571676,8.470898116495022,2.0
2.2384481722506973,5.7377483383531125,2.0
4.591673187939493,8.733576021748767,2.0
4.7106757225136455,-4.739804141343196,0.0
4.283446796361304,-6.054685193798777,1.0
-7.507144229747209,-8.390886163838635,3.0
-8.343138201400295,2.9362479328072375,1.0
-5.965196852839694,3.545903489837073,1.0
-6.626124598852526,2.68727567044807,1.0
2.578114287156284,-4.007785490562976,0.0
5.021685292346248,-7.679178734190872,0.0
1.6303481288420212,1.224879183988639,3.0
-5.268347731481249,-0.9462083746945886,2.0
-4.253188495820972,-5.760072039625772,2.0
4.434604821375167,-4.539342472764969,0.0
-6.33316692107984,9.318602802826405,0.0
-4.045798820962771,3.3370082113184996,0.0
9.153692699040377,-1.0081844027906488,3.0
-0.6415761160552442,-0.7047705191488962,1.0
0.3128426169785534,-8.374527022382248,1.0
1.3851419163330512,-2.9045002046588264,0.0
0.4026106894462238,1.5661179998795092,3.0
-2.097215061292969,7.047638785496325,3.0
5.033155514031659,5.089085512545836,1.0
3.911342150071837,-2.3550825439414824,0.0
-8.636832688572822,-8.542330311366994,3.0
-0.8034135686129851,3.045792539005344,0.0
-7.5796694669939635,2.0372375981777306,1.0
-8.19600522726201,-7.037337256198228,3.0
-4.813154706555158,8.819014081339137,3.0
-4.132407313669086,4.14373897942632,0.0
-7.697937964203061,-6.42933541957156,3.0
8.813086035290873,9.57307542180433,1.0
-6.045873388261032,5.711643842274194,0.0
8.613833457381293,-9.637480755084653,0.0
0.7798531498341852,-8.986432287173452,1.0
-1.1239780828457473,8.398312269057023,3.0
-0.553805696238916,-4.95618511492675,1.0
3.432776848241989,7.750964632176391,2.0
-4.558461421515146,0.06814949018638039,0.0
-3.7704067898309557,6.290515287014053,3.0
6.6004207615526305,-6.404613524114573,0.0
-1.5913017183467897,1.8990773938175103,0.0
9.573997426772625,-2.5188346970769304,3.0
7.702383725413068,3.777205546570885,2.0
-6.742658708116835,0.4906401380040286,1.0
1.2128532791532702,8.423480157966686,2.0
9.025014267867462,-7.9242056167811326,0.0
-2.975711511371837,-8.913582564967346,2.0
3.0107160100437405,1.1582494588416647,3.0
-1.6741289440277107,-8.420803333756101,2.0
1.240791935038807,-4.850702740149481,0.0
5.3326452369238435,4.824694109870302,2.0
-1.0942840891385117,5.278560108617311,3.0
-8.223528769743575,-8.929687840984563,3.0
-0.9093212062194684,3.319201316735864,0.0
-9.803229605957194,-4.6491082026060155,2.0
-0.9132418760453014,5.032041236097768,3.0
0.0030519142526053145,-1.5957513368063214,0.0
-4.6339419465048,-7.146679248375998,2.0
4.974341368559877,7.001839029558546,2.0
-4.079224240877228,5.694201712693012,3.0
4.941899205106846,-1.3635545301609593,0.0
4.36292941505371,3.3526763669876747,3.0
2.9737787282762245,1.3681294570755291,3.0
-8.988042419980758,2.316906089381094,1.0
-1.8737796059064298,-3.4515663833549226,1.0
0.4679714107498629,-0.6194940373845075,0.0
-6.050029978695067,-5.904263936592027,3.0
-4.648235816860813,3.113056921341668,0.0
-8.019984483791278,0.9036367777977024,1.0
4.811904437559193,-3.611957519663589,0.0
2.8098620638025356,0.32220299577754297,3.0
-9.989324993285267,3.1874205549399814,1.0
4.121822123659168,-4.6231235513394475,0.0
-5.465091077542166,6.899331739502756,0.0
6.764941038072116,5.554907840836698,1.0
5.176315481187723,1.689018246662954,2.0
-7.321310640044565,2.697098801905728,1.0
-9.340546830376992,-5.7822580839967985,3.0
-8.34175524539938,-2.171883711326725,2.0
-0.4076794886120876,-0.006988797309674055,1.0
5.679818390031773,2.7193089888170725,2.0
-2.361266825400145,-6.5288002184210185,2.0
2.9193953013778327,0.10307772756565825,3.0
1.1399444005032606,-3.642895324643714,0.0
-7.638615042807661,-3.7677923784236445,2.0
8.596707087850483,-0.3232789782002179,3.0
-8.352912328452573,8.574577547166786,0.0
-4.8664480248332715,-8.459047307246673,2.0
3.2951418170532882,0.5783405293252848,3.0
9.778475552329667,5.129312606932954,1.0
7.125669248202261,-0.3635460796319041,3.0
4.184171514951538,-4.1633832409665334,0.0
-7.9674280250980996,9.433264085596079,0.0
4.815647986420458,-3.3943568980885335,0.0
4.653231840333623,-1.6240075467799748,0.0
-7.463040444432687,6.719377253549791,0.0
-4.3483704151662135,-7.658352539125746,2.0
-3.6978025565592176,-0.35042007998100644,1.0
-1.2009457959952226,-6.46064696794868,2.0
9.2088112434107,3.924724769721408,2.0
6.585075047269353,-6.933544339347096,0.0
-9.76442280336892,-5.785678555312604,3.0
-1.300028515326579,7.989503816775848,3.0
3.5523330438062146,-5.942204624710743,1.0
-0.7397062673328421,-4.4056654918241716,1.0
6.716869477557399,4.00116894222165,2.0
-5.727931620923437,3.4921408922430057,1.0
-7.177412122335807,8.850241535996808,0.0
-5.926599768250707,-3.605178218271739,2.0
-9.99503231926322,-4.293309418161004,2.0
6.565606432530615,-5.2874446560399635,0.0
-2.205437439317439,0.4715228844935009,0.0
-2.9463800653605743,-5.929152913710272,2.0
-9.93327503136565,7.095102055400623,0.0
8.188051256604886,6.540531354933329,1.0
-1.34108467711048,-7.998280539501734,2.0
1.3340485021684572,3.13627485617997,3.0
6.657205026165013,4.813290387979187,2.0
-5.9907885648757775,2.10695727380962,1.0
2.256237123029141,3.315701720344716,3.0
0.8250238141048669,8.888768675889242,2.0
9.761382218977946,-1.4750894695848622,3.0
6.871032344987263,-8.562034851060849,0.0
-3.1255424501918476,-3.3043938355023394,1.0
5.3734241648029,9.548188030538878,1.0
2.2469610404591567,-4.273890989838498,0.0
-5.271715849459621,1.177795112353353,1.0
8.485184440205064,2.069583981681129,2.0
-3.7687616188070443,4.050354684198554,0.0
9.980943720480443,-7.959743906387908,0.0
4.545785668535242,4.3324868648156585,3.0
-4.573662635945928,-8.000675327322961,2.0
1.49131891584031,5.0051987875573865,2.0
4.379586229754009,1.9902783541208269,3.0
-0.5769192423395708,3.408681352711735,0.0
6.9214983746038214,9.283899567262445,1.0
-2.5443818072840934,8.505429723465237,3.0
8.592260249176835,6.922439545098165,1.0
-0.7785394497671039,6.875038554154415,3.0
-0.4476460034704317,6.714411750974904,3.0
6.065241475986657,-1.8251465445968655,3.0
-8.351054870946617,-6.8482220188139316,3.0
0.6880333538056682,-0.9801988726156559,0.0
-3.4366394106199216,2.4851440072568636,0.0
8.999998376684808,-2.431711384776401,3.0
8.960539472696958,-2.565697065100756,3.0
6.0129601106944435,3.062372213412388,2.0
-2.0637144483435694,4.343608831887034,0.0
5.5201284297464746,-1.2599207956679042,3.0
-6.835074896725035,2.088288266010938,1.0
8.366163563202555,6.704920547511705,1.0
4.23420019056678,2.005122048688401,3.0
2.940405080075468,-3.1792068045752098,0.0
3.2948896630547004,-2.7215124943627256,0.0
8.899324055113585,6.889369325407145,1.0
-9.340313782098056,-4.375913093247192,2.0
9.196313534094891,1.4980926696228636,2.0
5.027646764860517,8.146494375885165,1.0
-6.395736197603846,8.363769640851395,0.0
-8.84920106907125,-5.542549428911379,3.0
4.352847048461735,-7.310776692468616,1.0
0.04568649372179934,-6.354265557439018,1.0
-7.760745494899231,6.556024215965181,0.0
0.27812815279472325,-5.254166205562896,1.0
-4.061696088453033,4.535581621160835,0.0
-2.991760652153781,-3.49387136014858,1.0
2.3646013030433437,0.5323418198552758,3.0
-7.566788625119214,3.083036825761722,1.0
-3.928167956634887,-1.0055687544803433,1.0
6.491750944686068,2.6286632511953947,2.0
-9.517923464478983,-6.635338215658228,3.0
-7.123992277310174,-5.147542069054802,3.0
9.57660316705848,-6.110170147938481,0.0
9.088557030084623,-3.1158927157762406,3.0
7.445173474977555,-6.593018290536856,0.0
8.872815589721668,-3.996917636779054,3.0
4.846821792776099,-2.2523905955081975,0.0
-7.277617110435884,3.829409354285591,1.0
-7.0733735569154454,-2.7837980250708005,2.0
-7.392449548072964,-5.613867559486958,3.0
-9.702051652054228,2.710072892194969,1.0
1.9575510071061473,6.403516286948783,2.0
-0.908765066747927,3.4272852547398873,0.0
1.5473287591658984,2.4661010637558256,3.0
6.984113150551245,5.930689264719604,1.0
-2.8528878674822415,-0.03896450791311956,1.0
1.53892127700545,7.402937603817634,2.0
-4.3959630293975405,-1.8184068330575993,1.0
-6.047004696060241,6.792641930377773,0.0
-6.588742071354725,1.6392325047008232,1.0
9.39925300713433,1.162820410207754,2.0
-4.296386079512735,-4.780307248980731,1.0
4.5944792249796755,-6.143587584150181,1.0
-8.148933595710448,-6.856660341129919,3.0
0.08647887394896614,1.3226637091516267,3.0
8.63350938317327,3.340543427815298,2.0
6.690449088969352,-3.4623953674621806,3.0
-2.587707663015366,-8.440312810735069,2.0
-9.349120280109238,9.543632306306506,0.0
5.115389878786164,3.682983323691344,2.0
-1.085494866775763,5.460588241802691,3.0
-2.834082123534638,-9.066621812270864,2.0
-1.2878391251306667,4.626931052375081,0.0
5.459495357850697,6.6355295200994355,1.0
3.898547766303434,9.617609975457032,2.0
-6.717988752578941,-0.35241535661795,2.0
-9.095708265817162,-9.860755616237011,3.0
-3.316898154971584,2.6362590097893133,0.0
-8.170873466969162,-3.2919246726351936,2.0
2.4554786159148314,-2.305351606921935,0.0
6.286448070221272,-2.687734343446624,3.0
3.787485266499118,3.7779602118743245,3.0
-6.474351055635637,-2.6507339068828113,2.0
7.911869221458755,-8.112902208665279,0.0
8.797268557831764,7.044291847550831,1.0
2.434324181983696,5.505788075085121,2.0
-4.253349790958946,-2.807052409323118,1.0
-6.3265454971082775,1.1622700208256695,1.0
-4.992829488056043,-3.7579372517663145,1.0
7.672346318280585,-5.913325078398374,0.0
5.1722142636498205,1.0861864641649568,2.0
2.9749353408429773,6.832898799364681,2.0
-2.0954367071757973,5.657439758928287,3.0
-3.3177187515825235,-0.24136608660844416,1.0
-7.97752279365292,-6.07022250346936,3.0
5.0754286303198075,-7.022699970455593,0.0
7.344249075430277,-8.220261283750173,0.0
2.7830718355921533,2.649886951514656,3.0
-0.018297116049732054,-1.6076255174233918,1.0
5.655119984242509,7.157893958437999,1.0
-5.153960283262826,4.3632644964663285,1.0
5.3253513156529575,5.697794713224981,1.0
1.4806644516106005,3.3131017950895796,3.0
-8.607216152414814,5.839883502973491,0.0
9.153695538837184,-3.2186515792714454,3.0
-0.8559115671963795,-9.011931681172127,2.0
-2.37158557391081,0.9608959143626432,0.0
7.099655096437772,2.299304293994142,2.0
-3.988583813822233,-4.35735033845803,1.0
-0.44212414088907437,-9.018699004332307,2.0
2.598621747634205,-1.572489855745669,0.0
-3.7272582666224974,-2.912343814261078,1.0
-3.6718047042641437,-6.163972254203771,2.0
3.2405366847478234,7.531613969257357,2.0
-5.15969188390502,-3.381440244442553,2.0
-8.639912197689458,6.939011806256335,0.0
2.2126873014299147,7.273570455563956,2.0
-1.1993232218658534,-8.037024131946922,2.0
-4.766349282400051,1.5247405555271278,0.0
-4.5041095140440905,-8.89461660087434,2.0
-2.992547146093476,-3.269225103623543,1.0
-0.9365893319009579,2.455428237100863,0.0
-4.331747390771648,0.971167614814215,0.0
7.826047711861332,1.0610239927427614,2.0
2.902009722984447,-2.366320868523994,0.0
6.98731571710416,2.5825544236298477,2.0
8.708271689325016,-4.207201629529647,3.0
-9.225191938158556,2.3020430267771825,1.0
-2.6745697977860194,5.046198864805911,3.0
7.7219068438409835,-5.028012986863337,0.0
9.625918111946309,-0.0208890007881557,3.0
-7.6202158624520555,-7.333325142126861,3.0
-6.950631766292277,-4.482014722681658,2.0
1.8271735403001657,-1.690286537306287,0.0
4.4209101786930916,-0.7401325966721277,0.0
-2.8699108333837353,-4.24735660621947,1.0
-0.6519784477803441,-6.8161778411059215,2.0
-0.8367631843405725,0.626495753341521,0.0
8.722082836834456,-0.30832899135629077,3.0
-5.144291785461277,5.643221404465544,0.0
4.800650515989211,8.190784805554848,2.0
0.5161660129573047,-3.0418760925635313,0.0
8.562192022430974,-2.7819050913961547,3.0
-9.799543512526228,-7.9438982604474635,3.0
-2.7668653619902495,-4.292126159105365,1.0
2.3405767027602273,6.529053876343948,2.0
7.760747011602589,-9.253263806968913,0.0
-8.31655625187711,-8.887387678863547,3.0
-7.402454033232287,1.2458200583342034,1.0
1.9038178539426287,5.694266406590886,2.0
9.336592414374778,-6.006878865147813,0.0
1.3955519099448708,1.9052093434214044,3.0
-9.569337283825014,5.739622071253363,0.0
-2.1507432890645717,3.610516766916591,0.0
-1.611656644315218,-2.086048432679844,1.0
8.535664477248467,7.80210482526731,1.0
7.581590923806907,-8.868079319166359,0.0
4.641778325061042,3.1452011768682393,3.0
1.6626084584497374,-9.139813171457032,1.0
-4.70094926958649,-7.76871064790636,2.0
0.6733296745943118,-8.645943590990697,1.0
3.1034644189963334,-1.633244848995787,0.0
4.062971608178653,0.6822279022006938,3.0
-8.474259495121006,-8.9311261380699,3.0
-8.414979701580524,-7.837672325326565,3.0
-5.788349071618808,2.2919270194872094,1.0
-4.173149669523566,3.5846090663791124,0.0
-4.095210164486785,-9.056940721968264,2.0
3.003658385363611,-9.17491813952337,1.0
5.147137178205494,-4.491914627088658,3.0
-5.5085113636130645,-8.171706219705772,3.0
-8.750250863806805,1.5292762068217076,1.0
4.723513783330414,-9.567941120476501,1.0
-9.246876247299827,-0.8427186272274412,2.0
1.8521674866259765,7.470418439805787,2.0
3.4092486916509124,-4.344537560356814,0.0
-3.9436630632989855,-4.2739713503468995,1.0
5.136041052552155,-1.3828744398813857,3.0
-6.196447976150628,9.339177529862571,0.0
8.7030701637586,-1.6436460557303096,3.0
-9.5360777655067,-4.148534978863525,2.0
0.6817868819668718,-9.955996356398426,1.0
0.05956290313181967,-3.549631353789941,0.0
-3.0860179403251697,9.787979379751008,3.0
-3.4876647391127946,-9.992597064031855,2.0
-7.2972181889939165,9.431461093441136,0.0
-9.967890387158953,-3.043217222834313,2.0
0.11869017486413469,-6.324085281978872,1.0
8.451103589625667,-9.0062190088527,0.0
2.2316837780005994,1.9899652601844213,3.0
-7.9905302182969145,4.431546475504135,1.0
-1.8411488328049401,9.193806441902442,3.0
5.7711691603016195,-7.159374182009786,0.0
7.162819693644323,5.028615902180281,1.0
-3.428110027588966,0.7651918449521684,0.0
6.375011630538058,8.4005404341449,1.0
-7.0401197806763545,-1.1481588453828913,2.0
-1.975291252861906,7.050200696064241,3.0
-1.5672901412710178,-5.468822211742808,2.0
-2.7133876829306853,-2.5948719490417087,1.0
9.150171006213398,-6.965406775620457,0.0
0.07466684851827665,8.735078284433826,2.0
-6.029260075238496,0.6119629369294763,1.0
-1.1895160394095292,7.160258104579086,3.0
-8.429054157949254,1.1757806184425323,1.0
-2.779629774724876,-5.135686683183258,2.0
9.23805712401499,-7.811933004522671,0.0
-6.564023726630818,4.717860322432523,1.0
-6.593272897360986,0.9900716065856336,1.0
-5.564970946569538,0.1420524919049786,1.0
-6.772328619397216,-7.122750453269684,3.0
-2.0193110956080362,8.010264372073625,3.0
7.433087959231479,-0.6258766200610886,3.0
6.90191301322022,5.137998038829593,1.0
-1.2308501536371033,-0.27082354843907375,1.0
3.5241505731929585,-3.986848925013369,0.0
-0.9816377491335242,1.5011210699114628,0.0
6.649632771857373,1.722768853873628,2.0
-1.5906592789355827,2.9906144412134203,0.0
-0.8198725046750219,9.230583844239689,3.0
-0.579857811330255,-9.84190847087256,2.0
2.6657939383192755,-6.425990432708673,1.0
2.866213618650427,-7.06755233398527,1.0
-0.12809537669955873,3.679019759943669,0.0
2.0054245369369124,2.1091593635910613,3.0
8.343340968706151,1.6036055504917073,2.0
7.4597066790673665,-8.873662865624885,0.0
5.48329248432027,6.709250781607018,1.0
2.488240084536347,7.548003626293916,2.0
5.202204262628289,9.926858802009523,1.0
-2.748520703189321,-6.705455537197739,2.0
-2.825248690040329,2.151583489889541,0.0
-2.008353558721005,-1.3798304562073724,1.0
4.9217175219513525,-9.602657209695026,1.0
8.862406174877076,-2.787682090366676,3.0
3.2028536389317797,1.6808733122281794,3.0
6.2872146581044355,6.949302839692994,1.0
9.876404231435451,-8.141281094582443,0.0
-7.960785145094798,-1.7178905547077612,2.0
-8.887850062993403,-3.8141218389186404,2.0
5.507532882967496,-8.666757963342482,0.0
-9.223104501950488,6.699352128776944,0.0
7.034430922515792,-9.448051305341403,0.0
7.373395602513529,7.717981928549644,1.0
-9.186394627135755,-2.1592042210641544,2.0
-6.780674419670801,3.6816347441990604,1.0
-8.14336220256721,-4.475250803392017,2.0
4.261772074086155,9.288323923880068,2.0
-5.073312326714068,-7.270874117941166,3.0
-0.15375782646034075,-2.943125616731508,1.0
-4.775480926770239,0.5025632837560181,0.0
7.801460580371131,-9.510729450622526,0.0
5.00192724152263,1.9495505459372815,2.0
8.43598595270316,6.206741522729104,1.0
0.35680763075966837,4.36292212046402,3.0
-0.7358706091351248,-4.860556411810684,1.0
-7.103270776281512,-9.755700925320067,3.0
1.9603770074788702,3.7735325660346426,3.0
-8.988483581673652,1.2153751860330964,1.0
-0.4744405071911917,7.488456046388887,3.0
5.035260640133455,-1.7417157138963564,3.0
-5.76134616134913,-6.5489992252096325,3.0
-5.17293296149486,7.077601497637943,0.0
3.65653832137124,7.444017151862781,2.0
-6.524147602706593,1.0945016841541637,1.0
-5.0388398388941935,2.948899470877853,1.0
2.6735829630345247,1.729228581778477,3.0
4.852454053360532,-2.762746518381749,0.0
-0.635524735098409,-6.287450743940218,2.0
9.56275425781352,3.036372430893808,2.0
-0.5025316970769609,9.582225917639303,3.0
2.895145061923504,-8.088476677222264,1.0
-3.88946981801074,2.4683468555934596,0.0
0.5516214494207645,-8.87508632019481,1.0
5.729239391553595,-7.041796398078393,0.0
-4.5244524923666996,1.643103020851889,0.0
-0.11125532356469492,2.2608832832219843,0.0
4.840723591054726,-8.119310159489654,1.0
0.08912374404444634,-4.623433534977533,0.0
-7.2057198796857636,6.777164080602979,0.0
9.964877482196275,-9.727455631421368,0.0
1.866536249234258,2.1515497428875463,3.0
-8.458880641716897,-8.201813456113676,3.0
3.067840191062416,-1.800049246342418,0.0
-1.1183287730582965,4.196428385996629,0.0
-1.1804871156322765,-6.1587626334725165,2.0
1.279195348516902,-6.423093377098958,1.0
9.580796791315244,9.47360431340967,1.0
-1.7983268671644268,2.679830651687002,0.0
-0.41172329085689796,-4.8006752270093145,1.0
-7.071168376606924,1.5451036131546658,1.0
-6.3884976537826414,2.960692211528098,1.0
8.839224652514499,-6.25163478190154,0.0
-2.1153296798572674,0.2876477100406216,0.0
-1.6733617412575654,3.7358266806376133,0.0
2.2724368477454586,-8.43643922044544,1.0
-1.2250201184747755,-7.886996684829935,2.0
-3.7876953391578443,2.8179315446570357,0.0
-6.871992170422267,1.902199924835239,1.0
3.211756234799161,1.3375752647121466,3.0
-2.426211814238073,6.576543124766914,3.0
-0.338385203874898,-7.173270636631834,2.0
-8.419689237297149,-9.73952990699528,3.0
4.579429629641602,-3.943652954796164,0.0
-7.844387446467362,-9.208970932794207,3.0
-4.997693859814878,2.5274874901293547,0.0
-4.006717881701045,-9.678560099879821,2.0
-2.5432039592705618,-1.2256049951331622,1.0
7.49601557296738,1.2258976258982184,2.0
-4.27273417140325,4.478072465087262,0.0
0.6016843306382658,1.2792225000571449,3.0
-9.189014761073267,6.689916982001513,0.0
-1.5017921189194503,9.233824968612222,3.0
-5.942349711449351,2.7973198653738933,1.0
-3.6217908138415105,5.933034153615445,3.0
8.07520030979704,-9.994971022627055,0.0
1.9247658478918126,8.592270497422454,2.0
6.822992427976779,-2.6897871566199267,3.0
-2.9891957225974046,2.4262554428869976,0.0
-7.9023586818378,1.6236216529906855,1.0
1.353608845808571,5.628688419852111,2.0
3.4715142836687676,-4.5985698562294175,0.0
-2.8144108285136067,-4.338079753555089,1.0
1.0160982903226934,-3.212195359122485,0.0
1.1594388250989862,-7.528722413736348,1.0
1.674999221517055,-5.294125331536719,1.0
6.615073709836977,6.446307942245717,1.0
-5.282445895936396,-5.795869835250453,3.0
7.4151502684065775,-3.49100019302268,3.0
-9.715307736845194,-9.121602377671723,3.0
0.9868819064748138,-6.250398826516639,1.0
2.780864601625879,1.8769081203530131,3.0
4.336930186351475,-2.026884084664591,0.0
0.963437988771128,-8.131887227624716,1.0
-1.0128452059947968,9.541637656533723,3.0
-3.506901100013973,-1.585167159798548,1.0
-1.109355349534674,9.177551139650284,3.0
4.779660102383147,-1.5407134941788065,0.0
0.2940958634697548,-7.952624929304517,1.0
-3.0624334262866952,2.319073229036716,0.0
-7.999373909615912,1.5912821743680468,1.0
3.3861275065926293,-8.562123843545308,1.0
-9.788327301888451,3.0280503672874275,1.0
-6.614308868868271,4.90340030066945,1.0
2.7799357141328773,-2.832398277869226,0.0
0.7919193658248798,-7.550051906421247,1.0
-1.5375630248502965,1.5112454086290725,0.0
-3.3843209094251296,-8.651309833385065,2.0
9.037346041979145,-0.23800990343430684,3.0
6.839430881588704,7.3411266658794325,1.0
-9.776013588801238,-0.6846753997647355,2.0
-4.86169628414066,3.3357079954506226,0.0
0.5992372094258158,5.2419541832956185,2.0
0.8724438732867945,2.3643721416563785,3.0
0.9424050769546515,9.406899045486071,2.0
-4.241519979788924,-0.06526291542939688,1.0
-1.150790326995626,-4.508811287648031,1.0
4.876506147683504,6.976797225560325,2.0
3.04819762929052,-6.0308828307907625,1.0
-0.5766209010733121,6.688783953111777,3.0
2.7591243949869,-4.978153572445148,0.0
-9.149722495328012,-3.0717577421968256,2.0
-8.475679035890032,2.5218182767532333,1.0
-2.7042408010717534,-1.1757638718518688,1.0
-0.8854678376489478,0.6313606861848235,0.0
-0.9601593284210086,0.13338679150453814,0.0
6.908762860710272,-2.162200270931793,3.0
9.040693048008194,-5.755488025049722,0.0
-5.641672669995163,-9.181653619918816,3.0
2.863112878165788,4.613848824188334,3.0
-1.63746539702964,-2.220678016282216,1.0
-0.616764252060598,-6.435609756824558,2.0
7.948338808697681,-9.334084266834646,0.0
6.703582548111534,-0.24989895147766283,3.0
2.478796114214516,-4.91714793317011,0.0
6.975537561475882,4.721333251963616,2.0
-9.229042436279997,-5.223952598358618,3.0
-6.441808282991264,5.033229562080852,0.0
5.93966366547396,-9.853977374978768,0.0
8.071297435476772,7.064839254532231,1.0
2.601958432715609,5.340513525772062,2.0
-0.00776942522834112,-5.734861496175472,2.0
7.12852905308608,-8.131495376545821,0.0
1.3029085793191708,8.90855485072439,2.0
-7.3880205952479,1.6430744771493657,1.0
-7.80840729138556,-4.646366212301228,2.0
9.887485014663312,-2.3044034295492377,3.0
-4.980657136158837,-6.592007091616003,2.0
-0.6611038083122107,-5.845325376428807,2.0
-4.600165005217411,-7.501114770387282,2.0
-7.068912655084654,-2.5410350929557257,2.0
-8.934453011519665,-3.843983420445629,2.0
-5.467058766437178,0.004933923367856252,1.0
-2.477423067441327,-5.182747993639769,2.0
-9.820282356338321,-6.942277127998564,3.0
7.840885491750182,-2.837382313871486,3.0
-4.384680999894648,-1.8978383318744143,1.0
5.631833384506169,7.829125535609197,1.0
-8.89501397226272,-5.779664818744282,3.0
2.6414735190894607,4.571588822901003,3.0
3.074188349337577,-6.638592114944142,1.0
7.4188285351118495,-8.892435581403992,0.0
5.131399495145638,-4.486217844990447,3.0
-7.242490800254922,-4.038332323172686,2.0
0.28620992778125043,3.9109790651692826,3.0
4.696969513168307,-4.423427062783858,0.0
-3.5794678454949906,7.9667551200329285,3.0
-2.5981778508868043,1.331639968492638,0.0
-6.332380046576398,-3.4738791604608483,2.0
-2.5661822121486733,-1.0261427346508345,1.0
0.6808534212203945,-8.175697427801323,1.0
4.33066988188391,0.4844866217336232,3.0
3.683416757608196,2.839215841774392,3.0
-9.18588830273549,9.559458085972231,0.0
5.633769112657095,-1.2398296341692898,3.0
8.149295623594977,2.623902206017231,2.0
6.693672812399086,-6.039226559308863,0.0
9.220631523536419,-7.125833856674166,0.0
9.109928254637278,-3.4152806969685816,3.0
-1.6541504496854884,-3.284682554590745,1.0
-9.696555210583215,-3.564548152061384,2.0
-7.797307584885411,-1.9864488165738408,2.0
7.007459673664268,3.195555391701223,2.0
-0.07988504555594567,-4.930027880051735,1.0
9.082709202319283,-8.185451706750058,0.0
0.25151184392419523,-1.513733677390487,0.0
-8.968472054753988,4.545240313382939,1.0
4.95571628941865,-7.293059099096226,1.0
-1.1335402393137635,7.704258353459977,3.0
-5.785297004024013,4.1637502947186515,1.0
9.107760327278527,-4.812486650858558,3.0
-8.926143042742138,0.20339526666043106,1.0
-1.887570336689702,-5.636718618200689,2.0
8.30334449597878,-7.956632314773071,0.0
-8.725747873045348,9.459173174000583,0.0
3.848060849264348,-4.9996265114739185,0.0
9.568793643550297,8.522421823552886,1.0
7.612162559943673,-2.677333480456472,3.0
-2.120765124031559,5.103258252599147,3.0
-1.6119002395317992,9.91752798557599,3.0
1.4512350276618697,1.1601477906238156,3.0
7.458273420949116,-7.283035882995481,0.0
2.417358812827313,1.9722167993546265,3.0
-4.448436241504641,6.43853960193869,3.0
-4.596478427362387,6.370311098137652,3.0
5.46288646845073,3.0929725088273585,2.0
2.658897603229839,-0.49733803293106504,0.0
-2.5663216313171544,4.350815150439754,0.0
-2.0117006934674153,4.395320835994966,0.0
9.562576880858295,0.09083911339870632,2.0
-2.626574083345803,-5.917749543750626,2.0
9.265069259510941,1.3554774572187096,2.0
-8.613666127409086,-5.892708704806453,3.0
-9.782586122803389,9.173541929342502,0.0
6.875689729264131,-1.537046375341859,3.0
-1.5881273802195714,-9.553021455151786,2.0
-7.907255487952152,-8.099156403333991,3.0
-4.668771098590099,2.914366349801096,0.0
-0.15333255985692418,3.5808552286068043,0.0
3.9988541355618157,-4.755290587493097,0.0
-2.0724779964908357,-6.494164938115157,2.0
5.417698084550997,-1.7116067792250256,3.0
-8.622328541158748,6.180607455752821,0.0
0.8261623423370796,-8.850124846321636,1.0
-9.680996560326182,3.1297477725080913,1.0
-3.808879689890789,-6.136158389799489,2.0
5.960236443926309,3.4563820154568035,2.0
6.804137457659007,7.786751742107608,1.0
7.207030929930298,1.785038898771024,2.0
3.727040266043744,-0.9377314064107534,0.0
2.327069239522954,5.7042114487836315,2.0
9.416490123787998,0.5798957652237409,2.0
-4.44861206046117,-1.8770224859462203,1.0
-3.7222270873595775,-0.7504281710239358,1.0
-3.236110903607228,1.8031063889593426,0.0
0.4501797125495379,-9.073626556657675,1.0
-9.11997963876342,1.7112413872213708,1.0
3.6231663175652855,-6.492152372844364,1.0
-5.406445481767285,6.243390929587694,0.0
5.351871712875083,0.35171376712521507,2.0
-2.2162029476339136,-1.8193588585556437,1.0
7.66717717137405,-0.7030655143054254,3.0
1.664786891536421,-2.3014968534351237,0.0
-5.892583003828474,-3.1535693712505726,2.0
4.089234789056963,8.595661701401411,2.0
4.790922101060698,9.039729691818096,2.0
-9.687367146743043,-2.063804577645598,2.0
8.606071768620495,7.03273447159998,1.0
-7.856945150414911,-5.193297297248554,3.0
9.005388147890656,-2.9804184725673677,3.0
-5.26341397195242,4.743238544776105,1.0
-2.594681795468629,-4.3681813851039735,1.0
1.7864818357362857,9.699527180080537,2.0
-7.853232833841846,4.58131554161827,1.0
4.324261115012323,-4.877201441913945,0.0
-0.8971519979242046,9.73317254724526,3.0
2.3748989374058187,-9.41730520197726,1.0
8.68766659058139,4.589264897167443,2.0
9.195955717011227,7.535051633339723,1.0
-5.397311176167909,0.47400770620971144,1.0
9.165495714886948,-5.242137130140712,0.0
7.695495644722374,1.0094999687871926,2.0
0.5365433098846761,9.560364907380404,2.0
-4.552075490392742,5.16592852766121,3.0
-8.987080613314454,-3.675481305727331,2.0
1.4600588028234966,-9.59267021668677,1.0
9.563505973011196,3.544228036295552,2.0
-0.7134605761673072,6.485168838269903,3.0
1.5095958885642364,0.9236589390690355,3.0
3.456952632184036,4.541496764262867,3.0
-4.763451121042987,7.261267841872478,3.0
0.19643605195308567,3.953907866669091,3.0
9.636821808126953,1.932568443699223,2.0
-1.7614018681206218,-8.10497176838866,2.0
0.03431801305508486,9.758204928809157,2.0
6.996581293190069,8.15849157594932,1.0
4.521134344633964,-6.948813547936943,1.0
7.202311243008065,-5.321248693066418,0.0
-2.076089583619625,1.3803521157331247,0.0
5.916604858752947,-1.0062578418070842,3.0
-7.607913672110989,-0.9687185522006878,2.0
-1.0516032009149434,8.486342915900657,3.0
-9.461372793410753,5.9221066704007015,0.0
-7.477123308524664,2.3812406342312205,1.0
6.640747857519017,-4.641920868147795,3.0
-3.038875086020698,-7.709512475116043,2.0
-3.8709477866525503,1.96370015016306,0.0
-8.277381551199118,-3.6071631230328034,2.0
-9.843473200226263,4.784513369465266,1.0
-7.066153626819691,1.5764286586438097,1.0
-6.30936926112724,6.3368228684499,0.0
-0.32605493954473275,-1.7629604570851924,1.0
5.800461626481203,2.82479333430288,2.0
-0.7954582956676148,2.7134169593521857,0.0
8.13950577273804,8.020202674750994,1.0
7.877417290427793,-3.7231706656626766,3.0
-0.5179161345269847,0.8093263717594787,0.0
-9.727651153916293,-5.992828108682787,3.0
-4.384542339285387,6.274227656144021,3.0
2.6719851947326507,4.581993497819035,3.0
7.647345826951973,-2.0179190744608455,3.0
8.064564121019995,-3.5731479714097407,3.0
-8.186304222262779,-8.884585517283913,3.0
7.4161076196387015,-4.273547065360019,3.0
-0.7314361119543911,6.426703261578201,3.0
-6.846236515446831,3.930669152096675,1.0
-6.928601088650465,-5.35837967152661,3.0
3.6736153440028048,0.18155133633868736,3.0
4.458818746098261,6.478015463789809,2.0
7.833352579328569,5.337301787348965,1.0
-2.064533733818756,-7.978234841681835,2.0
2.1105575158975434,-8.682241156127947,1.0
-2.6145908831550324,-6.624117045760531,2.0
4.699171925577556,-6.492965932071153,1.0
-8.583940978357084,-7.794186473019558,3.0
8.58175268926147,-7.985234644921828,0.0
7.001159471713532,3.358986423961774,2.0
-9.627220241863839,4.439832555996546,1.0
-5.038096634765051,8.473665000080274,0.0
-8.953502545610842,-5.622578833590524,3.0
-1.9707056791801154,-9.387129646714705,2.0
5.865148089778314,-8.196721773402778,0.0
1.1792284535843613,2.245058427684084,3.0
4.98113033149097,-0.5544535412495435,0.0
9.894719686819279,6.602527346417585,1.0
9.060894130998236,9.713835734490942,1.0
9.59726570200364,2.1124269185091844,2.0
-7.372896677720233,2.3747366543875827,1.0
1.158913657473967,-6.3798269887522,1.0
-3.4269788451825285,7.750214259826006,3.0
-0.18948167488765222,-1.4081709316531281,1.0
-9.224142823515402,-5.744066868039804,3.0
-7.283075724489301,1.7068820199320278,1.0
-6.641751524292245,-2.7845640777191445,2.0
4.40555048684686,8.48664404997293,2.0
-7.906066657082571,9.537762742436698,0.0
-9.054004589299431,8.319559298861552,0.0
-2.386462148021316,4.708308048523591,0.0
-7.546273467500142,8.32232304337877,0.0
7.854927146774283,5.264289741321326,1.0
-2.377611711572465,5.6749051600527665,3.0
4.13955081286581,-0.5909889184024237,0.0
9.854362941638406,-5.3588684458999225,0.0
2.9137209182054384,-7.584999008277913,1.0
3.2195217939280756,-4.6131381579648,0.0
-0.3926159027496663,-5.048775454620234,2.0
-7.69199033431809,5.898759072075579,0.0
-2.3331919731687485,0.9595962534536522,0.0
-9.183385376550516,4.077483182111754,1.0
-8.078159760592056,0.7290400946338931,1.0
2.710820935412123,-9.70491438328711,1.0
-6.124232480580201,-3.1217107745625956,2.0
-4.2879787872621105,-8.622563818920284,2.0
-8.778485955981036,-9.005528422935287,3.0
3.684151168054621,-2.1240601243032557,0.0
-1.2668485158066183,-9.575092591594567,2.0
-5.194883904352048,-7.1265657901774215,3.0
6.1681320222613145,-1.1747923068961015,3.0
9.931178454473994,3.913998971578824,2.0
0.5789922042025317,4.850454897637368,3.0
1.0271473967633007,2.1448610615629917,3.0
3.343857561482345,4.072391808340845,3.0
-8.332025607328848,-0.8910218374732679,2.0
3.799962619920475,6.565629075441265,2.0
3.442632980786197,-8.059536490154873,1.0
1.1371057936692885,7.94017782027122,2.0
2.958724852467201,4.058012694037272,3.0
-0.5637911933051747,-2.9060732159061526,1.0
2.359943115746967,0.37801632302964094,3.0
0.9259245132025136,3.535755909765852,3.0
9.281650983262708,-3.4673643452694147,3.0
-0.8027886962085251,-1.8908271012259057,1.0
-7.073834006914542,4.720799805191353,1.0
-7.877600318513767,-1.1173918391534698,2.0
-3.0699381997659287,5.726239399801168,3.0
-3.935824454840267,1.0700277612706834,0.0
-2.9645915041914916,-8.770489165504642,2.0
-2.0884795809871726,-3.950673484367462,1.0
9.139893531442542,-3.7791272713201085,3.0
-2.561209999860141,6.9252663417891185,3.0
-6.647271950581084,-0.09399078708873354,2.0
5.598800784829333,-4.905676137884183,3.0
8.355005532558678,6.2232732149126235,1.0
-2.055076914815266,-5.5273873010305135,2.0
0.3454257788846107,-2.374723397869145,0.0
5.487231265127697,1.207921567596637,2.0
2.432262404282028,-7.2101819632179325,1.0
1.1097484965393374,7.323448685168227,2.0
-9.481915748706793,2.4607526425733877,1.0
3.8867602515832793,5.34387988504777,2.0
-1.412730468544316,-0.4741878726141415,1.0
1.3059102104960214,-4.585030828074692,0.0
3.1870563517848804,7.147302309466877,2.0
7.498563279182175,-6.573699270120339,0.0
-7.786550195755972,-3.951913464707344,2.0
-5.110410132459524,6.194574892821574,0.0
3.970013739616549,-1.4636000003792198,0.0
-5.58306828342001,-9.330391768379393,3.0
6.718609527413591,-6.005980190035305,0.0
-7.377480374920595,9.773073542449016,0.0
-8.543387534881948,0.7444596002226334,1.0
0.33277447293009565,3.8663428048481823,3.0
-9.950680138339257,-9.727146909663718,3.0
1.4337311293557047,9.354843826961869,2.0
-4.375780699466483,3.994568172652585,0.0
1.1189893004462057,6.358780639836812,2.0
4.611724615311241,3.321735996971327,3.0
0.6203250161651663,0.5429854688483253,3.0
6.732289594634288,-3.360969394263165,3.0
8.798023745131598,2.9083624743742362,2.0
0.7516261796444486,-2.535245545183993,0.0
0.46873974273361263,7.826005919996895,2.0
7.083146379251875,-6.650222653608486,0.0
-0.535165550647033,-6.865998702507907,2.0
-5.8313054978285646,3.006328376278402,1.0
1.620040218702325,-1.2846220553335357,0.0
-9.650214970939965,-9.652717283900884,3.0
8.124665705862348,-2.6750331427959733,3.0
-3.134019739390272,-3.5299592328695546,1.0
-2.112872506491435,1.8766429775638098,0.0
8.549402334437527,-5.945998328733331,0.0
-4.38195325917174,-0.14294034265171263,1.0
4.637316261420581,-2.5867855950476715,0.0
8.10559302184112,9.658511097272601,1.0
-4.485934937298528,6.30705316792702,3.0
-7.6781933919736485,-9.04434616253578,3.0
4.272856945995407,-2.196478313540511,0.0
-3.617322284988081,-0.3178960049156121,1.0
9.87366717831264,-3.8219192884857893,3.0
-4.593330265573286,8.755834835653125,3.0
-4.29407900930393,4.136539988141818,0.0
2.7895411079685157,1.2613438236539274,3.0
0.23340217021299026,9.985983531764266,2.0
-7.8155214797387496,-6.497473699010163,3.0
5.378104282285797,1.203409087231277,2.0
0.9774424155875252,7.451157080894632,2.0
-7.574579539831072,-9.998937565925614,3.0
5.271370590580148,8.37486023650603,1.0
6.786489670274783,-2.2257838337462648,3.0
5.64612770087294,0.6379099993973565,2.0
-6.342628460398108,4.535755888391012,1.0
-4.419641975304556,3.6576154980485143,0.0
-0.8466024470133089,-5.636771894496102,2.0
7.942558726746348,-0.09881891404868348,3.0
-7.693102423220186,5.72065040176202,0.0
-1.7390167741177045,-8.817527340101572,2.0
7.685724994861314,-6.616789775864122,0.0
7.443561339637132,7.030595845295203,1.0
-0.1110020972807888,-6.876462473194103,2.0
6.331689269046294,7.776586486373901,1.0
-9.443131000745685,-8.940322465545938,3.0
-3.5871450186948888,5.390987405010701,3.0
8.388366312010653,2.2248815396257697,2.0
-1.5055169908989523,7.618113689711443,3.0
0.25155592710514796,-3.5420878652763204,0.0
3.607833789417711,1.5459049945852694,3.0
-6.367535510496978,8.198186720644529,0.0
-5.818749139484655,-1.713075085638236,2.0
-3.192184749895521,6.086547846034964,3.0
5.651309503434472,1.8736779771078442,2.0
-4.660770838773609,4.041239372690523,0.0
9.659862743003629,9.709841776784806,1.0
-7.147049827886958,-1.0355546970172789,2.0
9.511895739330953,0.41284917300589186,2.0
-9.201307903133308,9.055942796229253,0.0
-7.010167005068347,-0.6481981615857144,2.0
-4.476922626486313,-5.728384370260717,2.0
-5.339956743081553,2.736540602237291,1.0
-2.1972638984907666,1.4356315008489844,0.0
-4.579707913339874,0.8354176882837621,0.0
-8.771456689213583,-6.073570525046756,3.0
8.255187021552114,-1.1833601213027123,3.0
3.4577443015167617,-3.2178435610039884,0.0
3.06686713168628,7.5465048090054125,2.0
-8.397131087465922,-3.35284047289623,2.0
2.323845681995989,-4.729000820142588,0.0
-5.059908957005277,4.855691153837597,1.0
-4.215378155566332,-3.4289980951384313,1.0
-5.842750640018579,7.626632820255818,0.0
4.974005334223264,-2.2567875388703325,0.0
-2.1099322938593446,1.3969624394511975,0.0
-4.74432516005386,2.021358840878067,0.0
-4.897675126591414,-4.300930195173973,1.0
-1.238542907260598,2.853097077264586,0.0
-6.323004284921749,-5.66077956922112,3.0
-6.964485755722672,-2.9149038911759284,2.0
-6.737776712633552,1.395179511625205,1.0
-9.251288628314276,7.338766419691932,0.0
2.946945695694952,4.738344844005802,3.0
-2.6564309142187836,3.473295628809897,0.0
-2.2583582773349136,-0.3078884481139923,1.0
-5.069520036326718,-3.480290526005458,2.0
7.902700629358389,7.841703512435522,1.0
6.998963670566059,0.2633389080814261,2.0
-6.7048410152961395,7.27276615970003,0.0
-5.82411357002937,2.5832612393250454,1.0
-9.355172714116641,-3.0773014538597643,2.0
-7.91687389505908,-7.895284364562416,3.0
2.398107484399919,2.751857436460071,3.0
0.0001627488004185551,-8.267029869966871,1.0
-8.22741392624245,-7.24025052067419,3.0
1.745688302159225,8.675609465890869,2.0
4.648439676698473,9.934812456351118,2.0
-4.918249064179518,7.447768339607517,3.0
4.4661430930979265,-0.4958487735160215,0.0
5.147866667384404,-6.189495031300716,0.0
8.292465494752626,-4.362312269803182,3.0
-3.121189721926223,-4.772208404154814,1.0
-2.8643748507648414,3.210436079434217,0.0
-5.966821415184573,6.3631070589910514,0.0
3.7163434470397476,4.929062780413119,3.0
-2.489273824833731,-8.006955352882745,2.0
-7.13115552567869,-9.158426913899769,3.0
9.139953212749045,1.7780469830279966,2.0
-2.0582660024706563,-0.12188705727851357,1.0
9.739018206539146,-0.2001110332550411,3.0
-3.30955833627195,-5.358020216161381,2.0
6.562124734088886,-6.438659276829379,0.0
7.739032845456698,2.0913171610809016,2.0
-9.766927553797837,2.5832889034090467,1.0
6.6239950595678145,0.2798149524145508,2.0
5.345576356121015,3.701462453938298,2.0
-2.292992928509248,4.580380903662228,0.0
-2.120942453775749,2.9170884973517968,0.0
-4.737339116820028,5.99579575199181,3.0
4.858082237089896,-9.044161954362714,1.0
-0.5269368125261504,1.7150883876441831,0.0
3.344853321133524,1.989045676589738,3.0
-0.007661563121372339,-8.474329922065497,2.0
3.261381707388802,-1.3943270672987076,0.0
4.22486767691931,6.762752709223619,2.0
-2.8019384900655853,-3.7179073882112545,1.0
-4.644841390828949,2.8584810871512154,0.0
0.23450115047886122,7.429568515763798,2.0
-4.718731724954404,6.43471610453518,3.0
-2.795985022614298,5.586660902298561,3.0
7.909245119938902,-5.770158644857202,0.0
-6.0798546215475895,-0.3850936774139253,2.0
4.0177131170583955,3.4756548707501604,3.0
-6.418437450842582,-2.7945678415061215,2.0
6.712238841600044,-0.9531277789153769,3.0
7.949407144336295,6.418614199429076,1.0
-4.510152841354554,-5.811242698698442,2.0
8.889069267258062,5.58962090865176,1.0
9.137798374249037,4.601192930025789,2.0
6.159560839264074,-4.338224610848524,3.0
0.21420260995903462,-0.15346118674009368,0.0
4.988775637343769,6.134831306188037,2.0
-3.2357396669965066,8.92276041422457,3.0
-2.981521162593477,-2.9585637415751513,1.0
1.6981574309359804,-9.73124015706638,1.0
-6.623239795856044,3.270046464522686,1.0
2.305963109695206,-7.0112413153591575,1.0
-8.156043985671474,0.30803738863651375,1.0
0.6157787654346301,2.210170836606304,3.0
4.295578493525863,-3.8407908571633094,0.0
5.874843633718736,8.028050315723462,1.0
4.657195761837848,-2.1436600551852614,0.0
-6.664018706344843,-4.554299750069781,2.0
-6.8462205499161115,0.26116194883770305,1.0
9.959117334593074,3.6371777181091236,2.0
6.0108497596107675,-5.8096890560572305,0.0
-9.169944645151975,1.1347325020895642,1.0
5.492149748102937,2.118380685060311,2.0
8.755151810960704,-2.249499742615222,3.0
-6.162383410312393,7.062061419870481,0.0
5.440490998517456,-9.847743301766709,0.0
8.756718363942255,-5.805283909687549,0.0
5.088021273750803,4.507387709294306,2.0
5.214163212561049,-4.7019975587563785,3.0
-9.310859632920423,7.173778611553189,0.0
6.384994968862838,-0.1842802328821147,3.0
-6.342681895207525,4.5847940131268246,1.0
6.845299974376122,2.475919731460749,2.0
2.8895064679221676,-1.7889111006573444,0.0
1.6719449939447184,9.853012243937886,2.0
-7.382468093902677,1.2989893551320577,1.0
-1.875045414044564,6.846426108164895,3.0
-8.499773599235471,6.682925752852601,0.0
-1.7435214110213124,7.9950964720680595,3.0
5.011456976406894,9.392883395563278,1.0
-2.901598600035509,6.3449049639623425,3.0
-2.453082724334939,-5.803510762281395,2.0
-1.572428372145346,4.178219590742218,0.0
5.907459431329684,7.323264401583614,1.0
4.590812907825425,-1.0664049770916506,0.0
-0.32156863628458154,9.510823688876215,3.0
8.042354840010365,-8.32027731156787,0.0
-8.275701953860377,4.021200256968495,1.0
-5.83670690035609,-9.195939315259146,3.0
1.5791004897335004,-3.082923558738237,0.0
-2.8875991661183553,-2.5209580647543888,1.0
1.4396447275332172,-5.4319792156128255,1.0
-3.4560886794603825,8.927543511399946,3.0
-0.7697227475939421,-5.295644513405979,2.0
0.3636750649402245,4.222630441282876,3.0
1.7514203102072443,0.8513450700861647,3.0
0.163996716005526,3.62860200212687,3.0
7.588161199984135,-2.7178105484371917,3.0
1.1212454136992616,-5.445933917494505,1.0
1.469859271051261,-2.69422951614656,0.0
1.657219007050033,-8.618341812675519,1.0
-9.631109829304139,-8.607904129229043,3.0
8.106137065310193,-8.781196340131284,0.0
4.709352476287357,8.521139684471773,2.0
-9.868476849306562,-1.7520799329600294,2.0
-0.8723476992259656,2.0075779578789366,0.0
5.5857153097125085,2.0642479988154,2.0
-8.33205945419563,-9.042774614374894,3.0
-8.066963457543908,-4.224583579737735,2.0
-6.540418288862748,2.1381749733103135,1.0
4.133146036371153,6.352202736165566,2.0
-0.7142545977283881,-2.780079095199291,1.0
-8.608007329401826,-1.6431920690720307,2.0
-5.682044189214035,5.711184465921814,0.0
9.416311144791372,-1.945500679458906,3.0
2.441990413271366,-0.2544657844761904,0.0
-3.435057800425609,-6.93740855200409,2.0
-2.4098894472455523,2.2032199165253488,0.0
-4.6801666470074155,6.196615022749125,3.0
-8.823701472446832,-9.91153643844238,3.0
2.9433868207266745,3.0901521205413864,3.0
3.3464346859374494,-9.698110625689651,1.0
-9.87783699625112,-0.34073098789403033,2.0
-7.480526309827596,1.4161056267627643,1.0
-3.777013981276321,4.836906542978046,0.0
-8.4222449025779,-1.1629299211362092,2.0
9.043018805655475,-7.4788672204277145,0.0
1.0188124718828977,4.654802725420282,3.0
-7.777723113234163,9.677932276960295,0.0
-7.579621216056031,-3.1407437383988546,2.0
6.170174344635868,-6.084836871374262,0.0
2.847195275448982,5.059228003850759,2.0
-0.6751293627438848,-0.16359115858758955,1.0
8.56286891769486,4.107463266774502,2.0
6.120483974970167,8.847493216148163,1.0
4.852084993221064,2.4338575523645023,3.0
-6.486345769416843,-3.85757372824187,2.0
3.2870658868695735,-5.050116106690488,1.0
5.690928964723929,2.849304680197264,2.0
7.7236361809861585,7.138701040538521,1.0
-7.664239557123604,-6.372532579412267,3.0
-3.5154840496809054,4.623151781290499,0.0
-0.17439441456219562,6.3519759326002045,3.0
-1.8274621271254254,1.410766800639692,0.0
0.3985706290602238,8.401450835531069,2.0
0.6995712591291969,5.910216121115008,2.0
-1.77002273329013,2.866152848699894,0.0
-8.074936009889107,5.042837752674465,0.0
3.743028036547562,-2.7816616066595508,3.0
-6.520036405162166,8.56814849182452,3.0
-4.731800049770747,6.4778819401053696,0.0
-0.1533951176351227,9.110605904419376,0.0
-3.1169247085369527,4.825724518754422,3.0
-9.849265035538835,-5.350128920831223,0.0
5.553585172931658,1.5177841938827719,1.0
-6.234362210401918,-2.965030041358972,1.0
-0.01716556497841637,1.972385714450315,3.0
-3.4385252705396097,-9.309921064283252,1.0
6.4987489014552295,3.9885979265041964,1.0
6.66005475554277,1.709376589772953,1.0
-9.892806875834593,6.077109298152887,3.0
-1.357871165465113,-5.875894690917276,1.0
4.348401742074241,6.298942549931436,1.0
5.171855821809146,2.029644940894828,1.0
1.156166164503814,-0.08252022912213341,3.0
6.082083384209415,5.777864333524789,2.0
7.634437662522171,3.678501341551897,1.0
1.5974355774262161,1.9773051731302953,0.0
-4.830951826850411,-3.5893054353578657,2.0
4.138544786915556,-2.7416403695706792,3.0
8.049582530767466,-3.516426998526172,0.0
-6.822293532853667,-7.4821639179024135,0.0
-6.665803416552518,0.593984233978869,2.0
6.0248804649589545,-0.3300357577598234,0.0
9.373545885210895,3.2598617584150684,1.0
0.6282458338694106,-8.820915872236741,2.0
3.586407553493247,-4.825373725179638,3.0
7.228265753335467,-8.544369270280223,3.0
-2.0712500747232676,-2.087645057069114,2.0
4.627789601468848,8.382778218156488,1.0
8.27999539204588,-1.7983865755388262,0.0
-7.803612007282872,-4.12192263038971,1.0
-5.610908087787971,-6.03610485843247,0.0
3.6554523473485023,7.809774136050997,1.0
1.5145703029976794,-4.922434057503285,3.0
-5.654854770357412,4.984950551585207,2.0
-9.925460904211512,0.9611830773085277,2.0
3.970269978037525,-2.941261882599022,3.0
0.9255563331102294,8.797151894049193,1.0
-7.102127295939969,9.855615414892672,3.0
-5.712506593426488,-6.161370213301169,0.0
8.803142365619621,-6.498099734358675,3.0
-6.454713513440817,9.09666326413938,3.0
5.350228780354424,6.003639737506422,2.0
-3.6533610511010366,3.9547904941174785,3.0
-4.455659862391745,-3.597787702499917,2.0
4.053227562729642,-6.226110421408178,2.0
-2.0485414622327225,-2.9575905007270276,2.0
-8.1355395278501,3.881893035725419,2.0
-9.706166242135112,2.6846022593090435,2.0
-7.727504900430311,-2.286993252737961,1.0
3.1426089025403403,-1.9772890698996868,3.0
3.377581334334547,-3.4396292771602717,3.0
-8.240734769417411,3.3330401053271412,2.0
3.2856413920161955,4.915639221124096,0.0
5.628096292191616,6.896214024910922,2.0
8.112039361113727,-1.7706762054199725,0.0
-7.705841417746864,-9.805771819455305,0.0
-1.1800334672595767,9.18366407992076,0.0
-9.30515451652133,2.168607436257151,2.0
-9.540863798716027,9.74525544882081,3.0
7.906268608864867,-2.6769495479426464,0.0
-0.6841095714654237,5.235305813917252,0.0
9.854966110343092,1.559030298584922,1.0
-6.859992786552526,5.539815974502428,3.0
3.425813512556328,-5.392995577852671,2.0
5.829818784302827,-3.97565430562347,0.0
3.7192949119113745,5.692997990719293,1.0
-5.125044389541362,-4.134546740091483,1.0
5.584111662111598,7.028774096831889,2.0
-7.387013885841782,-5.729094690513992,0.0
6.422257551386874,-9.873987505927218,3.0
9.893609791040845,-8.012671196851787,3.0
-9.68358278229883,-6.554620075484234,0.0
0.7296745473963266,2.272212548409101,0.0
3.6563906907092143,-9.503596238020238,2.0
-1.2927606574650436,-4.543677291666157,2.0
5.64793460335572,-4.573135398038923,0.0
4.745453343462424,-9.155926280045442,2.0
-3.2289455932868965,6.9783268500102835,0.0
-9.490134625849155,7.175701538317675,3.0
-0.25645991404962665,3.088272273988288,3.0
-9.376895806869072,4.462471368862268,2.0
6.870957105355181,-4.63181697085759,0.0
8.774203288452412,9.976530144247004,2.0
-4.844718880217378,-4.817607412925455,2.0
-9.239114102458611,-3.626831523665701,1.0
3.8986482806086187,-9.112616675243029,2.0
0.07096643688394266,-4.04196652711482,3.0
-8.269594285098531,-5.029420740382678,0.0
-0.6591267465643913,-3.7210030825657014,2.0
0.8547201557769935,-4.053153662210622,3.0
6.0973506072829196,8.53922675657919,2.0
4.974248505264372,-4.831679137600973,3.0
-2.0558652312010572,-5.098439030575399,1.0
4.464615810808578,-2.4571962058330126,3.0
-5.852592010015694,-6.646975570846125,0.0
8.595048397412853,-6.1246470169784795,3.0
8.563631979884285,7.842501800436462,2.0
4.793802951070884,-0.9436495049654443,3.0
8.202701390535413,8.601295934922788,2.0
-0.9846572923831882,8.586989227718814,0.0
-9.06692483682428,3.237932984726031,2.0
6.2348288816933355,-1.097567867584143,0.0
-1.9599175050170885,3.1787777203039944,3.0
-9.400474111017624,7.43034349866004,3.0
9.52415149783079,8.565189984417447,2.0
-3.9447775573636745,4.709054243157162,3.0
-3.0416820530260225,3.1829697421681242,3.0
1.3356630061853476,-7.921920918942051,2.0
-1.1766277106326317,-2.566550823465466,2.0
1.888566121342608,-1.951395185967801,3.0
-6.488801358206649,-0.5212530080872533,1.0
-6.1156681158199895,-0.9407909562268468,1.0
4.800734900183105,-3.1811505128901407,3.0
8.728775784664418,-9.28681305584316,3.0
1.284208614451746,9.173493822047817,1.0
-3.1177063870577886,-6.563316207387244,1.0
9.028325923505193,-0.3540776482359824,0.0
-9.677166385374376,6.665508389300562,3.0
-8.554571906050132,-5.060633347234134,0.0
-6.65106969065735,7.6398910509436675,3.0
0.06013723516297631,5.357787431006393,1.0
-5.896149821301224,0.7831154103849975,2.0
1.7584197078431778,7.99471361678787,1.0
-5.893365289076522,6.732516954529089,3.0
-2.899522068160369,5.432180743170175,0.0
8.081824519354587,5.66170508854875,2.0
5.025153853203811,-1.8133386975226315,0.0
-6.983836049072454,4.900572753491204,2.0
5.480566132209518,6.397120805608175,2.0
-2.468624585329988,-8.695476594147875,1.0
5.386306823087475,9.903625121978369,2.0
3.4145745674468326,-7.582032582611571,2.0
3.069846753108539,-8.167179329412006,2.0
-6.294809772075061,8.016314248508568,3.0
-3.1404060433896364,-2.6405371293219986,2.0
3.942796204888184,0.9075915747799534,0.0
3.7166411702843565,-0.8857276242662966,3.0
2.1644459779528606,5.20889277014221,1.0
-8.820407058344323,1.0299187412176174,2.0
0.0777324033780662,-6.217363688224252,2.0
4.6452287426250916,2.641873230609498,0.0
-1.8287612937937432,-1.4710011301726027,2.0
7.483623648580998,9.031657575171362,2.0
-1.1726828890216474,-1.002198043662938,2.0
8.131626030812257,-4.652191232181957,0.0
5.313380337093584,-8.337512243943056,3.0
-3.593624365808936,5.354115884003379,0.0
-9.261005008540407,-4.205565790421206,1.0
-0.23662448590702034,9.735131181119424,0.0
9.28286952078967,2.9894024242032486,1.0
-4.238673738220193,-5.719520440454553,1.0
-4.51198170038122,-4.313414506182232,2.0
-5.191658361119142,-7.334093384265685,0.0
-8.232099695801164,-6.93583420002523,0.0
-6.7532530395397465,-5.238232316413198,0.0
-7.480225520540847,-7.754246685547583,0.0
0.9124236953335156,7.551443850136096,1.0
-9.574704032866068,5.953884890433576,3.0
1.224571260282051,2.8592176719563724,0.0
9.81973771751748,-0.013081901878157609,0.0
1.329628967254365,-1.1484772110915475,3.0
9.85626442199439,3.610046339119622,1.0
3.502024156940111,-4.170382560930306,3.0
-4.19729628784411,4.923372555215977,3.0
-6.9050583480058325,-8.465338954799384,0.0
-6.248482365170749,-7.812871401613379,0.0
-1.8224982292571816,-8.785639373355616,1.0
-5.12271535990074,6.158270838555033,3.0
-7.17842290867055,5.761511642112254,3.0
8.111009739403798,-8.350690414130895,3.0
8.172178875844693,4.0024707114274864,1.0
-1.8612443839444897,8.733557508561997,0.0
-2.982766359668984,4.74595964548514,3.0
4.270028863194051,2.8685938577323373,0.0
1.8721709282038042,-7.217831232138046,2.0
6.864502286655036,7.226901308644646,2.0
-2.009673460878652,8.955372897027587,0.0
-9.319003621996085,6.938411294690031,3.0
9.643635490592104,-7.625776459222317,3.0
-0.5062709839941153,-1.54718274506987,2.0
-5.843368760368303,5.330227056013086,3.0
5.79054471697782,0.6459105350306853,1.0
0.2615475729938552,-8.388441199760496,2.0
-3.6321272877883786,0.8578474589061553,3.0
-8.914946818581628,-5.418182149463391,0.0
8.505901732193742,1.3690290610780735,1.0
-2.180410214835222,-8.724358133304337,1.0
0.02522803000855589,-3.5179949098591727,3.0
1.6978806122184213,-0.7237451754485988,3.0
-0.4203832484323087,-2.0727481499811473,2.0
-4.774801145599188,-6.172557338517956,1.0
-3.0382734113593486,1.0126567195809635,3.0
-4.752172766742064,1.357702249102923,3.0
-8.911183282718591,9.526951219657342,3.0
8.134866659878877,8.214871886518686,2.0
-3.161371865673006,-6.287011664090281,1.0
4.84121544806996,-9.575327818857575,2.0
-0.388585230043347,-1.991036481143297,2.0
-0.7422929097288176,5.0907445839820085,0.0
2.698587703893354,1.188600362773581,0.0
-3.3895892919931025,-8.091748908363854,1.0
8.128546056681657,6.020891218116052,2.0
-6.82595332759667,0.8893699350643232,2.0
4.970173529863121,-1.7714053099727636,3.0
0.04138291198304245,1.941461959713891,0.0
0.530696643519109,-3.547116599556988,3.0
9.965683640724667,-1.9019693842943646,0.0
9.251435634371617,3.9665604853749787,1.0
7.386723413287822,-7.14099135882742,3.0
8.860803689389378,-4.45340101454244,0.0
-6.620689574753942,-7.028383812777084,0.0
0.9802607457184092,-9.05248090884643,2.0
-8.994462464224327,3.9349045595548855,2.0
1.861064973538646,9.79532309844727,1.0
3.9082732369548108,4.684000214790419,0.0
6.35781641660488,-9.546209948652958,3.0
0.7576247191133572,1.2821158397217065,0.0
-4.908517870998967,-3.6117735249408494,2.0
2.3219692657603126,-9.285556485785332,2.0
-0.17713723124508007,-3.2955829046853484,2.0
0.9575277944924583,5.061327497578382,1.0
-7.588945950508301,-1.4946222059057241,1.0
1.7338087439735652,-0.43490544182930435,3.0
6.469958726193244,6.331540452027671,2.0
-8.191662058912343,9.396921759879074,3.0
-7.120654699530746,-9.313511580423793,0.0
8.351514137632972,4.593807365690923,1.0
-4.924914074828055,6.467351268119014,0.0
-5.714038999244455,5.749186468523156,3.0
6.45513565012288,4.310723648865357,1.0
-7.300745282695342,5.322393322588486,3.0
-4.269655013947482,-2.4282005791189203,2.0
-2.6144542693033817,-2.8220222597026563,2.0
1.198020251764369,0.7963359198909679,0.0
4.522442033769284,-1.5181927646587585,3.0
-7.534327526180109,-8.091364409845767,0.0
2.4331833993046885,1.0591285771061791,0.0
8.702623181798824,2.0887500280994864,1.0
-9.80937185333829,-4.055496724234738,1.0
-2.7951514302146414,1.1738653282997191,3.0
-3.9765470095493587,4.016213489319965,3.0
7.415463037458462,-1.9775161321972305,0.0
0.5773970747757389,2.5081907000304184,0.0
-0.25040041957337067,4.643733478044004,3.0
5.409604176852195,7.676506044487816,2.0
0.23613779986720118,2.2928034502571677,0.0
-3.910662174419654,-7.301581593955786,1.0
-0.7348582233306828,8.909714473700078,0.0
6.6360681131986325,-0.40883571555238696,0.0
-5.7336017809019495,-4.0303901840227585,1.0
-9.178060375514452,-2.870124475691118,1.0
-3.0712709214052687,2.77398833865343,3.0
0.230305291778226,-6.596458157882095,2.0
6.150188075070911,-5.895729600131963,3.0
-8.378404795002862,1.2338891893435893,2.0
8.620878433566546,1.6125979297409625,1.0
0.917513332462585,6.5240807152643185,1.0
-5.468281412504217,-7.788724190663167,0.0
-9.265837674571294,7.7270171590433065,3.0
2.8122106021651145,5.338192767517329,1.0
-8.150643476288318,9.386226692909034,3.0
-6.035074038175495,-3.0194197998883237,1.0
-0.20253873633230945,7.742535367619919,0.0
5.657977881140541,8.277833576337624,2.0
6.644404881506603,-8.100004632806606,3.0
-3.02394701022531,7.183134482452992,0.0
3.875300898282376,-1.7524383598209248,3.0
-2.9879058497859816,1.8755435813517352,3.0
4.18726894735498,-6.5372195658677335,2.0
7.097313708993177,-4.260968641311312,0.0
-2.9105116951009746,6.826895294306979,0.0
-3.9726019705612003,-5.874493980195352,1.0
-0.42233586873898155,-6.41465754759116,1.0
-2.201319929377938,-9.796218560236747,1.0
2.4317853984204856,7.703928696159771,1.0
-6.403719106327086,8.957214802105888,3.0
-0.967615898055346,-5.943839107422841,1.0
1.1454896023353314,-7.632776274270592,2.0
-6.096070483439804,7.1237043523932755,3.0
1.6130453343643616,-7.830446670636658,2.0
-9.89848252095523,3.815221353355362,2.0
-2.9084757331570383,-3.1727341137138616,2.0
-1.0025457055158054,-2.399527286099743,2.0
-2.8797009282406556,1.0098656711544773,3.0
-2.8394065082889313,-0.852542331715112,2.0
9.505079661283542,-3.8003344318591807,0.0
-0.15426694511017125,-3.430996304955709,2.0
6.356603492618312,4.789830171869758,1.0
7.656814775788185,-8.24899727240313,3.0
3.754604031724753,5.713547231099426,1.0
3.139541746502413,-8.790223433922623,2.0
-3.8901034273862827,-4.326484279558322,2.0
7.079975398213133,-2.430772864261752,0.0
-9.83901768568306,-5.0639446037985225,0.0
0.8079677836552008,4.694640064130828,0.0
3.2007483775653807,-1.0007640081910658,3.0
3.0506615286901493,-3.8761385335875413,3.0
9.858623804928332,-8.898931284999207,3.0
7.144399219780162,-6.57718651633065,3.0
-6.226947081497194,3.5071510447740977,2.0
-4.521442492595438,3.7644359416714543,3.0
4.084473545892433,-2.6401623775427456,3.0
9.151846367074207,-9.097632060401164,3.0
1.2138247197321768,-6.53274994750636,2.0
-5.713380356412543,8.176833067595421,3.0
-7.756733319159488,-9.983685400655322,0.0
5.5512130024789315,-3.3021879796593794,0.0
-6.615053792047625,2.130559656131881,2.0
-0.8248184555225428,5.38313143214857,0.0
-6.4811154772160595,4.123699598632562,2.0
-8.098278828357648,-7.061758600770023,0.0
9.385978653693606,0.8862833197915627,1.0
-0.8704981073010387,-3.4014658498573187,2.0
7.464734728849482,1.4710647588074295,1.0
2.2973547849635096,4.617005463411338,0.0
6.913461856202282,4.0736804741816925,1.0
6.357748012588829,-4.634483131672189,0.0
6.987580242140837,-4.13950418088715,0.0
8.186261333647206,1.1450636223542823,1.0
-3.8517509696706,-0.650076225293299,2.0
1.190135281343883,9.508596922108058,1.0
7.591940329409006,4.837411167904831,1.0
-0.9507922976016658,2.1589985270267515,3.0
1.7911193099042215,-7.378897651557281,2.0
1.5517715586196523,-0.243777126249352,3.0
-7.808196067068113,8.749763026370761,3.0
9.651964944612214,1.7410689107202408,1.0
-3.840957043751441,-6.908656736074783,1.0
-8.422932721499802,-3.5498372422261877,1.0
-6.131828348797958,-6.734403044140427,0.0
-0.6193915297416535,9.803917726518783,0.0
1.0837439636474642,3.2317936180619924,0.0
4.747941951723098,8.660167436341915,1.0
-1.7358514836570365,-0.0997687964195606,2.0
0.09919631969330389,-0.08954644215991436,3.0
-8.636488500881114,4.61763335631445,2.0
-7.60145585077356,7.414334764451752,3.0
4.726701644870008,1.2541538421147553,0.0
8.635107773830676,2.714058227948531,1.0
9.075338821454451,0.45680156269831507,1.0
9.806185016808488,5.464804460120053,2.0
1.6626943249177977,-5.562427401437924,2.0
-4.360443625710451,0.07512682566425788,3.0
4.175186124406888,2.7824001598216554,0.0
-8.812458461769543,-5.624380796243176,0.0
-6.759982558677193,-5.070243964579526,0.0
4.89181798752924,-2.213214640784475,3.0
-2.957163608395355,7.279407621685522,0.0
-6.764139097059417,-7.612599295099791,0.0
1.6316082413893547,6.618040170012009,1.0
-4.111911798003276,2.5282628636007747,3.0
-8.818120789987415,-5.100223211134923,0.0
-9.30776057084556,-1.337971738670456,1.0
2.7066164512212154,4.5466617341456725,0.0
6.231563782441992,0.2128020834183566,1.0
-0.6314283113751209,2.4966523010374964,3.0
-0.6181947144282454,7.8917533049538875,0.0
-1.3366147716666674,-6.6071821451216834,1.0
-2.502387263925659,7.313803010783893,0.0
4.991992333725989,-2.493093498032188,3.0
-1.1693461536387435,-2.836095159182088,2.0
-5.7110313766792125,4.047684318012486,2.0
-1.808180814764988,2.677215504963403,3.0
1.0514655480887303,-5.299835398049691,2.0
3.097679865883517,-7.381033361760858,2.0
2.356073508559465,-3.863998757695337,3.0
9.819584439934793,8.093145469520238,2.0
-6.736648055445982,-6.2667008982892725,0.0
9.400108753592452,-9.241061302126628,3.0
-6.808179173050641,2.6121440970541236,2.0
-4.827847835866721,0.5398850782621789,3.0
-4.870653830415639,4.338322760583221,3.0
2.5502833481321794,-3.416833420347216,3.0
5.19831063769869,4.945202754049465,1.0
-8.769890781689774,-8.088463486425166,0.0
6.998116153881625,-2.7558398207616275,0.0
3.678278942486209,-7.9663287665638975,2.0
-2.176577881024297,4.646282550088767,3.0
5.6949004263207375,3.7750436950181516,1.0
7.222154293894668,4.25140801527694,1.0
3.6297828993227217,-0.8625791841570756,3.0
-4.464227374624885,-6.522867864557242,1.0
-4.289913313021803,-2.964302923890047,2.0
7.281895685407019,2.5838807267497828,1.0
4.733966592943059,-2.2390449647811987,3.0
-4.386297170794375,-3.598783504393765,2.0
8.618735850054456,3.551458928665177,1.0
2.6952646061228673,-6.5441306704134705,2.0
3.529663893654435,-3.425287129874251,3.0
3.408987738372545,3.1299745101083367,0.0
7.656722498587545,8.49211884413213,2.0
0.5933804417115809,1.020157668281973,0.0
4.883040243122581,0.7963607152085075,0.0
-3.437336398406565,-0.6896458902984257,2.0
6.156944844754953,-9.868176173227155,3.0
-6.776434445555797,-6.594626065368006,0.0
5.384361190849523,3.5498728910482065,1.0
2.5315599311250185,-7.579453977649506,2.0
9.722430076041867,-5.132528607604733,3.0
-0.08060127865517508,3.3419830882489165,3.0
6.263067231710149,-2.778069453260228,0.0
-2.3234048284611397,-0.41600921237056454,2.0
-5.628558790131882,-7.559153998724202,0.0
0.4704444820207634,3.9802495627924657,0.0
0.8371519303718458,-5.573994685334574,2.0
6.07421545136442,-9.362371917889934,3.0
-1.0758396209592505,2.0265407062459655,3.0
-5.2521829208036745,4.480947286014544,2.0
-8.907177110950677,-8.541169878871784,0.0
-0.6259227345300751,-6.331389947588313,1.0
2.042394674241283,7.517097671912708,1.0
-7.44202299767033,-8.483129111472271,0.0
8.37517606892185,6.244237086859588,2.0
8.909631199234685,-5.777796670746822,3.0
7.856800580898067,-9.011249757894301,3.0
0.12005161750963467,9.555030611844273,1.0
9.395516519036697,5.805952422470506,2.0
4.479711665387606,-8.113734531526084,2.0
-4.6015961145901185,-6.529703833040468,1.0
9.546469066967141,0.7755940826007048,1.0
9.739235982331266,9.666195216872072,2.0
0.8107668657089544,-8.497897895436338,2.0
8.006455927497932,1.2018158857819188,1.0
2.7704738419549066,-7.3752436303016005,2.0
-5.8809709379015995,-2.046550912911398,1.0
-5.147436011071265,-6.672868186198297,0.0
6.579367465579995,-9.002886496535377,3.0
4.359462730912991,-0.5379211687474097,3.0
7.1111844305541325,-6.545675827787112,3.0
-0.9287338401375713,-4.246491556936944,2.0
-4.989541223751621,0.9218827138516001,3.0
-3.0916755914156013,-9.46450406476706,1.0
-4.932486964889604,-2.2224443324598493,2.0
-1.53515589309821,2.299934269149958,3.0
3.7930486704311335,-0.4060401749297764,3.0
0.41101077607402736,-7.381882932264439,2.0
7.066044584629601,0.9361244742418773,1.0
2.904789653845935,-1.2965475728115905,3.0
3.336292557429811,-5.446227560566119,2.0
3.5821767288448374,-7.5267467778608115,2.0
-4.767590843475739,6.516365343749477,0.0
-0.1165890058988861,9.668662313718649,0.0
2.0219529735625983,5.904210016323228,1.0
1.0854309221161724,6.2955366293968815,1.0
4.765381718141295,-9.105994374731853,2.0
1.9217225096976165,1.434991390741203,0.0
0.9183721923403194,5.810371327881931,1.0
-0.07713172412680258,1.1029242219833417,3.0
-7.308781104682556,-4.739506110046719,1.0
0.05031693383955549,3.515150300262741,0.0
3.939849208777977,0.9745135045058078,0.0
6.098658531461467,-7.306973415078206,3.0
-9.446229301412183,1.7045325918351555,2.0
-1.1982878622473692,-6.881549638394439,1.0
-3.0009758316916413,7.529000589142008,0.0
5.925593851785285,6.210015862277054,2.0
2.386279413655812,3.1634835012200657,0.0
9.63524710581654,-2.135787661739319,0.0
3.1117935793067737,-7.7923955456909155,2.0
0.4745577500754834,1.4370712180092404,0.0
-4.140246342445204,5.008057877413734,0.0
-6.0411042600999565,-4.441279865008026,1.0
-4.617486837476495,8.948340678339985,0.0
-5.408586515450466,9.355308044565785,3.0
-7.096151671399122,7.183054194786678,3.0
-3.8712748267541723,-2.055500606719227,2.0
-7.971609055736229,1.3845846780768607,2.0
1.15735385744372,-2.9989476105652635,3.0
-3.960845068389311,-4.074765748588611,2.0
-5.317373519068429,5.009750676963623,3.0
-4.953766090069118,-8.441885976414303,1.0
4.717144814460582,1.8413367665537166,0.0
-3.467811123599276,8.197041950266996,0.0
3.819975650554495,-4.950760077190863,3.0
-5.6714686125159535,-7.956086360721645,0.0
-8.304959699575814,5.453102472608723,3.0
-6.200859746890551,-9.963511584904259,0.0
9.701665920765969,-3.3633444276016373,0.0
9.330432617359847,-1.5023733132316828,0.0
3.6302440315887363,6.605368457158079,1.0
6.005867451795382,5.989468216186385,2.0
3.817904899968074,2.996017958935475,0.0
-2.896055317628747,-9.986970113544674,1.0
1.5415812599805694,8.325833196576735,1.0
-3.4547300442179907,7.22561344912118,0.0
6.128227432043541,6.176757751829413,2.0
-2.983868078720575,-8.454073220867555,1.0
1.3324697899123947,-6.592254294435658,2.0
-8.526054493558465,-0.5498343491331461,1.0
1.7155591018573428,-7.447130265708861,2.0
-5.163766600498474,7.38073431113391,3.0
-9.419225487381432,6.353138303335168,3.0
4.716282245296046,-7.866982771536057,2.0
-8.832282561065119,7.3462954199613115,3.0
3.1221528659301505,-5.97871287463647,2.0
7.8131774296216605,8.969177199625808,2.0
3.120489443059359,7.343010240513422,1.0
-6.90678390900108,-3.671398539700961,1.0
-0.9667287820879018,7.5328978839982454,0.0
-9.749868224918977,8.937492061072689,3.0
-4.300331427407896,-6.985436301818833,1.0
-5.784621327295163,-3.6932878564073395,1.0
-1.8856909808047195,-4.126736893296965,2.0
-2.810050291406019,-3.038952085067219,2.0
0.4781101097643603,8.024754975918881,1.0
8.931841448044228,8.876240865614346,2.0
-6.975982704681862,3.621312213301575,2.0
4.1658637788959325,-2.6415847100550245,3.0
9.221486950280237,4.208498976207268,1.0
3.9243855929786893,-9.478068964571385,2.0
-1.008761161697949,3.749107429278542,3.0
2.3597105027005014,7.831164837740619,1.0
-7.070352573386711,6.3630970632940205,3.0
-9.279756749588312,-6.337719749357015,0.0
9.995537315859753,4.810565898919336,1.0
5.2354958420242355,1.2506087225614557,1.0
-5.117915921365124,2.640807070183925,2.0
5.366024473762398,9.172208130724638,2.0
9.781744397971238,-2.791757484777813,0.0
2.5115753119627744,3.131995276310537,0.0
-8.52127701954268,-1.4125718615491962,1.0
5.201101354837,-3.2933451827344307,0.0
-1.3291077205723685,-8.159915325689855,1.0
-3.5921281263660347,-5.241041473917523,1.0
-1.9026267803619241,-5.661244600976847,1.0
5.36663185361488,5.811008687461962,2.0
5.179600081779094,-0.5414421520491519,0.0
-6.164228258394471,-9.677938447449542,0.0
-9.453755333232529,-5.669437378003912,0.0
-5.99993615943502,-6.666098026233314,0.0
-0.6626828737956725,-5.651556826538114,1.0
-0.9024414190895023,8.591214059064598,0.0
7.806986980120254,-5.231728429047921,3.0
-3.0572100579609014,-2.148936611949286,2.0
2.7898533816532343,-1.6450754446967046,3.0
-7.42763242488647,-6.893573003780482,0.0
-9.130587208965624,-4.598283408014643,1.0
-2.622812797440746,1.960271490389685,3.0
-3.9017210757881626,-1.324942996120992,2.0
2.1603499065049405,-7.6428193496044035,2.0
-6.657147037652084,6.606655557781963,3.0
4.728132840794661,8.126786183945413,1.0
-0.23379281177445144,-2.538283733365196,2.0
9.399538874336866,8.211781125793124,2.0
0.5560847833168996,-7.36969640506449,2.0
8.341610778088583,8.142684219450928,2.0
-5.417783014448949,2.73828700211598,2.0
5.478433637838343,-7.417466370689361,3.0
1.6604351861489075,-5.2211144202305455,2.0
5.632693790024934,2.6110990292538787,1.0
-5.366166776902704,6.649656570395734,3.0
9.88750309159066,-0.12679648189330983,0.0
0.7482442847382593,7.45154772306163,1.0
4.7813626604816974,9.011278334729298,1.0
-0.6712930196705802,-3.982285693445135,2.0
7.269982812913014,0.8337858440108903,1.0
3.216283754365435,-8.832205377647922,2.0
8.042534928268843,0.4404361077833645,1.0
8.561833191999114,-2.6715449797126434,0.0
-2.9712719181384317,1.3022740320189659,3.0
-4.7881446246191235,8.977385816612102,0.0
-8.736105225464668,6.486407063551972,3.0
6.444170021205522,-8.873065487606063,3.0
-8.563290542467092,1.8090795298427231,2.0
6.322587134131062,-0.26011306464355144,0.0
6.776329561360097,1.0695901386569098,1.0
-7.709693025248305,8.014573577775991,3.0
5.6557888998455255,7.618951660575995,2.0
9.097790963633944,-3.9625528411066586,0.0
-1.608285462493857,-9.752229929742352,1.0
4.316306925379571,-4.964903126994975,3.0
4.520618784552234,0.07603909037481493,0.0
5.492145729451924,-4.4680062825870825,0.0
3.6171796744238556,-6.485496832550616,2.0
-1.4476604700321278,-0.9262653367606362,2.0
6.156098661811381,-9.085088927749112,3.0
7.092709937555686,0.3774169707116606,1.0
0.7863516321802759,6.6578852530036485,1.0
-9.48494176017453,4.429250388736287,2.0
3.8086437344875748,0.8474580238107698,0.0
-7.4852777621673,-1.7036595725090269,1.0
-6.671024616730592,1.4916948682857942,2.0
-7.151606203740997,-2.2030970987333447,1.0
-4.382845752964705,1.1626483481592444,3.0
5.787356969117461,3.57908068606468,1.0
6.3337874948926185,9.262826399434221,2.0
-8.036315085561554,-1.1585410559149985,1.0
-6.931736448091701,-1.1177406406638823,1.0
4.185398355468511,7.5134308161663625,1.0
8.228534833775395,6.449275602039531,2.0
-2.0594454716361543,-5.145479737750622,1.0
1.9177474059509905,-5.419416824193998,2.0
-5.1309230228615625,4.245852848127287,2.0
3.1610121290057087,-7.522901296927325,2.0
6.300156202857892,-8.537042287601738,3.0
0.7225945770496267,1.173772289938972,0.0
8.12008042545278,7.208324996469834,2.0
9.035931410091177,-6.804530276804823,3.0
1.3707643453998326,-8.408790742485275,2.0
2.1262024549497216,1.3549443380162636,0.0
-8.793821711394047,2.6551799254382686,2.0
-6.273013192057526,3.265091270113958,2.0
1.8512765599061503,3.651526141996424,0.0
3.767484944164588,-9.64651090363578,2.0
9.511892037411926,-0.7055564928283449,0.0
-3.003966305041807,4.674533787272178,3.0
6.588925309782539,3.861546029079875,1.0
1.8735173993855767,4.155975976765195,0.0
9.066150854106759,0.508894627428667,1.0
-1.3870151225790561,9.782361181279224,0.0
2.8191351407783323,8.125174976597165,1.0
4.605461216754518,5.61675364792751,1.0
-5.418731950665229,0.055000677357814,2.0
-9.766284246272253,-6.091119348990947,0.0
-9.403968361494826,5.285843362378152,3.0
-3.6168254335603685,2.8416691794235955,3.0
5.134920111249617,-9.918515079778222,3.0
6.078235059317297,-9.681128371250745,3.0
0.5032993715440632,-2.4232559232405615,3.0
5.395244221943017,-8.900315749465491,3.0
-3.8433751901963698,-1.2883919497774325,2.0
-4.195934277780633,-5.395032095151732,1.0
7.969161620387748,9.95597735362086,2.0
6.197717128551872,0.8713857082829932,1.0
5.86726859868058,3.7754460686737836,1.0
4.17328009227133,9.68751005720145,1.0
4.013160506756105,7.741793609692088,1.0
7.9173258754472755,-6.742092439900144,3.0
-8.979225199824807,-3.035853898125305,1.0
-0.7141598567015315,-3.8529646087707015,2.0
-2.9992336470076957,1.3744033570858445,3.0
-2.620996855041911,-3.794110180619386,2.0
8.101842494485986,-3.118510450672318,0.0
4.949031626649846,2.4693387271751117,0.0
-6.8332086032082735,-9.337546468750705,0.0
2.5199816048878105,8.411662126349292,1.0
-6.569803585388887,1.2735312104122105,2.0
9.849822807977617,6.504480453484433,2.0
-7.52724242412218,2.598506883582086,2.0
2.116009988266237,-7.295573794012451,2.0
-0.4856317343503527,-2.9985495378345783,2.0
-0.3527904381396745,-0.14473856609453328,2.0
5.016045089145557,3.203019263056486,1.0
8.118357306632653,-0.43257169545663743,0.0
-4.429789337071228,4.548995851780207,3.0
-0.02993530818193335,7.114778980643212,0.0
-4.920106288173438,1.5886202295866543,3.0
-0.15705548992245966,1.1604160255942446,3.0
4.961100131043938,-7.015853015473503,2.0
5.708886621405014,-4.105562611795084,0.0
4.239980942081061,-8.821291789687844,2.0
-7.699781775465889,-6.973306721971899,0.0
4.355808784923546,-4.910809488237664,3.0
8.356889276979452,-0.847962626979939,0.0
-5.347219871879192,7.7813365222806965,3.0
-8.972558466103049,-1.77080017916313,1.0
4.30918915633068,-5.9343104027509845,2.0
2.7853981887446544,6.0590917461759055,1.0
1.300191789512839,7.878754641172748,1.0
-9.363909176085347,2.829431105244227,2.0
2.3451461537726193,7.083905926092111,1.0
-7.811759777350275,-5.7393744364707295,0.0
-0.16550322963168895,5.7237725153537315,0.0
-3.8668832818417043,-0.15543903440247142,2.0
-1.5919510275352913,2.7612918664364052,3.0
7.950585652726335,4.556103872376017,1.0
-1.8667236336141073,1.7645586188852374,3.0
4.232032814963123,0.9495590402851022,0.0
9.43102131993967,-2.150571469425044,0.0
-1.4727314103308675,-3.4967801688003197,2.0
-9.080918935684398,-6.720452127063153,0.0
-1.7687995955907674,8.943159879055415,0.0
4.090487833473954,5.718626958904842,1.0
5.984704084437411,3.763493744788587,1.0
6.205299146287846,9.650844888903812,2.0
0.1902400082894644,9.310181220362946,1.0
-7.254763776042985,2.5437381090554094,2.0
-9.66885565540913,-6.98673256447087,0.0
-6.611887151025531,-7.044214021074926,0.0
9.812971833477743,8.621955582247619,2.0
-3.1403927845776654,8.180529464411826,0.0
7.156781661003251,3.747213049688673,1.0
-6.455075886022565,4.794005358002355,2.0
-0.973693330081522,1.9880722647863216,3.0
-7.595200533389066,9.222697586264403,3.0
-3.0014775514331156,-0.1737934414460245,2.0
7.018701798549969,7.413598235644368,2.0
-2.7126592889960826,-5.428945412465134,1.0
-4.582107484522673,0.9433129782460785,3.0
9.158097425729082,-3.504571394904861,0.0
-0.2790140964429533,2.377029571975477,3.0
7.1111010650451725,7.859896080263486,2.0
-8.869535863624096,8.597739175902262,3.0
4.5703960787706315,-5.6216551958958405,2.0
-4.191144791285484,-9.070395217186963,1.0
-9.90494000044851,-0.9070187089997823,1.0
4.428069040941105,7.968388305317905,1.0
-5.441722278999707,1.916063368461307,2.0
6.220894805951389,8.360160313089768,2.0
-9.723338377052965,-8.616009185161733,0.0
-0.9764264746474876,4.5391892416562705,3.0
-8.780212002856064,-8.18820061997849,0.0
9.958205824390717,2.2507721298623924,1.0
4.68607434253747,-0.6170787859563802,3.0
8.214424097521757,9.81929055157093,2.0
4.227334629039564,-2.804837504607627,3.0
-0.42011720762390325,-6.311507492743487,1.0
6.522329429235469,5.931763035246551,2.0
-0.9333349270846121,-0.5030693400935071,2.0
-7.474796946621989,-9.792204802437096,0.0
3.9518469715756073,9.573645608492281,1.0
-4.91592335147605,9.706309262133427,0.0
5.420545448819837,7.451197158097042,2.0
4.7272180394065515,-1.996846251370414,3.0
-5.590839421839289,-2.4679633532232303,1.0
9.979212504248515,-1.7739008304781052,0.0
-2.4009412215325483,-8.166451904381633,1.0
-4.615448055680753,6.4349194450821265,0.0
-6.181909451034784,-3.0887126333897914,1.0
6.184573209322362,8.898564698969913,2.0
8.653141502235297,-3.524698011644693,0.0
2.8655400894046874,4.967704143859015,0.0
4.632150823728921,-9.493062918264798,2.0
2.2777581883580424,-9.267435095998508,2.0
-4.334635501553503,-7.662256188834602,1.0
-5.09467759422656,-4.698954146365519,1.0
-6.519615567503243,-0.6533751549103002,1.0
-1.363339236708427,2.007747932012986,3.0
0.02624400695816753,6.990586771523322,1.0
6.503257153803041,-1.633333775895336,0.0
-7.407099965416368,1.142293307577738,2.0
9.1312262771566,9.293270454284905,2.0
9.218087243701362,1.3872585007642702,1.0
4.163958232341983,7.0334518029094895,1.0
-4.316698915079749,-2.927225169982286,2.0
-7.237383933903441,-8.253076866676,0.0
-4.628042085410375,5.2872023256071365,0.0
6.879685031379733,-2.869387977571332,0.0
2.8166703901295964,6.080769341967912,1.0
1.6803457481703692,2.2244717957030797,0.0
-1.8015362675302455,-8.195119547533773,1.0
-6.1801860579924845,3.1040254442156616,2.0
8.371140946446115,7.63341828322044,2.0
-0.915212093124742,6.247073493323082,0.0
1.9238783273848163,-3.9776409087603763,3.0
4.066444939589761,3.374650791929948,0.0
-4.256520049730071,4.252299588393875,3.0
-0.7296410496034298,6.473452919578879,0.0
-7.891789036052064,-1.5583639890565237,1.0
4.526871916051711,-2.9171564389653604,3.0
-1.0862411793935163,-5.471686263484104,1.0
-0.058813823001024446,9.704608762974122,0.0
9.526596621046455,-1.2113111928132234,0.0
-0.915576222557906,-8.695266506911349,1.0
8.07635894957161,-5.371061596083553,3.0
-2.392357204441624,-2.4799288527328294,2.0
5.059897439394254,-4.170711459165415,0.0
-8.168951179800043,6.537049394129102,3.0
7.449848795915074,1.0119971804958077,1.0
-0.13657680307302478,-5.689908002156017,1.0
3.590861008383012,9.175770282665027,1.0
-2.4420961449296907,-6.079235909790297,1.0
-5.596975663157087,7.769599828908717,3.0
-2.678937003835218,-9.600993375044872,1.0
-0.3446993497081312,-3.2917059767516665,2.0
0.8527206867427122,-4.3077630559594615,3.0
-9.490144608404023,4.213416604707888,2.0
-2.3314138773142057,-4.984385280992805,2.0
-4.001552644843627,-7.739393891500073,1.0
-5.786088626933042,3.4393764375519567,2.0
2.202771506782568,-9.209157492003307,2.0
3.7159100813581087,-9.903675019278017,2.0
4.878845840382542,3.2348664334710175,0.0
-5.292434879010608,2.7704926025679626,2.0
9.46349310377881,-7.774852547648326,3.0
4.55516778271722,-9.714032945382343,2.0
2.411631178971458,-8.339987624676644,2.0
6.996912730507283,6.119851534108797,2.0
-6.711926618304577,-8.683339257806521,0.0
-9.763784479900856,2.007156351612915,2.0
-3.5334517640495573,-3.6341286943413653,2.0
9.940748404982315,-2.089371909419244,0.0
8.700417203048591,3.2283660730053487,1.0
4.650952617442536,7.4433085102781575,1.0
7.707986089526834,3.6839950318587444,1.0
2.5479720347933643,-9.254095191553855,2.0
-6.8911973244894025,-8.499600564228729,0.0
-9.61448012470845,8.563758248164927,3.0
5.298949656792971,-1.0140469250235569,0.0
-9.654177710606668,-3.0626697982366675,1.0
-6.362317973078186,0.471095380624444,2.0
-5.32018953155932,-9.746177230408431,0.0
-1.0013336855734405,-9.171312784843092,1.0
-5.687610038342806,5.60718690499562,3.0
5.548164710489431,1.6206441279988422,1.0
-9.487289305101903,-6.070439374504286,0.0
3.2607434490710645,-1.638697247630411,3.0
-4.29559917032919,5.492483241235712,0.0
4.764422410302732,-6.8149226903346865,2.0
4.377302623316776,-1.9843967529899302,3.0
-5.8929587809805035,-7.333461840860758,0.0
-4.3516212845619755,0.25821161585540153,3.0
-1.251994296108606,-1.783067788042306,2.0
6.585993020050868,1.3251910628318324,1.0
0.3328523310889757,-2.8876441649405997,3.0
7.365130224787116,0.8580667757778002,1.0
-1.981884706183326,-8.019047694652917,1.0
-8.566794913430558,9.38915483749502,3.0
7.653072096587561,-5.813347979420245,3.0
2.0971605484749887,9.164611366593476,1.0
8.83266141966487,-8.744447558279358,3.0
6.54388421993437,1.4494281114767738,1.0
4.744739493863118,5.568516612086814,1.0
6.862749910997287,-9.087289647982129,3.0
6.198343800491134,4.760371458276001,1.0
0.35030394021868716,8.249721695056326,1.0
-3.753197687620262,0.03449493834319739,3.0
-4.324305835206161,9.559525592689155,0.0
4.651916427227224,-3.4942286058700027,3.0
4.283899613200806,-8.22552547225544,2.0
-2.3852327573200878,5.5832576048898535,0.0
-9.237337665481014,0.5440420879112438,2.0
-9.759437418230771,2.0125661701498956,2.0
0.39370737810980216,8.178207664017776,1.0
-6.307378083795749,6.335994808071018,3.0
-9.196335146605257,-6.591486645235332,0.0
7.207866124277075,-4.4580828531105094,0.0
4.772462979252886,-1.8607465115559823,3.0
-1.7812638553247044,4.876857139965473,3.0
2.630273425236606,8.743349102248292,1.0
1.6639936008412768,-8.167581137425778,2.0
7.3969955419134585,4.423823296899849,1.0
-2.6492702481186647,-6.545595482171295,1.0
4.173764757027108,9.882972952041463,1.0
-1.66900610464468,9.875702320298586,0.0
6.7814887604648,-1.5589103601941865,0.0
6.0535268245018905,1.4815789142651337,1.0
-7.499190226837094,-5.423733804869155,0.0
4.133450311149488,-6.555344150466631,2.0
2.2471427829470425,7.044951659140281,1.0
-1.5810446346341323,4.745045912625418,3.0
7.923161584784278,-4.223145798247938,0.0
9.17273205730514,-3.5267772083700972,0.0
-9.475695957632627,3.9952312856367644,2.0
-4.1889498294993714,-6.341894982895376,1.0
-4.767897046074562,-5.4901044335866995,1.0
7.561981335877519,6.661858399544013,2.0
-9.972389082139014,9.821231262368041,3.0
6.140734448123336,0.012663808136483823,1.0
3.412709551544971,-9.71535541533726,2.0
-0.6343650227057793,7.441585634215034,0.0
6.795228991931207,3.362357920117031,1.0
-0.570172447429842,-2.75735690869608,2.0
7.174501952692484,6.756454808229265,2.0
2.6418001761361865,6.286984805417134,1.0
1.2165898646061795,6.1648817307861705,1.0
0.9684820970204715,-6.26767698609372,2.0
-7.5761147466242695,-3.707322639688206,1.0
4.4501862634905915,3.064058211150357,0.0
-5.220755511430881,-7.362982535800164,0.0
-6.308077078500514,3.801966717332995,2.0
-2.031319939864593,1.6347502336402382,3.0
2.3690268347271797,7.742368737858058,1.0
-5.693624054043571,-4.81593531867913,1.0
-9.018340303306157,0.8612006960197967,2.0
-1.4601504911624943,-1.8059411627832596,2.0
-2.8275733988468366,2.0304231430265034,3.0
-4.245237637969375,-5.026062285241178,1.0
3.3745345112662726,-3.704310600798535,3.0
-0.14233843344242558,8.568797512697554,0.0
-6.162848830169936,-0.8133689047420276,1.0
-3.5537167286950417,-1.4908591122435482,2.0
-8.08510389902948,-6.779858333254771,0.0
6.49647050962394,-3.459258261278764,0.0
1.0047121887921726,8.343985182644726,1.0
9.837183273604712,7.460063004845146,2.0
-1.8897411391983034,-6.317727406871894,1.0
7.323901730401992,-4.695819523898647,0.0
-6.049744354461744,1.4229327683895594,2.0
-7.2121332164621155,8.639886354550217,3.0
6.834452329984163,0.631690610080323,1.0
-3.022976997608593,2.71671116264927,3.0
-0.4907587223441965,-4.143227671178691,2.0
8.04891789576542,-5.190884459471481,3.0
-1.0458135271991758,3.605118419627189,3.0
-1.8036398535953975,0.7207370452309707,3.0
1.2885134447094977,1.400471146143346,0.0
9.2565523886161,9.875253085898258,2.0
1.7431683239882751,-0.45234070238406865,3.0
8.48463235833789,-3.832122649810925,0.0
-6.51208232021901,-1.352738471627152,1.0
3.4574617890098587,-1.593956755652819,3.0
7.350207271117654,-1.08354997909575,0.0
5.991934062720398,2.964125118748875,1.0
6.942032694247086,2.3194902227257774,1.0
5.8519938162234695,9.250985068838006,2.0
9.74159079398651,9.786457270731152,2.0
-7.139901580958357,3.5293883818967267,2.0
1.1934921734034187,-1.5177639555650693,3.0
5.366048140609212,-6.1143583087834585,3.0
-8.96815786075573,-9.762735000496725,0.0
-8.171159941404495,-3.3691462990508247,1.0
6.438081806071054,9.134155264713371,2.0
-3.345128305773999,-2.480905638504158,2.0
3.691964309151949,-8.714861600257644,2.0
-1.4910537384456575,2.7873153604716716,3.0
-1.2180341305477072,8.181360707855212,0.0
7.303502535167336,5.446765216384835,2.0
9.378211178631307,-4.123337286530113,0.0
-6.742765174823928,-6.990557020798496,0.0
-2.027228348558296,0.49629476614577683,3.0
-4.752510856626488,0.917924194497834,3.0
-6.6568377290722625,2.7786086504976115,2.0
9.197652010620946,-3.665433840461258,0.0
6.01590191932587,5.703658863704948,2.0
-7.584229831412621,-7.130339744952774,0.0
9.198723511334428,0.9101177992847518,1.0
7.386452474070072,2.146309408389076,1.0
-0.8262263177217495,-8.060971171243274,1.0
0.44492870171414367,-9.0499519729061,2.0
-7.098830941863854,7.113494477860286,3.0
1.1021331220296116,0.11191503466021047,0.0
3.6410178037348615,3.9042190975516426,0.0
5.3864920670885965,9.083431337461544,2.0
-3.0759945327984317,-1.2865269571583315,2.0
7.696548022884503,-1.2020696551339043,0.0
6.340382687760496,-5.519305502801888,3.0
6.752954915468749,6.462304311720576,2.0
2.6487096747302825,8.931213588690717,1.0
-2.5630192712134425,-8.235729233621944,1.0
-8.33027387340538,0.6518833081039066,2.0
-1.6509364704878298,-5.280999337998262,1.0
-4.724967572707759,-6.713980460151658,1.0
0.7604374848609741,4.824552245907054,0.0
7.450753639308722,-3.6570715054367504,0.0
-5.52687787671823,-0.9194891241595222,1.0
1.2752232039581983,-6.9520835252883995,2.0
-5.792465734508738,-9.252140557715204,0.0
2.729789480296649,-2.7397307109369207,3.0
-5.01428568385986,-5.161875556562934,0.0
9.983690810848767,3.1544482920008914,1.0
8.131093423533123,7.271070831347629,2.0
-5.5791768984469625,5.10148347156594,3.0
-3.8216018567709735,5.4520279423774625,0.0
-3.137801041349448,3.0693483465391935,3.0
-2.0297043820374183,-2.783571554939579,2.0
1.479581316779349,1.944093333069425,0.0
1.489318403895334,1.0074264185194757,0.0
9.008291802895027,-9.29402461840117,3.0
2.7463897170391043,3.184056833776763,0.0
-7.484259150808121,8.218668185145365,3.0
6.704889615121115,-3.2261940961377134,0.0
2.8229476453841595,3.8284754499782387,0.0
9.715705545161704,-1.7658940573778494,0.0
-7.309406480334301,9.982307387517391,3.0
7.667908825037781,7.977521297140552,2.0
-2.1632164811865255,4.8360793072172115,3.0
-4.109899777459278,5.892633089276828,0.0
-5.878549049064825,3.86830252118852,2.0
9.681773107597223,-3.763820204727919,0.0
4.021446608326995,8.292643126334433,1.0
-0.33052224514626793,2.6890310056340248,3.0
0.9436021989289394,7.347883317065687,1.0
1.4049839704219895,4.703623120184643,0.0
1.306400058757573,4.190499455920216,0.0
-6.328313525167699,7.833462856928261,3.0
7.850920825875761,-4.147703644970684,0.0
-6.397034319603161,-9.240570399665204,0.0
-5.2994852779541946,0.9953166906951942,2.0
-2.8754993022878317,-5.600152137942671,1.0
1.386908437800198,5.864783366660138,1.0
-8.153760980658769,-4.172960324728803,1.0
0.4890870422418132,9.317090471637336,1.0
9.482737648607518,-8.972722809620517,3.0
-7.727445671202389,1.3884160472150846,2.0
-3.2861633215731807,2.3213959773319193,3.0
-0.9783064567485056,-3.6692319944670615,2.0
0.5522947247418202,9.05458608828485,1.0
3.5951406541015487,7.881855736606084,1.0
-3.136154512218152,-0.6690383154336121,2.0
4.178895126033256,6.457690655166864,1.0
-5.246600130310433,3.545631470998723,2.0
3.4421206783096547,4.2645357978776826,0.0
1.7852888024610252,-0.03126129883192874,3.0
0.6040220521852024,9.287042484290037,1.0
1.7943107539844263,-5.380830286177822,2.0
5.765994549210287,6.345655299885692,2.0
-8.979511688913416,9.781909901803882,3.0
-2.6921283298394023,-2.3811028034792603,2.0
-6.205541725434749,-7.495359533931431,0.0
-8.428459112684452,-8.3288680523191,0.0
9.45582244840352,9.292187600369644,2.0
9.931194299245842,4.740336919015238,1.0
-2.155709305425817,-8.891092330239996,1.0
7.204436767235389,7.026799130357681,2.0
1.535545562359209,7.353975063097252,1.0
-8.017483700998183,-4.5487139614037435,1.0
4.908439841224245,-5.6152799113205365,2.0
-5.059518142198192,-5.378325925888808,0.0
-7.425502028832649,-0.49740702408842097,1.0
-2.135534343508678,2.391808733841348,3.0
-2.1331705425935876,7.56641428496501,0.0
5.279215109298892,7.73068131370351,2.0
-1.7081073843889811,0.9630800274852351,3.0
1.5230664217562122,8.255657231256478,1.0
0.7406069725105979,5.396477271519473,1.0
-6.322680539796912,-7.66189027719107,0.0
6.395916512579035,-5.5502388069800475,3.0
5.991963875284208,2.641305064673693,1.0
-8.40085473085072,-2.1821415050405886,1.0
-2.698704724319507,5.946165941737096,0.0
1.6074586730568736,-5.507734221007579,2.0
7.7194496193296125,3.977687982962834,1.0
1.9745296953445628,-0.30502642851095096,3.0
-6.508005243133277,6.216836210267029,3.0
2.094774198862787,-4.228714148530699,3.0
5.013090286284754,-4.358162717387022,0.0
9.560707038586852,4.6370776963383165,1.0
-7.467207481736189,-3.770638648193967,1.0
-1.7497845909686802,-8.344575280514903,1.0
-6.072000246866171,5.157175706981629,3.0
1.8033569548209964,1.7721273294179234,0.0
7.213834065156192,-2.051727183912,0.0
6.349920880149739,-3.1852943355133707,0.0
1.781658162285499,-1.608262223920331,3.0
7.090409624200834,3.283148792408472,1.0
-7.82973551734039,-1.535243926224389,1.0
-9.147135197134906,1.9948689147561964,2.0
-6.898956712248081,3.7526864683379753,2.0
1.7268154117097652,5.592714053425889,1.0
2.35667295217028,-5.109017227404713,2.0
-0.2277518008080719,-6.833689469484375,1.0
-5.971831307329394,-6.52229288576041,0.0
-9.092636370518468,1.6307314877639474,2.0
-6.672834833448453,2.6324314277466456,2.0
-4.30081175726214,-2.1206369851060654,2.0
-4.208975102151475,-0.6556025575701305,2.0
-8.340388600412396,7.3678530288002335,3.0
6.239672251690802,-4.2057291445009355,0.0
-9.417654322192917,-0.08095876121296897,1.0
-4.970124461877603,-9.456507255407136,1.0
-4.421438146424528,-2.6272800659390816,2.0
-5.964972538413795,7.676617393475194,3.0
1.1828002389664878,-4.998404029934173,3.0
9.003705019090006,-6.920821570352304,3.0
-7.85418031082004,2.088000050298257,2.0
9.862334039379181,-3.9773125822811783,0.0
8.812767076445542,-4.191696906961788,0.0
-6.322188632029679,-6.408682620160022,0.0
-8.653759854232273,8.11364940508177,3.0
6.483410348619902,-0.4591708925895688,0.0
-9.717080266668837,-4.449719084442356,1.0
-6.51685564133987,-7.653725796503352,0.0
-5.191255043033191,3.3556594341563297,2.0
8.28718082320345,3.468550501460788,1.0
-0.48205658075871227,-6.752376941346679,1.0
8.225422807815907,-2.084860832553373,0.0
-6.1555638108963855,-0.9366191738953251,1.0
-7.033174632337662,0.48786375012999095,2.0
1.0806001209427976,-2.2812107552197025,3.0
3.227313084534064,-7.039515980786213,2.0
9.141528082913904,-3.8202264966010224,0.0
3.5960769060212208,4.039959796192994,0.0
0.6889476726013584,0.24312246685363448,0.0
5.260159062992946,9.033119189131252,2.0
-5.885625879068823,-3.8585450479877226,1.0
-8.441796670616226,6.403241977166733,3.0
3.4436322342366807,5.60730768456744,1.0
-3.5415825998462207,-5.846689482800769,1.0
-0.5011655930860783,1.6292169876185163,3.0
-5.884766716059238,8.514969811231929,3.0
-8.736774771289092,-3.553368143295339,1.0
-4.109222060004938,-5.455440890927903,1.0
-4.4475714092336105,3.0405437093988255,3.0
9.10913349508441,-5.494171125931757,3.0
-8.55973900301603,-5.974244979631647,0.0
3.94710055265843,9.377121614279854,1.0
-5.608586129893489,-9.712636378264003,0.0
-5.621634364730026,5.637504551500731,3.0
-6.07356198618747,3.016145630153609,2.0
-7.68411280185989,-2.1381613211087958,1.0
-9.508301475411605,-4.265142808603342,1.0
9.006534368247078,-8.175336447673622,3.0
6.356152959905238,-4.3520289115199855,0.0
0.08037441399222978,1.7493627972082226,0.0
8.35892022335926,3.1802176645103923,1.0
-1.2603292534134791,0.18280442421042586,3.0
-0.34555412587881484,-5.16105828663834,1.0
9.876811485905716,8.844926409756212,2.0
3.4339688892240794,5.7233186125636575,1.0
2.5376450457122335,-8.073510848593425,2.0
-0.21678749509370654,0.9873997973571935,3.0
0.7680077413307664,-2.5742564739954465,3.0
5.4192341516025255,3.259575379207405,1.0
6.940392855946683,-8.35375161504844,3.0
-7.823749197383176,-6.959388773348072,0.0
-6.4567391183453875,-5.291565316287374,0.0
6.015245313736536,6.6083929210542465,2.0
-5.472259927671215,-2.3066144453784414,1.0
-8.020511200642524,7.902937231968583,3.0
1.4633778727333855,-0.2904961667933019,3.0
1.6774187283071225,9.862935766180733,1.0
2.5020642182912045,-9.433178000366384,2.0
-3.899955218359457,-7.791183886390678,1.0
3.129605921130551,-2.2101609273193006,3.0
5.2307360402813785,-7.98342410549173,3.0
-0.4711012222271105,-2.888705808046792,2.0
-9.448192848814177,-3.9470078842261973,1.0
-8.885196440557227,7.359280753385516,3.0
-8.514592476684582,2.05623857961816,2.0
-9.096358180767307,0.23704773383495237,2.0
7.948311849163524,6.073488927465075,2.0
5.544766374211834,1.1066962349481742,1.0
7.914178404994434,2.2607659374076015,1.0
-1.2777734552730458,8.034088006858681,0.0
0.4889721911789362,6.318867157544897,1.0
8.950111003435136,-6.21615981446255,3.0
-6.711780491574926,1.1890513557931488,2.0
-7.539117431967163,-4.2733919363451855,1.0
0.8047379982873473,8.308249147104451,1.0
3.013585516312885,0.2043067526697957,0.0
8.577385066619843,-1.6581442821655212,0.0
8.18493867562421,8.953391890235675,2.0
6.0506529488544984,-4.12150333147014,0.0
-4.191047504981715,5.486803975004786,0.0
-2.7155759746905055,4.44161752558394,3.0
-8.900677522130064,-0.8623374598891829,1.0
4.609351928071595,5.377196125120889,1.0
5.074749165711454,-5.18796598337407,3.0
-6.795448790201972,-2.86951340337966,1.0
-1.3960937779352776,1.4512599040368102,3.0
-1.8814665409561435,2.9326876956198777,3.0
-9.90783687970779,-5.12861441532084,0.0
-4.648848610751102,-8.713115540511904,1.0
-4.316716637035283,7.134844625271814,0.0
-7.157811146845421,1.4196573331572697,2.0
8.753279063778763,-9.343949390702624,3.0
9.639620814577771,7.420909387506288,2.0
6.280047367807814,-9.055449363790075,3.0
-6.332205665020341,3.7833990091391083,2.0
2.67281716053337,8.593491486666075,1.0
-6.544739751459683,-8.273635095809626,0.0
7.314121620760577,-8.089691655754123,3.0
-4.272830566228231,8.327063059500425,0.0
2.1511847306988905,5.607019288400977,1.0
-7.602845031851794,8.172470702601004,3.0
-8.656963321025017,4.006571480837259,2.0
2.9763426244519113,0.2087372567743806,0.0
6.534642797951648,1.0913111796323705,1.0
5.030365084312123,6.787532602287655,2.0
-9.410925770993186,-5.8847074282602545,0.0
0.42497214550118834,-7.233241073520336,2.0
8.227019653194695,-3.7909773483723486,0.0
-2.1492078019568206,-7.587147642844741,1.0
8.2895406761996,5.366064454410097,2.0
5.736385190832813,-2.74533598286183,0.0
5.766909506390833,-9.673720855855603,3.0
4.919684406292081,0.6383749803761312,0.0
-7.945821606474858,5.728101350025398,3.0
-4.829998525574339,3.3497830483591855,3.0
5.868222961775871,8.42204685836056,2.0
1.3981918493315746,7.707657153666503,1.0
1.1231927863559754,6.126005169832958,1.0
-7.42852832211867,4.579690534537711,2.0
5.917846483661453,-7.236786464952907,3.0
5.587254025722812,-0.5839398850262825,0.0
-2.7533967757245055,8.317778472757425,0.0
9.396376735945587,-3.589886127775996,0.0
1.7441811740460995,-2.7310708712553584,3.0
5.7831105052151255,-0.6880805869964526,0.0
7.891372380384887,-9.052654983157765,3.0
-5.193497576939851,-2.0732764720135606,1.0
-1.721719317237902,-3.4004687682392927,2.0
3.3651881048281425,8.816634716034535,1.0
3.514982963573818,2.01768432580055,0.0
7.065947018135997,2.402467995470106,1.0
6.7831961844157505,6.083544913577406,2.0
-2.183815701504022,-1.7588949998044754,2.0
-3.8181430517041948,-0.6589624991258276,2.0
9.168380603975741,-8.307144185179068,3.0
-2.6942644821377932,-9.64306755657055,1.0
2.590694906801563,-8.588612320944314,2.0
7.466367596869723,-0.43599066382869545,0.0
9.682816361783445,5.020915671423369,2.0
-0.2920380475045157,6.316781838077755,0.0
5.100255280510247,4.819418602281704,1.0
7.082980240740866,-5.062066549788671,3.0
-9.445201508530424,-1.198695872278197,1.0
-2.6263298460969686,-1.8942554724465115,2.0
4.252128429545811,8.42645172518424,1.0
1.9471363207307313,-6.898342819099465,2.0
0.5569237093796335,1.7398082187083137,0.0
-9.611574142487441,0.8861884383291994,2.0
-5.858310272621647,-7.847726673187035,0.0
8.032333482828157,1.445617962453774,1.0
-1.3359052870080745,0.9047460205627029,3.0
1.127570573801835,3.817859436651961,0.0
3.6550237286064142,-9.322988915946105,2.0
8.04792937641184,1.8104554890711846,1.0
7.580391837941683,8.986221458207499,2.0
5.2627449726296565,9.276397630112704,2.0
-8.106976424231085,0.8127558686810747,2.0
2.997538411941729,-8.495299406157082,2.0
-2.4961821928870798,4.325721508649201,3.0
0.38202159632692023,9.311117931619293,1.0
-8.852514227176567,-8.025663248713034,0.0
6.403211582293217,9.646040892481498,2.0
2.4252859736780774,-2.6025933625793485,3.0
7.88410890508095,4.529054072531562,1.0
-2.4810055120290215,6.351587999376498,0.0
-6.147943147103716,-9.884165215006714,0.0
0.8074705880493571,9.693792749665317,1.0
1.4855540851756395,-2.286253050291438,3.0
-6.992018422469995,5.809629141413172,3.0
-1.1626699596074648,5.231516994517289,0.0
8.484343249116563,3.476568003766637,1.0
2.9042088772855053,6.24725111528727,1.0
-3.664034431638621,7.737577899781375,0.0
1.804498973449265,-4.110758491585393,3.0
-3.113447689578539,0.2048350395979739,3.0
-5.51740007607658,-1.8524043337739755,1.0
-5.49144416478023,-8.561596847297267,0.0
-0.2667701347741058,8.052656398742972,0.0
-8.312970480699267,-6.7445793148750655,0.0
7.886008191699972,5.446386365610316,2.0
-7.3692352951407685,7.127515807649459,3.0
0.39348996666681657,2.2392149512563506,0.0
-4.748870398266842,7.524912745700092,0.0
-4.012944230633599,2.725466303691281,3.0
9.32155172152114,-3.671746055205725,0.0
3.194795541783378,0.2307360012320121,0.0
-2.6792542597555036,3.5393565675168723,3.0
-5.192191325837017,-4.25149054569693,1.0
7.005477616968598,7.457770173139419,2.0
-9.64795432097284,-9.509037902459436,0.0
-1.2853244837063134,8.414776877211828,0.0
9.893144679133588,-9.693071866304525,3.0
-9.279803057392682,5.156649455102283,3.0
-7.878437716006649,-5.769284035634752,0.0
-6.339652433646026,-7.1160148879028,0.0
9.34547152074314,-9.005567472609798,3.0
-9.976557772373393,4.186719739592071,2.0
6.721328636066268,3.639652381270718,1.0
0.5981182148314108,2.4714894923847837,0.0
3.4606631346552703,-5.251454442300929,2.0
-8.330650196818876,-0.4357912565200923,1.0
2.9593658664783646,-8.86688509950352,2.0
6.970151321596106,-9.426196980902768,3.0
-4.218799438408645,6.954258808336846,0.0
-2.770699357209798,-0.48296691567987615,2.0
9.246506237621404,-3.171597406320399,0.0
-4.085852367166469,0.9984443737666631,3.0
9.664283918652895,-6.382077395073531,3.0
5.015915432670202,2.6487212717426303,1.0
5.331701985012813,-4.477417189030424,0.0
1.1895871441511137,-1.882663129884028,3.0
-5.691546812383958,-6.567538678125622,0.0
-7.913567933330398,-6.880733710674334,0.0
-5.007100429984897,1.7820566468424808,2.0
5.493217987893644,3.5980917190712525,1.0
7.9249543839903716,-0.9403722377129426,0.0
7.037478640299156,9.043973975170509,2.0
-5.67101612908141,-6.4284031332835205,0.0
-6.263458882981034,-5.756643803567942,0.0
-2.4377326589003934,6.741952396178302,0.0
6.27937832288675,2.1339412548534415,1.0
-4.794174511726745,-0.4353102894520653,2.0
-1.1378650538524937,7.66083727194934,0.0
2.2984517832044222,7.342722524236404,1.0
-9.116027041578672,-4.780817698419111,1.0
7.457451703565063,-3.0794678733377534,0.0
2.5807769749032854,-3.960107575012577,3.0
-6.712238066847787,2.9129894490297907,2.0
-3.3152904502042606,-1.6526105501893404,2.0
7.441250026488007,0.5430477631280866,1.0
5.732585170182052,0.2262668113985491,1.0
7.513231554338642,7.943809651768564,2.0
4.014830860579721,1.4224669064995865,0.0
9.550950935420687,1.9928182814279456,1.0
-7.847112700510921,9.909861073808052,3.0
-5.169652662680448,3.8283853625843527,2.0
-8.067765487161115,-2.128197511074732,1.0
9.44870827961521,7.170531733311243,2.0
-4.049272466322291,5.756306257284091,0.0
-4.197169649259271,-4.021033745304672,2.0
-7.562693890389049,-8.921844144438628,0.0
-1.0133476820112879,3.80774494900259,3.0
-0.041768053673742145,1.4837935324628777,3.0
8.138194002624761,-0.8713635378239495,0.0
-9.930229047483392,-8.457170958652096,0.0
6.7850125804715375,5.2494141169188815,2.0
-2.523219687427458,-4.290909848224351,2.0
8.33168214558215,2.4074129099886257,1.0
5.0078448166452905,-4.93931373492301,0.0
-7.305737155671503,9.265267860488237,3.0
-5.957256621771039,-8.20100322584632,0.0
4.607778713043373,4.017036105038754,0.0
9.38472050232997,1.0961790430111087,1.0
-5.609411186739395,8.01325448939749,3.0
8.66803428370681,-2.6602787943176542,0.0
-3.904835194570979,-3.517876674388109,2.0
-8.474445124134993,-7.271557575103955,0.0
-5.3309173853400615,1.7857319065737833,2.0
-9.21110001928578,-8.820054527699403,0.0
-8.521929374585115,-2.896795094263447,1.0
-6.063808736361502,-3.1196755339706677,1.0
5.435128097412003,2.6638016294336015,1.0
-5.339666942771199,-0.08673535310444613,1.0
-8.18280208585399,-5.013957802571063,0.0
8.966801441861456,-5.230804909404236,3.0
-5.10529104291968,3.2475023088444246,2.0
3.492759228237773,-0.5288176336754429,3.0
-3.1766532977622663,-1.339919769929521,2.0
9.495746867588089,7.334985229510199,2.0
8.985865249626226,-6.3245714248121665,3.0
3.824418197950539,-6.741442573808754,2.0
7.7033839542833356,8.69136436189326,2.0
-2.0262929204026587,-7.635525776397811,1.0
2.959065913704677,-5.351604715203835,2.0
4.542053446837649,-8.414071041441352,2.0
5.26529980237164,8.771230030845164,2.0
2.8564203723854913,-9.860279060342535,2.0
7.60846806205992,5.7768576807203775,2.0
-5.696297879839561,4.958541017273127,2.0
7.427083377125424,-5.81445173677297,3.0
-9.38523973018042,-9.533784077324478,0.0
7.567064077864206,5.153488436289459,2.0
0.7518692469312889,-6.3327242684638545,2.0
-1.4953230832615212,-8.060088163139252,1.0
-7.393054633571325,-6.704614776529249,0.0
-9.8207894037256,8.292128703448686,3.0
3.173260015028397,-6.188711284063066,2.0
8.9382797856899,4.542833370658673,1.0
8.507901665421265,-4.25972821016736,0.0
1.490600010826551,-8.876702591331496,2.0
3.509089543670177,0.9845398882868377,0.0
4.640613527032972,-0.3099206003327346,3.0
-9.66065743871551,7.781872289503177,3.0
7.855817162610343,7.444699716333297,2.0
6.181468517463394,-4.971219477330042,0.0
-2.1191245786162227,-2.3432100076092732,2.0
-9.821495192890792,4.184613811679812,2.0
7.803722160178566,9.136690697172106,2.0
-3.554784610688384,-4.560422654397771,2.0
-9.433596217758344,4.079689788162675,2.0
-7.211779852998319,-6.897160267083031,0.0
5.9423421843994095,7.192441970492638,2.0
4.67824730502616,-1.220918686634299,3.0
4.627615193583718,6.686290403596928,1.0
3.5897344388180645,3.9389665935690523,0.0
-6.174529274706559,-7.478318443127996,0.0
-2.570531046975306,5.379258182463682,0.0
-2.697002427725545,0.1850776039520099,3.0
-4.613856690653407,4.0024230002170835,3.0
6.560351106292504,-0.36321196799384836,0.0
-5.3035330717272045,-5.54087325499752,0.0
-1.4678375279540212,-6.144649462143916,1.0
8.606378533641571,-2.375484584481258,0.0
5.513926870715039,-9.383711991413195,3.0
-2.9049169028374493,-7.549648801089408,1.0
-4.371743990969357,-2.4422675684375843,2.0
-7.054519370481776,-1.526408176276492,1.0
-9.61555411040373,-8.432921647536373,0.0
-5.291703506277361,-0.5618630254448362,1.0
9.998311869444816,6.010142996328952,2.0
4.165752259582936,6.5101472550349655,1.0
6.194311648506073,6.218161787391782,2.0
8.741482829785287,5.108554419817384,2.0
1.3455739431299172,-0.6412880113042512,3.0
7.059928758894827,-7.587265541897308,3.0
3.6022912445622257,5.89396629740293,1.0
-5.675694957860267,2.935393320631217,2.0
-8.781324322004076,0.45215477931128945,2.0
-7.861586689641054,-6.163924589666339,0.0
-5.651221931584372,-8.20401361780001,0.0
7.683343058445992,2.276351188697724,1.0
2.7210676163468825,2.2523199707335912,0.0
-1.8706603432531637,-5.986744658989316,1.0
0.8746839957304626,9.20792869693702,1.0
4.512410236595191,2.5407540626550293,0.0
8.300841575328747,2.720311750342235,1.0
-7.07026206833879,-7.562206528448108,0.0
-6.7512308667549075,-9.47707638749051,0.0
-8.705409841395543,4.552934706020649,2.0
4.1595876777155,-1.0054457568063526,3.0
0.6082661023059277,7.878883384340384,1.0
6.612638675453969,-4.002008762268567,0.0
2.514861517861087,-0.9607614344039312,3.0
0.030916387418804092,8.879366046300447,1.0
4.069232517200385,7.903830835854759,1.0
6.394435500128335,4.861488360361646,1.0
7.427180366543013,-7.9588713949663354,3.0
-8.41836976065525,4.404209215105626,2.0
-5.329451250132831,1.693717351667921,2.0
3.511585184521893,3.6800868745529804,0.0
-5.576740360938697,-4.056458798192326,1.0
9.17380733193992,5.363358752462414,2.0
-7.1592269833482565,-5.292506688947767,0.0
3.820679215942784,-4.079270133044393,3.0
-5.364212646885937,7.218729399849856,3.0
8.423008478597431,-0.6226949581733425,0.0
1.2556433789642458,0.7013288591161153,0.0
-4.211553180626555,-3.0719392173837257,2.0
0.0965293198327366,-7.3708068230638695,2.0
8.369832056752951,-7.563851662279795,3.0
5.062394548674584,7.369043010181883,2.0
-0.013325870650879423,6.118481516572725,0.0
-7.7977530115238896,5.73150805533758,3.0
-7.7410603575729375,-7.8498624696182855,0.0
-8.84322269445503,-5.1241333826790925,0.0
-1.6032206621782752,2.2796337230953707,3.0
-7.536499711422162,-5.17861255451499,0.0
4.062830352260455,9.326712072932203,1.0
9.60776697177051,-2.2626000936415043,0.0
-1.3322976948692684,4.347459845588306,3.0
9.578256695211834,-6.167331170357957,3.0
-6.966443850620481,-2.843772018514934,1.0
-3.973895299454771,5.16391713385822,0.0
7.502650120650312,-2.38558748998096,0.0
3.4060939960985124,-5.968802110677918,2.0
1.9903046341385977,4.398747064338924,0.0
-0.639901047034801,-8.074847347131875,1.0
1.85043353895459,7.2020725945532185,1.0
-1.0229431947376337,5.150886074057048,0.0
-6.345739454682475,-5.782102019761462,0.0
-8.758451302277933,-6.816132239747916,0.0
1.86898849054983,0.3453857233989126,0.0
-2.276646264798292,-3.3821457046440813,2.0
3.7359492577896365,-7.1986656856120845,2.0
-3.306489986690824,-3.897240993271751,2.0
-2.825238394311496,6.5865550671178,0.0
1.0482600385701986,6.025486795984584,1.0
8.24099233016312,-0.5107363153229656,0.0
8.131253801142854,9.555891546322151,2.0
3.271674749973217,5.242301155266089,1.0
0.44565875309227465,-3.278784008742564,3.0
5.322000652573724,8.182081661215815,2.0
9.73151451488176,6.921858534630026,2.0
-2.4867316917295508,5.465375724987911,0.0
1.3197205931998095,-5.753119494607828,2.0
-4.161347536148288,0.7267071988399731,3.0
1.9899142253022575,-2.576718136138945,3.0
-9.343836385012628,9.395819999713314,3.0
-1.3567631036337922,4.203608316066575,3.0
9.263314543707924,4.346799906876843,1.0
-5.859420449858397,3.944039627749998,2.0
6.3853353985034325,-1.2078663512953405,0.0
3.7712459645079495,0.6552129702743432,0.0
-1.0410416264998439,0.09505322480514522,3.0
-4.430718402902032,8.447966249072387,0.0
-6.023022364386206,8.339011314506763,3.0
-7.350727291311001,5.088923321419587,3.0
9.711421428285139,3.204941763793199,1.0
-7.990814378027348,1.7079901423948112,2.0
-4.926018388955036,8.739350434954751,0.0
0.36899720779824285,8.556150778344936,1.0
-3.8095771687765456,-7.3949324435328245,1.0
-1.380736348702868,7.059223449993052,0.0
-0.7765365462110445,-1.9099840764537035,2.0
4.2160347384902135,-4.209651190195533,3.0
-8.880760896193872,-9.54589004843964,0.0
1.7057001196734145,1.5230299944754488,0.0
6.926681558918254,-0.5126145251856364,0.0
3.1314165087467227,8.65597848828855,1.0
2.0342833180815596,-9.280375412713662,2.0
-6.1593909306977395,-4.391024100372181,1.0
-7.580038980194921,2.7307853083947826,2.0
-1.6654579475009292,-4.473131419706611,2.0
0.7712110031426569,0.1496174288927321,0.0
-3.399563152322358,-3.650832829163379,2.0
-4.062870543024668,7.155840405473594,0.0
8.814623494600632,-6.45499955467354,3.0
-0.7675166344940578,5.484923906562711,0.0
-7.751469509064699,-7.714070216759799,0.0
-5.934124968958221,3.3263814803559164,2.0
-2.3155982642982487,-8.234441302678235,1.0
3.0349787017569785,7.359826630131316,1.0
-9.431796261079981,9.490096228609623,3.0
6.245776141521951,-7.0150625261760595,3.0
-6.406732705945604,-8.356888939418257,0.0
9.177478927443161,-1.6144258271272989,0.0
-1.948459779315602,-1.1480116368811988,2.0
6.470837366053491,-3.362164168683899,0.0
9.282907091234307,-2.5112232540697477,0.0
3.1960434872296766,5.570807007897958,1.0
-1.9832515577657688,-7.197474475250294,1.0
-1.0738305796614416,8.59853230898183,0.0
-3.488566440859615,-0.8214935529697698,2.0
-4.139396941365088,5.299566523985291,0.0
-8.1170599364847,1.1281730489386472,2.0
5.401170419266517,-4.0672116604051345,0.0
5.493254667234046,-8.77378642965406,3.0
-0.005468404102078495,-2.6139518124147205,2.0
7.596357952306487,-6.884491424628494,3.0
0.5028792154776713,9.370564488028933,1.0
-3.6818652307457844,6.016107865193103,0.0
4.4426306877010635,2.9325537769883816,0.0
6.586307256018127,-2.692700520798166,0.0
5.261424513566093,9.283136423650348,2.0
7.240933960906368,6.038010476323269,2.0
6.098088248995843,-8.803622861398456,3.0
5.368784069189012,-5.931430192712568,3.0
5.283601315771628,-5.84348382320202,3.0
0.5187287291192177,6.605982149285776,1.0
8.0403919394467,8.329525221082747,2.0
9.878598015414607,-1.6379888482624523,0.0
5.976045874401528,-9.061282655971137,3.0
5.346954903587076,3.7239419395864797,1.0
2.5482968361441145,9.067167503409937,1.0
-7.235737870043371,3.026557412360111,2.0
-9.586031171555563,-5.835816384204968,0.0
-2.3950330944735114,3.0896700731437594,3.0
-8.47683561769703,-0.4261548846475982,1.0
1.4158891629073942,-6.704070126041001,2.0
-9.808463944186501,-6.977824638538797,0.0
-1.519995965825185,7.881410517044664,0.0
3.0677391342100826,-0.433204767557811,3.0
-5.095397560749094,-0.515881611750963,1.0
0.6531517414171333,2.7432267524031513,0.0
-7.446979473523219,8.96121001432266,3.0
-4.676056230786722,4.466625352555425,3.0
-5.525459287015715,-6.15816886285788,0.0
3.585246420696297,8.23480762391953,1.0
-6.515656413569588,-0.46343630502252253,1.0
3.115986992715774,6.3069954577233,1.0
-8.248495312049602,-6.634947026974711,0.0
-8.542747405559496,8.283463574013126,3.0
2.8845172724360957,-0.2206346511822801,3.0
-3.3933334362575396,-8.65254371073483,1.0
5.719221820079801,7.284046240424701,2.0
-7.467690902706776,-8.760809400876646,0.0
7.8772794759885585,1.6778106885183028,1.0
-5.573851589538692,-4.650583204568559,1.0
2.1962944494735037,-3.695496862975105,3.0
-4.884860023618643,-5.067170440568665,1.0
4.98476394885108,4.847873499990907,0.0
5.387837568510607,5.388185819266244,2.0
5.938246471393914,9.033363308910037,2.0
-1.7777819269072825,-9.52225140905492,1.0
2.0565205465577634,8.75015103372683,1.0
8.093829094835282,8.815546022083897,2.0
-9.303530719695065,1.4254712713982887,2.0
5.7725960418827,-9.921446117042287,3.0
8.089765370166361,1.75240477074329,1.0
0.46725959220513325,9.03043667062219,1.0
-2.8693011607828156,0.7049428186376883,3.0
1.5893533680822287,5.319825026100972,1.0
7.787000735336946,-5.814398043702691,3.0
-2.831545724930975,-4.43440018677655,2.0
-3.434337770719525,9.848420702001718,0.0
-9.857606214342631,1.9015610523405435,2.0
8.10237805106948,-1.534708132639901,0.0
6.038614916044061,-1.026386743552285,0.0
-4.523652100594971,7.246393271241828,0.0
-7.475200773166389,-8.360695045856053,0.0
2.764987672311989,-5.171701236328648,2.0
-6.183294030270949,-1.3383473936849484,1.0
-9.744310043908726,-5.697716611289019,0.0
3.496644480705644,4.293108685723103,0.0
2.816267595927995,0.6798361543919427,0.0
-6.002870274359388,1.2735565431283558,2.0
3.9073354437706946,-0.44639549918399624,3.0
-5.0631105087151145,1.5497900720844608,2.0
-4.742050003964913,-9.093893100387316,1.0
8.823132120783509,-9.324666023424458,3.0
-9.245648448199674,2.8599333564656817,2.0
7.2830884802278995,-4.1011025965461245,0.0
-1.673188276533356,3.768269602596847,3.0
6.201712334435953,-7.848216048689888,3.0
-2.2453076051911136,-5.668802081011501,1.0
5.930742219837988,2.010365503497324,1.0
-5.632045918542525,1.965364926484554,2.0
6.282232363723725,-7.592152654349245,3.0
0.9645549697770956,-5.308002597746009,2.0
5.361282423561898,-1.6197734674784297,0.0
2.6616000671989593,-2.814847722318703,3.0
-7.101933510321183,2.003253743436499,2.0
9.54029044705273,0.4164047019943595,1.0
-6.667204167967988,0.8958958336301954,2.0
-9.267573725816279,2.039722680479292,2.0
-4.796097082564583,1.9043256012928715,3.0
5.81969700309029,5.260628012582529,2.0
-1.1138459518082655,4.0932373081031415,3.0
-9.660051956631042,6.516816389106804,3.0
-8.192687920726584,-9.606910594749225,0.0
3.2843473793601614,8.483551912012622,1.0
6.042379728861739,7.772624413803108,2.0
8.177629790171157,-6.68427396208174,3.0
1.2495891864162427,8.361305931060304,1.0
-8.655092137381565,-5.5886342445119075,0.0
-9.674789612951326,8.855015247228625,3.0
6.007482489263051,8.96098678481069,2.0
-5.203985180300994,1.302323776229775,2.0
4.257333866846679,-1.131003478820924,3.0
8.363109500556533,5.22740229115124,2.0
-4.050832073969657,5.533768904721331,0.0
7.3754520215897585,-9.543912532835403,3.0
-6.96848774472441,-0.34473569822102235,1.0
-2.415763133877955,6.649881060315298,0.0
-2.494032308464689,1.319111397922395,3.0
-1.2094053680697119,5.708533525817378,0.0
9.80470145096519,4.978220823592547,1.0
-0.28275231546507307,7.235067731754931,0.0
-5.10176756201756,-7.339720779212497,0.0
-5.857533208995274,6.2380468114294665,3.0
9.120320190731796,1.3501244010626845,1.0
4.058941667567755,-5.124405667402881,2.0
-2.3950763274282183,-9.063049992443604,1.0
-4.627282833863584,4.397926311329343,3.0
-3.611966747271101,7.376163247117095,0.0
9.081737647850627,-7.833435409958116,3.0
9.227807408306901,8.778330271990846,2.0
3.9917307835946687,-2.1080923504281035,3.0
8.938265725671762,-6.194355487793302,3.0
5.205785330949173,5.365548702620153,2.0
-3.478009053734759,-1.8516250396688108,2.0
3.5512883268778097,-0.6087297443693256,3.0
-4.031833292414726,8.917126774587327,0.0
2.0405794226742238,3.874618631795258,0.0
-6.571377651517714,5.933785397560445,3.0
2.047329369925361,-3.6822052981342797,3.0
7.595200874256712,-9.737205697674693,3.0
0.3387785349448009,-3.4297160184142257,3.0
-0.8240232326110366,-7.572609527306899,1.0
-0.6542408580587118,-1.1012358818753007,2.0
-0.25846214516948685,-5.68156029814155,1.0
-4.991615925159123,1.2032055484320345,3.0
0.9349587088163229,-9.791853936452533,2.0
8.569192429372702,-4.8518685988113175,0.0
-2.1802817452912704,1.3645178685865815,3.0
-0.6952105886790516,7.906803839435376,0.0
4.395167311683938,-0.09106875972854667,3.0
9.947861447503062,-6.2854906983606185,3.0
-6.879963867139169,6.816512960034412,3.0
2.8939693890944618,-3.604924708296844,3.0
9.290745507347111,1.1981588038661872,1.0
-5.291039782555053,-5.286890488153202,0.0
-1.362772218858634,7.376140183143374,0.0
3.5098360971848024,9.940059226647083,1.0
7.254251521837286,-0.29482867135522994,0.0
3.8727153829582335,3.125523327233905,0.0
8.774640978933888,-0.40500540558666387,0.0
6.523232976273668,-1.2607000289265535,0.0
-9.936650082721163,-6.130028955000664,0.0
-2.694698274132776,-5.346886332976779,1.0
-9.607371310999348,-9.202102280076332,0.0
3.296770786483483,-4.286891528251282,3.0
9.018327269612794,7.93122884192109,2.0
-3.1834275225827824,1.0022665001197097,3.0
0.6624567355131958,-0.2637859095265931,3.0
-2.6992044168307983,8.170035228505583,0.0
-8.799354618907913,-6.370080214871239,0.0
5.999284562138669,-7.441968836014878,3.0
-5.127052151240859,4.345370009297424,2.0
-5.521598008496953,4.366021566458249,2.0
-5.202713730776063,-4.498949927959948,1.0
-3.7264928755312132,-0.22675018076302678,2.0
6.382878068243695,9.483634463831507,2.0
-4.522221011181955,-9.033674273873837,1.0
-3.6008602107540995,4.237414728030515,3.0
1.458949388647783,-0.49982399074488093,3.0
1.955202321101936,-2.8982554003966694,3.0
9.53392577465652,0.7521876585981566,1.0
5.504476800933599,6.768338415610717,2.0
-9.929677667950683,4.102989835587806,2.0
-9.649849136938567,-9.823465704226264,0.0
-6.5571038960114,6.193316740545978,3.0
-8.12820164488624,7.4269676487160226,3.0
-2.765229979429014,-5.261108558426808,1.0
-4.053992488096851,8.065183819224082,0.0
-3.919358288971468,3.4437781140903994,3.0
-9.868715020863604,2.207418360136515,2.0
-4.012340982451333,0.18888777332236018,3.0
6.375077362969257,-1.9539569193667976,0.0
-0.8473524814112281,-5.893512394196376,1.0
2.909985706272071,6.599169835038847,1.0
6.676180742044828,6.662207459197688,2.0
6.460627193220066,-5.270968664735102,3.0
-2.7632516546936925,8.775974904629994,0.0
-0.1973364915670821,-1.4199054658723433,2.0
-5.027698315593236,9.850717050507363,3.0
-8.829398327444494,-0.2001892415708575,1.0
-8.922288946577217,4.267709593583049,2.0
3.1293186995287154,3.975296698524735,0.0
0.8893689725618721,-7.407685798444749,2.0
-5.732799343941874,-3.5276736917461733,1.0
6.009585344242051,-6.083076462702913,3.0
8.222251257493891,-8.697218464927051,3.0
-9.471452300441472,8.963464624069228,3.0
-5.572787635903003,4.653995464458166,2.0
6.3077825153225255,3.9442158454709464,1.0
5.947285672752539,-6.38559998013859,3.0
-6.66569891783273,6.9701930192240695,3.0
2.6551552900658066,-7.998811886811231,2.0
1.2310972952558359,5.532457813413485,1.0
4.439540632585716,0.9991320783841413,0.0
1.0185676770813465,6.677488340017497,1.0
-6.669044019965336,-2.3570967943688093,1.0
-6.5997601806579915,3.583332378723732,2.0
9.069147655311447,-4.083517531479959,0.0
3.2409332794796537,-1.1442632718499866,3.0
-5.782084865922126,-3.319408927972683,1.0
-7.705386374143575,5.807266916317351,3.0
0.2702093743829188,-8.187054647516817,2.0
-5.434273824229101,4.62748406632854,2.0
8.314451630656176,3.0139617996371744,1.0
-7.636990543300635,-1.788716513672366,1.0
8.115097432914055,-7.2630847112473145,3.0
8.127606134470657,-7.587101252017703,3.0
2.117814404425477,5.220005499625419,1.0
7.275254429242079,8.984231635494314,2.0
0.4011705298508623,-4.484698830718097,3.0
-8.059135412872006,-7.3638652794188175,0.0
-9.48721812918242,-1.8128997688118798,1.0
2.095393350021105,-3.784250368399853,3.0
0.3296902102517869,-8.566341376082505,2.0
-4.250640896023845,0.23052668980098545,3.0
1.3814621573647585,8.218076371190108,1.0
-9.719181263738063,-7.159932560480133,0.0
-8.258153430394106,8.173771487581067,3.0
2.7399499111254215,-6.031682478079352,2.0
-6.567647812208941,7.532764951117969,3.0
-2.8784760826297306,7.172859310779007,0.0
0.2857364920249026,-2.682631900610324,3.0
-4.271157634670198,1.8592969799819787,3.0
4.741688404139788,5.81397120854046,1.0
-7.0632121575160784,3.175165608109978,2.0
-9.409831195568454,-1.6106534493550662,1.0
-4.29274269526446,5.359785347740548,0.0
4.897315653411244,9.362856328157175,1.0
5.974998045986062,-5.121507783789134,3.0
1.6998220231507197,-4.054371331996522,3.0
-8.541245675753968,7.799816770844661,3.0
-8.171933607431681,6.6399887270872355,3.0
1.653491738937893,-0.7422617655541064,3.0
6.886246554138552,8.436469312546212,2.0
2.0059432289173955,-3.9610877282911954,3.0
9.84630784668536,7.928954393039582,2.0
1.5499959098181506,1.9715960404747541,0.0
-3.4852750217178503,-0.127504468956678,2.0
-9.461862854127636,-7.457480130001035,0.0
-9.962888122605323,-2.225285713633647,1.0
-0.9220481278259047,-6.144427816557803,1.0
-5.290745493024669,-8.503071375293164,0.0
-8.525327538754805,0.09056946556049539,2.0
9.091178519732072,1.1880012832436133,1.0
-7.8351266153584405,4.5515281881786045,2.0
-0.946939984757396,-5.0160206286061975,1.0
1.1819322678720425,-3.4793403838934456,3.0
-3.10293247949663,5.672455262266743,0.0
-1.0656589431984287,7.089763001031631,0.0
9.409192046256866,-8.385859432391703,3.0
9.343733771967678,5.039192648621038,2.0
-3.9442802453358023,-5.1326953439361755,1.0
2.3164741060532545,6.51515646847259,1.0
-5.879068040218812,2.7286831279400587,2.0
-6.920954178814112,8.335080412601034,3.0
1.0115224701439747,-4.152499592401757,3.0
-2.291113702316265,-4.905692354591484,2.0
9.79005975129358,-3.6831295702971296,0.0
0.2038664897539082,-0.9709958150439686,3.0
5.047294468825591,-7.976992395098876,3.0
8.870312000820743,3.6596888212645133,1.0
-2.4703582513651696,7.853494937720743,0.0
4.074440434590079,-2.872305348664206,3.0
8.339171085334854,-4.335691293274051,0.0
6.024998096711371,9.728829064202706,2.0
4.1581334064981395,-6.823506872154221,2.0
9.466017614508452,9.920985413881144,2.0
-8.54888960309057,-7.516012045576641,0.0
-1.1464326391741526,2.7388746368979966,3.0
0.12302970647306388,-5.142425759012152,2.0
8.912737405727007,8.204033741513452,2.0
-4.244431492205161,2.4201170819892894,3.0
-8.494051072055651,7.932902422185389,3.0
-5.747719987557729,-8.662886826426066,0.0
-8.864048789945446,-6.5320162875594034,0.0
0.5574530261625412,8.199275649766868,1.0
2.8303517799049693,-2.86474062527385,3.0
-0.4288055141931313,4.119810692780707,3.0
0.12921174318595163,3.2055057779152634,0.0
-2.441607375658636,5.358190637679359,0.0
3.04865110666217,4.141853138421174,0.0
-0.2723071063652771,6.539374271171155,0.0
1.1979155094007652,-7.31278703292829,2.0
-2.463304074548809,-7.2959203574947935,1.0
1.9257650862195348,5.086320154170664,1.0
-7.921931841388597,4.398016768892006,2.0
-8.661515090094486,4.81379504788509,2.0
2.5634421431708745,0.3648121779953115,0.0
9.196770075541107,8.939193004952713,2.0
-1.4765779031448076,-8.114760699571812,1.0
2.181459473525191,3.0214356636576554,0.0
4.396422938718263,6.306676081637704,1.0
-1.2145410170948612,9.170013165542883,0.0
2.8429771764619005,1.1756397554501845,0.0
-3.0250252425665014,-0.059157513533410366,2.0
9.07377484127776,-1.5946825727511111,0.0
5.78626180822382,2.1406696420451645,1.0
6.859970419480078,4.830935633164632,1.0
-6.084435403546182,-3.3752774950363085,1.0
-5.872693765621175,0.9952846782932863,2.0
2.115686402084023,-5.326885834826025,2.0
-1.9342145845917784,5.525945930092803,0.0
1.5396129953974658,-2.7433229517882562,3.0
8.215251286881148,-5.49642663697028,3.0
5.4127671925918115,4.414045808629229,1.0
-6.456994844498148,-9.198526572516228,0.0
2.773616493826104,4.559893249355458,0.0
-8.893939666397602,2.7502695817942673,2.0
4.78911375457848,9.17741811669363,1.0
-0.5487177380501773,-0.28306542799967715,2.0
6.691266643204674,1.6288823806048764,1.0
5.98623778150702,7.254325009760187,2.0
-6.666753296611827,-0.6790179945166201,1.0
5.140309869371658,-1.4219660801487777,0.0
9.802401916999482,-6.690730735036626,3.0
-3.0154730952963966,4.284843893298033,3.0
-0.6692502354649648,-0.5915736233141722,2.0
-8.149268902357264,-3.7135830188163137,1.0
4.054798710529026,-9.380975678410724,2.0
-9.133047080854436,5.864274430515655,3.0
-6.071857700930449,7.570501336577152,3.0
-1.9060685442420517,7.214991045563895,0.0
1.5529969067209066,8.251110268998588,1.0
-8.404224170103152,7.895734415424677,3.0
0.3948449123425295,9.562031514694617,1.0
9.897626790115538,5.045279169975386,2.0
-0.22149379639271594,-4.83194879147443,2.0
4.826063036130048,7.201643387267218,1.0
3.3582855273561876,-5.985999447617541,2.0
-1.756548932215491,6.51227253250077,0.0
0.9435906292418323,4.704956213168066,0.0
7.677795384663284,-1.1626570044361824,0.0
-2.062564848899311,4.671388792833891,3.0
3.1427160498767286,9.478310458646636,1.0
0.20297036833271065,-7.820980219020024,2.0
1.8013360879012517,7.43682631280528,1.0
2.290549165736266,-3.4745893060580846,3.0
-6.7525950207710235,-7.47945673051825,0.0
9.871463110192455,8.474255380475466,2.0
9.472017807844797,7.511895614968843,2.0
0.18183190068108424,-0.6575480946162884,3.0
-6.706008523731086,-1.925191574434578,1.0
-0.7712401397573192,-9.03630160284192,1.0
-7.900313144037749,-0.05276419715182712,1.0
0.40726031577360366,-9.473453249441349,2.0
6.009300376032215,-8.568239685712824,3.0
1.478007689707617,5.292711152139324,1.0
-5.104382722201399,-3.372647324563946,1.0
8.21383594069416,7.217949574567953,2.0
7.590737379605031,-9.157552335789985,3.0
-5.4776865146794425,-5.521964757983733,0.0
8.335024329023089,-3.9548247366104494,0.0
-0.5290535306605886,1.1242225207138006,3.0
7.744153139137936,-0.13745753938527905,0.0
2.8279736265932165,-8.411013158492441,2.0
-6.4145444317583085,-3.559168747132155,1.0
0.9462345403386596,1.6977854516663662,0.0
-3.585090587129354,8.999991828968565,0.0
-5.05034483939069,-7.511152874370525,0.0
-1.2202586955239543,-4.4915312314261175,2.0
-2.052431270977639,8.614566142568869,0.0
-4.047621843954785,-3.482017608589647,2.0
5.445526432189059,2.417121128211569,1.0
-1.5916598914867226,-8.043393770231495,1.0
-0.4799254695898334,-2.51235702930646,2.0
-4.938652135500856,5.489862655029187,0.0
-6.144548787532513,6.806303882363174,3.0
3.474841620496271,3.2495555684678976,0.0
-4.053076420454738,-3.6878912438409372,2.0
-1.0070269750375047,8.144613622815825,0.0
0.935767078906725,6.824538266690212,1.0
3.566257627386964,-4.747414414582627,3.0
-9.329554475490092,-0.5898246879885622,1.0
1.3143447913111128,7.71169317107956,1.0
-9.007934185241348,-3.94182074597415,1.0
-3.9477970272661933,9.309560938478093,0.0
-4.220872126956852,2.6324720263284576,3.0
5.66301494250726,-1.3110377394590529,0.0
3.2709354750645367,-4.628497285016595,3.0
0.4585628454712385,-0.16040244378496382,3.0
-3.63542058626928,4.159306382147827,3.0
6.346354231531247,-8.28489208103939,3.0
-7.49226304206273,9.617444331323107,3.0
-3.172068165523827,-6.499406182714078,1.0
-3.713674023980551,-1.525278649153723,2.0
3.283994121331899,2.8619553000568754,0.0
7.3966382287095875,-0.2309526824581809,0.0
-2.091926870652154,6.040338632875621,0.0
-5.789145055523526,-2.7913579385921388,1.0
-7.8811586074277695,4.4819764502857105,2.0
0.8429240105344746,3.988820460679129,0.0
2.1559883215544584,-2.926420787114292,3.0
-0.6080903601952397,8.501844408292389,0.0
-8.330618844051953,-9.67530842287543,0.0
-8.190469898716788,-0.28351049065658707,1.0
-9.347676750429079,-2.0794754811245575,1.0
-8.069058305328458,4.372504091329342,2.0
2.13546736531228,1.5519545666018804,0.0
-8.588984949522223,4.2068981424666045,2.0
9.594708871933449,4.282853835428069,1.0
5.543851054006941,-9.947545989919508,3.0
-0.42015743149317153,-1.8037598731861966,2.0
-6.708245990439076,7.3798989900163114,3.0
4.577859060768748,-5.9086824358022705,2.0
-7.650587774164432,-5.9924958837933495,0.0
3.74065941381569,-9.530914828733438,2.0
1.3813368612145815,3.3165856324703054,0.0
-4.712851196175151,-1.2864580831924428,2.0
2.5684934808209725,-2.6181874402270466,3.0
-6.72016008624791,-0.7268221556453351,1.0
-2.354219889572864,0.791736592721179,3.0
-6.126399764081334,-6.208957223117171,0.0
7.719531802035888,-1.4198033141074955,0.0
9.785626127455892,7.791462645586563,2.0
1.5014741257742958,8.190925145637639,1.0
-9.966336262899487,-2.1058441810059225,1.0
5.994976854994384,7.958585348538655,2.0
8.307529429307031,-1.0959377166527258,0.0
-3.208652866420487,-0.9232270721966174,2.0
-1.1207936301384045,8.31036531191453,0.0
4.847763588356159,-7.160287751076135,2.0
5.400110038715976,-3.440084104928416,0.0
5.53486760656245,-0.5178402074843866,0.0
-7.174580377737327,-1.7113072752838594,1.0
-6.46416434455654,6.819258100908062,3.0
-7.11797758101651,-4.708375195712733,1.0
-8.773159560296278,2.4898766700371144,2.0
2.7370935068579847,-4.107499319258247,3.0
5.981446428898609,-6.01521145856138,3.0
-2.1155455496106885,2.710144891210236,3.0
-2.778168688349913,2.0373743204171806,3.0
-5.514545299344061,6.3951932247019485,3.0
-0.508361422066292,-1.9261756637835674,2.0
9.593200181179256,9.55959844307316,2.0
-6.9954732818000265,-0.016233003962815573,1.0
-5.621947951783803,4.4305393441965215,2.0
-3.284355499586587,-1.1779375731865436,2.0
8.506214336248156,2.657168720448217,1.0
-4.852960559793422,2.7825802391660694,3.0
7.8474105929394184,9.862173063604473,2.0
1.2925998936441214,-0.5143840215615612,3.0
-4.547380708402173,-6.507197196918875,1.0
-7.258886380198836,7.826551159763177,3.0
-6.3983311592903895,-5.677656913481213,0.0
-9.128664010666139,-8.5589172183053,0.0
2.5273911459434366,-0.22232226088195794,3.0
5.970693459789931,-0.40105293435513545,0.0
-9.42964280575861,1.5631562357438096,2.0
4.57015925394256,-7.793048263740472,2.0
-4.710913059636585,-0.5974452719458476,2.0
-0.006107941441225506,-2.2325006714797624,2.0
1.8330238462689792,3.542872568529125,0.0
0.8796658125616901,-9.5294634758331,2.0
1.7805788179156998,2.5325895408535537,0.0
-3.2585027281769907,6.086127101358617,0.0
7.541218501442369,9.440860968617375,2.0
-7.827551527044725,-8.336051287189775,0.0
-3.398734578315721,8.42582695830729,0.0
0.9957005852266487,0.46015553913792573,0.0
-4.247608883109901,-1.4697635236239481,2.0
8.234741659067698,-0.5472776979833487,0.0
-2.725786898998588,7.36834004736221,0.0
-0.20257364043609272,-1.161985109812246,2.0
1.7891268690332058,-3.272508264554892,3.0
-4.439596656620884,5.825807088758122,0.0
5.81699100952247,6.936688017346494,2.0
-7.361875017243942,-9.314203363076246,0.0
-2.544468260196515,9.264094102153312,0.0
1.4492827815570468,-6.405344551158505,2.0
0.9113155294328816,0.9045830798236274,0.0
7.331873044814113,-6.126353425020574,3.0
-9.736375233493618,5.530448272670753,3.0
-0.7994905860683748,-7.200568013586581,1.0
-5.544253548165752,9.189224726977375,3.0
9.697304615530587,-8.266470583177147,3.0
1.1658652228600417,8.75870729102149,1.0
4.91320591436298,9.671616210836476,1.0
5.730591036279506,-3.0634210702423452,0.0
1.7428117689828397,-5.033036665592006,2.0
3.921741644787364,-1.566641608142218,3.0
-2.1597633376677283,-3.7463740798576417,2.0
-8.638819580952823,-5.861350027044128,0.0
-9.224300119697496,-8.412294189012208,0.0
-3.170815351231968,-5.581282369656256,1.0
-9.925565441478305,-9.025580769853486,0.0
-2.272817436102681,-2.2383194388531225,2.0
6.837610759317194,7.122122463409681,2.0
1.801322428722795,3.0204672011077207,0.0
1.3859888393216835,-8.975348404787049,2.0
-3.0708929191067185,4.574519766743334,3.0
5.140605155271597,6.214271257229228,2.0
9.970779830537968,7.770690910776985,2.0
-2.2063974952412853,1.439419699524267,3.0
2.9661512528044636,8.629041823076577,1.0
-4.828650732415037,5.140807720269347,0.0
2.1675750955649313,4.300596691142024,0.0
9.548425658339625,5.7852641438712045,2.0
2.0587248992458633,-8.914706900358887,2.0
-8.466559844277402,1.5210008361458769,2.0
-7.125272677875594,5.202385121735853,3.0
7.505779350036956,-9.062784429032897,3.0
-6.952029679384539,3.7502202208953612,2.0
-6.364341966537652,4.900183105272042,2.0
1.9298722945835483,7.890936706689374,1.0
-4.962031419208504,-9.84935722014373,1.0
-4.079880364245287,-5.874137730090054,1.0
-3.527967631367847,7.212485632890669,0.0
-7.969752925123483,1.0502139219164786,2.0
-6.260981145653437,-4.281109974484001,1.0
6.369043554500742,-7.431930713898729,3.0
-7.222063001498135,-6.08940645279554,0.0
-2.675208421658029,-8.657552614185233,1.0
-5.708487646608649,-5.009145950620695,0.0
-6.594071002977373,1.8633161812307701,2.0
-2.4747466071833424,2.9030858708391882,3.0
-1.196599649701236,-7.091528129405404,1.0
-0.03842574245581787,-1.1757712372794842,2.0
-2.590334511059562,-0.6325770758055427,2.0
3.7604764957470476,9.152624168996535,1.0
-1.3580039692381884,3.514799053462996,3.0
3.0736361639261958,-9.14973821273639,2.0
2.0107642105271477,-0.9998840074931348,3.0
1.4667961548188764,5.217109715073697,1.0
9.280932953591183,2.4809126065931686,1.0
-9.704367288729019,1.3549119370424911,2.0
-7.885581156800498,8.375438004837434,3.0
2.335016790554752,1.407438361703889,0.0
8.982208374149323,-2.5631511587489637,0.0
-9.923487898105922,-8.806439344551722,0.0
-2.596621730658006,3.2372710330246903,3.0
3.7876983821837875,4.3175151461132835,0.0
-9.787812997844176,-5.845280725625592,0.0
-2.540818203345001,4.947972524509199,3.0
8.428049197496925,1.7465835236059455,1.0
-5.1695386158137975,-1.5154774277469585,1.0
2.212206449804148,0.2735820828354001,0.0
-6.885305442609844,-5.489802602018594,0.0
-8.846032326552852,-2.985143254151705,1.0
-2.842100966294301,0.0102731304454462,3.0
-6.741166716041452,-4.165644972915297,1.0
-0.18066819299204795,-4.399466833770839,2.0
-0.9461007025211039,9.496538555819196,0.0
-7.639631132974225,-1.6650423266515464,1.0
8.71766728360505,-8.692635612785786,3.0
-3.3841799236973564,-9.39618025500949,1.0
-4.876271237057528,-5.9315669088031076,1.0
2.185797891301764,-3.6439314708012898,3.0
-9.422480025660409,-4.663677383174121,1.0
6.709893968270208,5.2391325640160495,2.0
5.328724512330416,1.1859097364606104,1.0
-8.671485229803448,3.9523362215105813,2.0
4.565847306461023,9.107342280502163,1.0
3.6791216223224303,6.156118481972449,1.0
7.283572673265233,5.51394314144831,2.0
-4.8598801394086895,-5.519452202793794,1.0
1.1076725956931313,9.153147677634411,1.0
-5.77188272215148,1.7754304952402968,2.0
4.056777661494255,-5.996223293088865,2.0
-7.357333417161143,4.399397911926171,2.0
2.8055173154188537,2.890247250224963,0.0
-9.26829018666063,-7.593470972723679,0.0
7.7593503955689656,0.9202185197482748,1.0
5.069644886250053,-4.645240279492291,0.0
-8.329054824276998,-6.382323346171395,0.0
0.6577891458817504,7.041609517197006,1.0
-2.701139382146285,7.198194520431084,0.0
-6.874880155677909,0.40903454316161003,2.0
-7.691347230425563,-0.4228936493326785,1.0
-2.5232943551060227,3.2035574113735628,3.0
-8.766944142227622,-0.789556660568234,1.0
-7.1397034526581145,-6.822878031240238,0.0
-2.3492334950697042,-7.5802965558837325,1.0
-0.6825375844652815,6.974409069619387,0.0
-7.996274288506047,-5.2000531911241366,0.0
-8.409719699999654,-8.156455346570965,0.0
-7.741942312327161,9.879694594262116,3.0
0.691608131269728,1.684506311586878,0.0
4.204172241870804,-1.2760485482187978,3.0
8.91244016564805,1.2031061612248983,1.0
-2.919621544854383,-3.3749556413899517,2.0
0.018852385549459783,-7.165633347696174,2.0
-0.5735093514397231,8.874281053701015,0.0
9.185319158563694,4.9131347298909755,1.0
3.4838871476295115,-2.6586327322844188,3.0
-3.239304042423983,-1.8589792555008433,2.0
-8.939314640709355,3.4452955529494407,2.0
6.795178902718494,-8.998144507154034,3.0
-8.84369958488358,-9.521446667144168,0.0
8.548441976046533,2.320537028045619,1.0
6.183165690751707,7.680639192661559,2.0
-4.445913025244379,-4.5836264062592225,2.0
-7.982618120915824,-1.0308662394460892,1.0
0.6369107046459135,6.7256715977834105,1.0
1.3023331210296654,1.2577902274777344,0.0
-0.6592305905964668,-1.3870335440450337,2.0
-7.535026146029081,-4.933497687259734,1.0
-4.529754235158602,-9.912964054368418,1.0
4.244311146871523,1.6751909413054307,0.0
1.3534119489165413,-0.8748894167763019,3.0
-6.1868648101486485,-0.40641659585605616,1.0
7.487142363986752,-1.9063979020391297,0.0
-3.815189072996132,6.301265235929566,0.0
2.0051970243882185,-9.77031193646402,2.0
-9.527664441273458,1.5782927311861954,2.0
-2.1621068909077223,-1.710453216490782,2.0
-9.36296808786449,-2.2450682853934945,1.0
6.47609582800051,1.7185567933245238,1.0
8.738556334175577,-7.429051502634472,3.0
3.1648321499904526,4.694739737488618,0.0
-0.4658405127459293,4.6871270537723735,3.0
2.5909197625759965,0.7717674015949925,0.0
9.555086276660703,5.1108462964923085,2.0
1.7637277879796507,-4.044888814431293,3.0
0.708545723615801,8.577394205239344,1.0
0.5861529207311715,-3.740645932549846,3.0
5.962260288820907,1.8360606038608154,1.0
3.2006060725906327,-9.597670416741872,2.0
9.458676506727006,-2.5974633105921807,0.0
-7.91150603382283,0.6454420291565182,2.0
4.241456069973474,-6.45384127272999,2.0
7.1322678131325645,0.9330888326787736,1.0
-6.022286538670601,-6.583494139748338,0.0
-9.928794852068052,6.8620844098974345,3.0
4.202005191980554,-8.958597041682674,2.0
0.7105506499760921,3.9217126850484227,0.0
-6.9089608913793015,6.2796595400736805,3.0
-4.547326902575812,-9.614622866901678,1.0
-7.700821875901034,0.7803176769403244,2.0
-3.9082309375294937,-3.9262374387686254,2.0
8.764074482911003,-9.436795840606331,3.0
8.974476376273302,5.94674610066833,2.0
-6.901515206153337,-5.496738103693284,0.0
2.448204631818509,-4.353102870648762,3.0
5.099747961353334,-6.784266470772938,3.0
-2.0876099747663712,-0.8065716809769228,2.0
-3.239244390659839,9.875428123480738,0.0
-7.577599350562412,-8.492511618288269,0.0
-0.48295966107319543,1.3289888787976434,3.0
-4.056535051559694,-5.542587779113635,1.0
5.060995577638675,-2.5164587878744316,0.0
2.666854223499593,8.077181702056937,1.0
3.7124828527170344,0.8237767360895063,0.0
8.392867175031707,-7.652290018383717,3.0
-4.427128519467303,-3.920605368523919,2.0
-4.029875019546454,-1.148508790545149,2.0
-3.777566031642465,8.160031291230169,0.0
-0.7418882215552625,-9.146123203081567,1.0
-2.0056619185229607,-7.1843797543744525,1.0
-9.212151121479637,1.9994061516417698,2.0
9.827837155145662,-0.32389238173986357,0.0
1.7821774457995296,6.99119688565326,1.0
-0.8561664750676314,-6.997803265556954,1.0
9.994476034880101,-8.331926815252706,3.0
-7.11244393270142,4.598214026087286,2.0
-1.4366327292580081,-6.285127911204842,1.0
1.0321250666642285,-7.860721249723106,2.0
0.42602208023966703,-6.293755125996747,2.0
-8.336560570746654,-9.693242985434287,0.0
-9.965472690656723,7.1266135393249215,3.0
-0.7813036352919411,8.674665123921805,0.0
3.4028086263876745,-1.37244199291076,3.0
-1.902533634090691,9.16315522831691,0.0
8.766759412881957,-7.437446740448264,3.0
0.5072792692092847,8.930463424896374,1.0
-0.610280397494865,9.114532661671099,0.0
-0.6503855213067418,-0.0626431766622737,2.0
2.4653081438441156,2.399367482945305,0.0
7.55354185530075,-1.5421555855263325,0.0
3.1244694177266563,4.371350684142598,0.0
2.5581626525311325,-3.473828191225941,3.0
-9.392945714274347,6.650936785590066,3.0
-1.5404364451658132,4.157208939225258,3.0
4.008556737037841,7.40099951917805,1.0
-5.736808031606239,7.178653871969733,3.0
2.3922698634940094,-1.1876263697877434,3.0
-1.822633642975278,6.624053118401022,0.0
4.300197823659108,-3.232937419573638,3.0
-9.036907900380388,-8.044437864533936,0.0
-1.9172274457704397,4.4074778774416306,3.0
2.6311741868132366,-8.362658647078376,2.0
-3.8452430641333386,-1.9615694659724632,2.0
-9.02329091205173,9.051088788298618,3.0
-0.2506162343950571,-7.1979765242468225,1.0
4.586424409055494,-7.757979637217156,2.0
-2.818567109207901,-6.129745007112282,1.0
-0.3977561887762864,-8.152149194147801,1.0
3.2141658185173867,0.4505983693900042,0.0
-4.816698012416582,-2.4102746772505927,2.0
5.113094304044942,-5.2318320903100375,3.0
2.3471647818933565,3.7540944743812155,0.0
-6.325813764663333,-6.546814456874161,0.0
7.560126540995643,0.5674705503887267,1.0
-2.3265597195693477,-5.302504676347772,1.0
-0.6312740196029942,-4.672016172467144,2.0
5.2116561859224575,8.611575145278124,2.0
-1.74213446739439,-8.249132009788138,1.0
-7.095581742244519,7.019249629171892,3.0
0.6019145357051734,-1.7467015098253533,3.0
5.375470562972831,5.099480940704872,2.0
-5.9088802861205725,-1.2148035119814509,1.0
-1.1152457829814253,-7.209243592229601,1.0
8.999695979052397,4.7793704704417905,1.0
9.264443196560844,-0.9032726065166017,0.0
-1.1698418496323963,-7.523749045300525,1.0
1.7711388827413455,1.6978909327846807,0.0
7.49522967637024,2.088407052277539,1.0
5.819868080247144,8.275363415686222,2.0
-1.7657393932536039,-4.029482110012617,2.0
1.0982501828240228,-2.911084543616518,3.0
-9.246239956065327,-7.541194426413846,0.0
-7.050660103606228,-5.052759215677318,0.0
-2.1001430667415555,8.884663003294818,0.0
5.450141669355817,-6.011847493918978,3.0
-7.328666997492766,1.2420718720429242,2.0
8.972729160018844,-1.9046097022258124,0.0
8.790756441371176,7.881221842896167,2.0
2.6679179458997844,5.8725258699335825,1.0
9.202358808284682,-5.7760640709322475,3.0
-6.576273245238104,-3.3162426238817266,1.0
-0.707922795684329,7.794458424352374,0.0
6.109192018890354,-0.10069281981587785,0.0
2.9535138479106227,6.621861110792668,1.0
-9.512992876637739,2.2656432698583906,2.0
-7.267074643870077,-6.908113262439821,0.0
2.851178005702611,6.2468373683182,1.0
-2.3470150220764197,-7.383039165243758,1.0
6.115955215474621,-1.3544242541720521,0.0
6.57529749050239,-7.336622842228344,3.0
7.6073605466403365,-6.820961610412297,3.0
6.164742612243053,-4.6196738394938075,0.0
-9.429807578963773,-3.002350656621724,1.0
-8.22007908344726,-3.0996061026363675,1.0
-0.0007033163764251782,7.227151210586143,0.0
8.707775034537768,-9.275092460529448,3.0
-2.6931639131634855,-3.960068632662561,2.0
6.002716516510937,3.2101201267671335,1.0
-8.310121192924045,-7.7653607125293895,0.0
6.619846892974827,-8.827366093035208,3.0
4.385622621652754,8.743813559840781,1.0
1.6612709203988807,9.461502996417405,1.0
9.34564530008003,0.09746485034541408,1.0
-9.775570120191983,8.375113130357683,3.0
2.4928763764473043,-2.181661082514146,3.0
-5.4458564420721745,-7.1406963370392,0.0
-2.2112030575953545,9.462770573802871,0.0
-9.341061626642029,6.154719526102706,3.0
-3.1644872409517966,7.289018197998139,0.0
2.574445901977782,9.079051595835637,1.0
4.52688905106028,6.425167009548314,1.0
-2.444403541767297,-6.856729668057242,1.0
-1.9043676246913215,-2.7493972283952033,2.0
-2.3451641721607412,-0.6166077271889527,2.0
-7.5858688698775945,-7.964510091827545,0.0
2.962246941875872,-0.026659914249568928,3.0
-8.670302265578913,1.9503573186318661,2.0
8.051287279493756,-7.012998742196901,3.0
-8.222543103880778,5.555782230914987,3.0
-9.38995829661331,9.884729622391117,3.0
1.7611339366917207,4.999031084145017,0.0
7.535509940839354,3.723432642618711,1.0
9.042042340192936,-0.6913160990785023,0.0
6.5018792161690655,7.348029865017562,2.0
-2.5947138584204037,3.467134807204646,3.0
-0.8627452459366669,1.668407795578954,3.0
0.3508003304906211,4.125647580917327,0.0
9.765448787294229,-0.027080315229053298,0.0
-7.941219167966382,4.396983018965752,2.0
4.077121556975566,6.072111343493706,1.0
2.170539656057791,1.5077502510087477,0.0
-0.3849566891999281,-4.466119107571462,2.0
-9.628593506885895,1.9225207522542327,2.0
-6.506586320402786,-5.373310185257269,0.0
-9.167106373501259,-1.5336518149168654,1.0
-1.865890172994538,8.299622986187295,0.0
-4.766517475438691,4.63333170934337,3.0
-8.016920455805959,-2.9092802439699668,1.0
1.0223391425245882,8.740634244075185,1.0
-1.9213652233747052,-4.164572704049689,2.0
2.245790093670859,5.558805140415084,1.0
1.6527694264661168,-4.601385606468879,3.0
2.9720963680068113,5.052591990044689,1.0
-9.448468624969998,-2.394712997656157,1.0
3.6627867893836807,-3.9356026217558426,3.0
9.459533301189193,6.994346718613272,2.0
-6.043973879137323,-3.206708585231352,1.0
-8.743609967689967,-0.8459077760069622,1.0
5.424512087618522,-2.220468047586513,0.0
1.8327092864119088,-1.6190406510845001,3.0
-8.758894857259026,6.783048472466955,3.0
9.018501238169808,-6.714943816077645,3.0
8.218340471674374,8.29762637496151,2.0
-3.5689370890484735,6.429171968329346,0.0
-5.841142758299222,-8.845599018016426,0.0
-7.624929848900795,-2.2498948316857748,1.0
-3.7213113214886135,2.566519436551335,3.0
-6.982599266448282,-4.0457772396104685,1.0
2.233362940201541,-1.03156893625194,3.0
7.461953525418039,0.621964937029805,1.0
-2.735424693497663,5.42680067239586,0.0
1.7990490153205236,-2.9434718071279242,3.0
-2.8051481707171577,9.984748424027117,0.0
-2.075497995856816,-2.293763249667064,2.0
-6.306303322231878,-5.811404608062829,0.0
-0.4518220363345904,-3.787694833026867,2.0
-8.1813600081727,-0.10173621888045936,1.0
-5.229908371539247,-6.7000194163064775,0.0
9.451744578751843,-5.797346847590972,3.0
-0.4748655923317209,1.0088926503265263,3.0
-8.792621777224173,8.410282542697129,3.0
-3.074575064805143,8.211014282840278,0.0
-2.1805177979919073,-6.842058151831258,1.0
-5.090258658517013,-7.7535262888656975,0.0
2.2538832210726785,-8.124283144599882,2.0
8.87133242728401,1.170953151503145,1.0
9.547222683354718,-9.28151604009734,3.0
-7.567246467839228,-5.170616035477991,0.0
4.231786305628711,1.2391009575741112,0.0
-9.565329896271468,8.90571989374563,3.0
4.660145853899669,8.46859826287124,1.0
4.239028210977757,-1.5460360596609508,3.0
-3.341706674093623,3.246879041092626,3.0
7.12381955297348,-9.8155297830826,3.0
-0.46138015821595957,8.11400231615248,0.0
-7.351897632853708,9.789896464151113,3.0
-1.193961372278343,8.167615338857203,0.0
5.372532575628597,5.2595017030070945,2.0
0.5041317883985847,-6.998106992448891,2.0
-9.382643618081822,9.268059179225862,3.0
-1.3195695148383138,3.0332133200379303,3.0
0.9439168018912287,-8.655389726126433,2.0
8.750218599926953,-9.848410389305862,3.0
1.460782432151543,1.7741900366762025,0.0
0.6651756880515727,-6.621247180941683,2.0
-1.2937567992275767,9.123940792342996,0.0
8.130287903955605,6.549106588237436,2.0
6.539411221159909,9.598549084145816,2.0
-8.576858443852384,6.439866966088303,3.0
-8.117949779533076,9.41641630547884,3.0
2.13988495815787,-1.5012453010936362,3.0
3.6835957253171596,-6.374444011223002,2.0
7.185958325878058,6.613322458570515,2.0
0.6469516926892744,6.040068992221464,1.0
-0.8220461190979584,-1.4796187178366473,2.0
1.7314233148395708,-4.607687348931629,3.0
-5.883937871078122,8.913110639423216,3.0
-6.514015669006417,-9.040169366296507,0.0
9.807155900763984,0.7450704412868543,1.0
-8.386799737272838,1.4416604278965846,2.0
7.856416474586101,-6.425400228674388,3.0
5.188786354356534,4.018578480231476,1.0
-4.437878556907801,-5.581671008778828,1.0
-5.700121168084293,-1.8911260980250244,1.0
-0.04437758157062177,4.260352315893792,3.0
5.0998537934071475,-2.7823585369535415,0.0
7.287316928394741,7.767799225351773,2.0
-1.7798479048281362,4.069324104469175,3.0
6.446368407351208,-6.573798157277963,3.0
1.5721467439685561,-6.279302477674486,2.0
-4.808263905846825,-4.899014587102137,2.0
-7.10933472147397,9.166266911876086,3.0
4.85146971082208,-5.799627636206212,2.0
-0.3441450683661138,-1.5584407114506842,2.0
-6.623816515110579,-6.10026602772013,0.0
-2.2902629396674534,7.945555850231884,0.0
0.025505228793052837,9.121283921452104,1.0
1.634962305878192,-8.033831536949007,2.0
-3.074760773055722,3.6457167164742152,3.0
9.89998690055387,-2.615821363754378,0.0
6.420457816958944,-4.772381065871835,0.0
8.924026926335383,2.405748468013826,1.0
7.3941136754218775,1.920297242054712,1.0
-9.320098709779089,8.590255673710978,3.0
-2.4662084326529516,-5.207926649754824,1.0
6.412632347392098,4.594299132084302,1.0
9.362398871220222,1.3260772589052223,1.0
-3.180108694026038,5.7501434126746265,0.0
1.439777573370808,-3.4981570705270464,3.0
0.16350867377989786,2.6643743894469054,0.0
7.0881076476433655,-8.620066999108534,3.0
-4.057459769472073,-3.8453763173414046,2.0
-4.134772452688149,5.258148628405978,0.0
3.780899267745488,-1.1410872331780038,3.0
-1.1694888526329184,3.9213560185060103,3.0
-7.300383964644865,-8.26407479045104,0.0
4.1483741844030035,-1.6887761432312267,3.0
-5.617764958759248,2.6470707243902307,2.0
-2.7547457585983697,5.891741477481261,0.0
4.060429979265503,-9.577781661559685,2.0
0.7629037752261265,7.720023541131059,1.0
-2.089737033236087,2.565861857912804,3.0
-1.5681226182777923,-7.842860713441637,1.0
-5.516065592411805,-3.246658637571789,1.0
-9.053549609762019,-0.12367388597461826,1.0
4.3086476443766095,-4.1102058296578114,3.0
5.362584434970067,-4.6901094725791115,0.0
-4.177828090493891,-3.571844918866198,2.0
7.658505507997752,3.502146794860421,1.0
0.45939769056709423,6.304776454474535,1.0
3.2820995614535935,-9.741476072587824,2.0
-9.409157126500716,-6.342214919420249,0.0
5.206125224161024,3.0418989937946765,1.0
7.980396761722549,2.0331200905720657,1.0
-9.25945629190755,-1.0542651989195377,1.0
-5.919903732778835,-6.310469990625204,0.0
-9.787151248440543,4.995068243751488,2.0
-6.85123001170348,3.5810631629738197,2.0
2.5361757904266398,5.711804433910215,1.0
6.718086293485463,5.68092987294702,2.0
9.256987459773743,8.909184694362068,2.0
2.5465638288100756,1.8805482601594328,0.0
4.206138776336283,8.69838434337386,1.0
0.7123588433141155,8.704640085017854,1.0
9.096585216843764,1.662467781966443,1.0
-4.0605842648439054,-6.085043511616963,1.0
5.757250732042076,5.521641962341432,2.0
-4.702839172884568,-3.8201590776818195,2.0
2.038362508392975,-8.327775097400107,2.0
-6.844498477419552,-8.084186154017146,0.0
0.31241735423317607,-3.0850301245636906,3.0
-0.09594311244955378,-6.000000285344774,1.0
5.739808637447259,1.5143085808317753,1.0
-0.6892984520118297,-5.158943227059341,1.0
-2.1681143312905693,0.18586054622222647,3.0
4.412904908929686,-4.077241463487824,3.0
-2.9225883326506086,8.082236762342912,0.0
1.4594505044793245,3.464435281366045,0.0
9.61755570969126,-2.4374129209769464,0.0
5.704673433402725,-8.394101059791621,3.0
4.007056997266808,-6.018682946272714,2.0
-1.5475756824390086,4.063412800028042,3.0
9.793035195035952,-3.9549447834917046,0.0
-1.8614574764129053,-0.588614255560751,2.0
3.778897803379005,4.5445426622985625,0.0
0.45246754629227226,-6.6758861962997535,2.0
-1.5109275924333527,-6.452909800063851,1.0
9.646289564006441,3.033124982330733,1.0
-3.5944354590398735,6.925151008692353,0.0
-5.486500256831349,5.184647283246807,3.0
6.4644077636196755,6.054206759524014,2.0
-1.087655062172857,5.870264920574385,0.0
-8.643342945965685,6.957628658030199,3.0
-3.0380038671179044,8.52679249004838,0.0
-9.537774405802615,-9.931070592234681,0.0
-9.371671425385449,9.745714782397364,3.0
-2.558077253752476,0.8136774947547369,3.0
-1.2729070228807267,4.150293720792092,3.0
-8.5059020097191,-7.199401894139472,0.0
-8.180671478224104,-5.465181806755169,0.0
8.311453262585673,-7.1287804026859325,3.0
3.792551657769012,6.765972083760733,1.0
-5.838105392231718,9.65266930657063,3.0
-5.567909846165304,2.829715677132228,2.0
1.4973435168583435,3.2746814416979397,0.0
7.956296064288363,-0.20888794851050285,0.0
-7.898262722718162,-6.1403469811255444,0.0
1.24918378543477,5.437357377034244,1.0
-8.209601710981236,4.135078160366135,2.0
7.459572102662218,1.1201568421414905,1.0
-7.608328042778054,-5.460336781680271,0.0
8.291003085880014,-2.1531642003356266,0.0
7.652799318385021,2.568778987931328,1.0
9.191292219217285,-7.826103848881784,3.0
7.494683989759924,-3.9734700538495034,0.0
7.6398950043101195,7.7040139494060185,2.0
7.0268505467787,6.400209141302273,2.0
0.3155407164860957,-8.305162927032466,2.0
-1.2381450771679035,6.1645351862708,0.0
5.184142989924236,-2.4454738454846385,0.0
3.281269959236429,2.832794044081968,0.0
-1.9144156166286983,-1.542385460600105,2.0
1.9384963277080232,6.571601958132778,1.0
-3.7391533625841937,-1.624192628258239,2.0
-0.8771698737976976,5.957931303073975,0.0
6.849365951252725,-0.9833669707266992,0.0
-9.143889483580326,9.49504345230157,3.0
-7.753829483230481,-1.6500919530166254,1.0
-8.812736733250885,6.995116592114979,3.0
1.8587688530876445,-0.03833213798192503,3.0
5.682246675982938,4.460010627074855,1.0
-3.61550407932957,2.1805792287430688,3.0
4.653990914737227,1.4882081733651464,0.0
-6.373291305793243,5.257167872515847,3.0
5.036374093083937,-3.9721535901823497,0.0
2.6530653487038762,6.614133565363161,1.0
-2.391578856758292,4.28314237780906,3.0
-0.2180718821703138,-2.078436513838038,2.0
-6.712510153929188,-8.92226864652189,0.0
-7.29216745685769,5.993638087501356,3.0
2.1724948978698,0.627979203681976,0.0
5.333322896667088,9.10673946462613,2.0
0.0827280624182869,2.436710112317538,0.0
-9.92321244612868,2.612180132517226,2.0
-2.8110437198668077,-7.241479415753638,1.0
4.106078770512955,-9.34232940744925,2.0
-1.5186675911211385,4.761855447721246,3.0
2.927108402493836,8.146142107125538,1.0
-6.150085044443703,7.589995141575013,3.0
2.127999420006301,-7.039397948402339,2.0
6.7206336875214205,-1.4549868902250669,0.0
2.9352594692126743,9.127497142989682,1.0
-8.619484439721337,3.10234940063026,2.0
-9.141989911442117,5.636826447524637,3.0
-6.948132320214022,-2.7460196285780807,1.0
-6.827240074586736,-0.04024094421687607,1.0
-5.472823072475448,6.498929748191799,3.0
8.20583336627908,5.182807585603985,2.0
-7.827125627362137,0.05871374501682247,2.0
-8.041834666775657,-9.282754715125641,0.0
-1.086230273591113,-3.1690848821493356,2.0
-3.9817716326648656,-3.615546513969945,2.0
0.35880188927731105,-1.3659372869051047,3.0
5.17363408604923,-6.83356231086387,3.0
6.137632115683324,-7.100899514402725,3.0
9.193534260650424,-9.803441145459292,3.0
5.106598201309735,-8.29137241245942,3.0
-2.069233493905709,-6.092696609414174,1.0
-1.0054166089770948,-7.051750429149282,1.0
9.231734866943192,-4.5349998148597574,0.0
-3.71254828294221,5.359782368150954,0.0
-8.332094992426327,8.338370543689294,3.0
7.7707042145913405,6.835784410270925,2.0
4.7789074564336005,2.4004911950637045,0.0
9.34966559048199,-4.805597810234737,0.0
2.4952708772217385,6.672982808295565,1.0
-7.51291718707493,-8.494647535625743,0.0
1.5968042907288567,-6.96428527112184,2.0
-9.943302848240434,8.431449205903661,3.0
6.002144411263174,0.5087890881750887,1.0
2.673789018674565,6.670205174612331,1.0
0.9192550419465562,8.779871652799063,1.0
2.5725241684407294,-4.957927057068082,3.0
-7.664928263198119,5.06215564608123,3.0
-8.060708608065532,-6.058204386037285,0.0
-7.490554759007937,-0.6404699878502313,1.0
9.053742241818302,-2.390875496564064,0.0
-6.688760230904758,8.059209483270987,3.0
9.111761696130717,-2.2579339402716236,0.0
-6.482557039303131,-6.417240070858634,0.0
5.519047135811206,7.736110677833416,2.0
-9.451917129363299,1.6813143898171017,2.0
4.904051113732846,6.313818917863831,1.0
1.5569788965950586,-1.95573203721038,3.0
6.771864094402805,5.517523585917912,2.0
4.326087255541156,-1.4546273401841976,3.0
3.3905549244591278,-0.5162594966858087,3.0
8.983582107619554,6.904111632076045,2.0
9.049746827050328,-1.5297075944128338,0.0
-5.421015201337596,4.009042018726408,2.0
-3.9492529429519996,-5.7923637965889245,1.0
1.4848648679601837,-8.693423502831672,2.0
-1.6865612295142984,-7.661893052718495,1.0
6.017031537000232,4.858913579320138,1.0
5.611903667017462,-9.596011888989791,3.0
-2.820477445389848,9.980309191941966,0.0
-8.389342698245683,7.410631395241637,3.0
7.327236802737769,9.960761097637981,2.0
-1.6190953394018628,9.723980574307088,0.0
4.374210846042461,-5.295384202142667,2.0
1.9517327933005024,1.880884599245027,0.0
-6.372758647993468,-0.92112475690592,1.0
-7.818201908120934,2.789035319534154,2.0
9.34881570182214,9.65818064259237,2.0
-7.825473284400884,-2.6042309102612915,1.0
-9.425675697509785,-8.597155166503448,0.0
9.348823980705607,-9.998545001443516,3.0
-9.20034681235699,3.9489137645750922,2.0
-5.576860780740313,5.837948288886119,3.0
-4.006775803944318,0.7967561379795498,3.0
4.2129777030085584,1.2694114943826502,0.0
-6.885304486065422,-4.094397241704863,1.0
4.0566008355428185,-1.1700991537467313,3.0
4.2846624255788335,-0.5848007203519874,3.0
7.825522603679929,8.336806663209789,2.0
-6.7625270649686,-9.015516619663565,0.0
-7.145856287226948,9.134862963890505,3.0
-5.945502674139482,-8.253226472933113,0.0
8.810167949403613,7.804945016926357,2.0
6.1560547676603825,8.568362632031882,2.0
-4.057896805502301,8.245053453418382,0.0
-4.669892199106462,-7.510258172897726,1.0
-3.0770055250465056,4.839485438303861,3.0
-9.31540763518138,-2.36120660083518,1.0
-7.437342313886024,5.605849505483846,3.0
1.4742582260050856,7.405377343237337,1.0
-3.904827133685611,3.100179059327022,3.0
-6.024055998246913,7.250082212357398,3.0
-5.923133977984321,-7.100817350173569,0.0
-1.7712738612638042,-0.6340510893869578,2.0
6.06376309359581,7.151535306744844,2.0
-6.843069117383605,-6.818273928451692,0.0
-6.691954096490389,-6.05014607020784,0.0
-3.2920293328222954,8.31107715863708,0.0
-4.751782531504098,-3.285619271885687,2.0
1.4934360277386176,3.6583862345816502,0.0
4.017005006597126,-5.821101849411619,2.0
-3.3115637931016266,2.967899914433495,3.0
-6.981163588052722,-7.852779280120192,0.0
-5.548422763532466,-0.15035677087568367,1.0
-6.987709321942832,4.523125756136428,2.0
4.428620469372159,-9.991425339858012,2.0
5.8249311993187,-4.601952984444349,0.0
8.17622263583712,-1.5469329060107846,0.0
-6.104105832494781,-6.8965208011960355,0.0
3.2844971951123902,-3.8364361936947944,3.0
1.9667308764906988,-5.325147452251395,2.0
1.3296355507130304,-7.399368753740275,2.0
6.732949442210991,4.98644905023415,1.0
-7.620146642348633,-3.6606093468346685,1.0
8.863629198782426,3.5866089608046696,1.0
-3.300236241289296,-3.588190639130035,2.0
-7.726605247193423,1.3575418640877785,2.0
6.6986929241445665,1.1366103126152787,1.0
-7.794509763680988,1.4805650716574306,2.0
-4.881027299683218,-8.185776147920663,1.0
-2.175181506554975,-5.722998769035785,1.0
7.970635158554128,2.5775912324720416,1.0
-0.31012634874659284,-1.3774648205360371,2.0
-3.6232682359563935,3.151375690184768,3.0
-1.5010467648006376,9.910258772728,0.0
7.4060672034453106,0.852378570752645,1.0
-3.842115856417216,-2.66529011345167,2.0
-4.675649799180599,9.83598429623527,0.0
2.5410779146190254,8.387519636713197,1.0
3.1453760675825997,6.014185381237855,1.0
-1.8215857635269312,-2.638952554379803,2.0
5.2177655099153135,6.60931702912697,2.0
6.887380631740875,5.977836458132728,2.0
7.205265070513267,-0.8098656659357566,0.0
-5.326283637122131,9.064521732466051,3.0
-0.13881055251435903,-4.878967973354986,2.0
-8.69351743917412,-7.717356522382066,0.0
8.735454290622975,-8.57733490982355,3.0
2.0318730736443076,4.042342838967937,0.0
-0.3456791573081137,-3.4031376131840485,2.0
-6.491817131102993,-8.066544696674352,0.0
-6.282074813250162,-2.491033597459107,1.0
-7.608768927887997,-2.686626744072356,1.0
8.239213622375875,8.614954118046633,2.0
-7.517613381195112,5.040916065894621,3.0
-5.486893306691485,-6.640190272990518,0.0
-8.757208662143,9.024422483480677,3.0
2.1402026769750844,3.451576183497904,0.0
-8.291505940244958,-5.331234633821566,0.0
-7.227541334177811,3.9696331688429414,2.0
-4.445389884901307,1.0117904285736383,3.0
1.116545713863399,3.682361094030629,0.0
4.67759534416615,-3.635134310577202,3.0
-9.921748718651614,-9.998387726361155,0.0
-4.645552096635059,8.835258514271256,0.0
5.850493771538156,8.190910616122459,2.0
1.1927183239468775,3.883056908215785,0.0
-5.46062023453358,-5.349962785252442,0.0
5.215783609669666,7.298015899385398,2.0
6.668528597671703,1.783252736936685,1.0
-8.017462083674234,4.456433378914573,2.0
-6.967777679656146,-9.946885389280107,0.0
9.768525383419679,4.500178009930757,1.0
4.13035975614455,4.605976368177187,0.0
1.6387663232598157,6.664311261855396,1.0
5.825797175854973,-4.555668009886373,0.0
-4.813918056948592,-2.5762359322476547,2.0
-1.443442031959524,0.09294928170337435,3.0
-9.731015618939827,1.240903355170417,2.0
6.752015363509102,-0.6856982784325538,0.0
0.857504367417441,-1.6351524775915003,3.0
-0.573069372012732,-3.673174901012411,2.0
-0.6437135276684529,-4.942109609034826,2.0
1.220851241705521,-1.657853748769293,3.0
-8.89846765132374,-4.771046661375335,1.0
-1.6514575708537809,-6.901954306060696,1.0
-8.693705982000854,-8.249539737890338,0.0
-7.237541574210882,-8.862597287574177,0.0
-1.7708042809060043,1.1147488025817474,3.0
-9.543984520636826,8.916194727234899,3.0
-2.945395890786382,-6.360149102281549,1.0
5.618618006269266,-4.316664624873436,0.0
-3.07107797458396,-4.913996594132168,2.0
-4.222906332502654,-3.5530842993362803,2.0
-2.262139991130625,-9.657575146086542,1.0
-0.7734249525746772,-6.966508302298036,1.0
-2.913269334065691,9.982608949612906,0.0
7.001598646485892,-5.536128251296093,3.0
-8.925110150524045,-7.019001826128566,0.0
0.5280410393175003,-8.736924851910397,2.0
-7.984527667001591,-3.9649448923877078,1.0
8.1304828242172,6.670223634788364,2.0
-5.983031820112982,4.093392776681917,2.0
-3.2753533008430917,6.229457731423633,0.0
3.424202070683222,9.281260595353345,1.0
9.442631282628419,-8.885900710932852,3.0
9.328548281712607,3.511823620417358,1.0
4.978471520846043,6.832272978071238,1.0
0.5472293010638136,6.416835254319963,1.0
3.1038017111747696,8.416630793645194,1.0
0.472539322171583,1.2769190190372903,0.0
7.490022225136986,-0.9274320260777298,0.0
6.832463311097243,1.4886818805494872,1.0
9.977581458163616,-2.583377564246163,0.0
4.976698245788269,-2.8864440062727015,3.0
-9.577341336032195,0.17282152794030026,2.0
-7.045140643538133,-2.316946006254872,1.0
-1.1170800181963045,2.230628807389749,3.0
0.37797012718103673,2.996495422843722,0.0
-6.62481123740643,-1.0697687060589889,1.0
-0.5632014858159096,-0.25398349705534073,2.0
8.54648071415891,-9.03818461933206,3.0
4.764717757134145,4.295512738598415,0.0
5.847072338241768,-9.553100097231194,3.0
9.19867208307162,-0.45708855916682545,0.0
-5.222756664962704,-9.89474566187057,0.0
-0.5254199497238083,1.1711016207351044,3.0
-7.5931765073705915,4.652158349921541,2.0
3.2411926650686063,-8.06264718044578,2.0
8.483262317495551,-8.568086696911749,3.0
-2.245645668746466,-3.2566042496465286,2.0
-3.2724074970240746,-3.9240727310446344,2.0
3.2870893565794663,6.620485823322831,1.0
5.931313462140027,-6.005985274012717,3.0
6.482055336875632,-2.1460451114292685,0.0
5.961311543703417,0.8099914189351232,1.0
-9.55380494464144,-1.4341421971288533,1.0
-1.502672330969812,3.6948783507586906,3.0
7.193435131745492,-9.044069049531904,3.0
6.280181101426848,-1.6592796944399613,0.0
7.1752226130948245,8.671145060035123,2.0
2.085974612427851,-0.8407029541773259,3.0
-5.89972284212068,3.766054250020897,2.0
6.917802589194157,-8.697451913169145,3.0
2.775794540753335,1.206453778749509,0.0
2.566004823651788,9.153574890209104,1.0
7.870169816550099,4.372955189651629,1.0
8.595013157418265,-3.8623206779610992,0.0
9.404202344776134,4.687492807088116,1.0
-3.4876426848500364,2.5414408798052985,3.0
-6.822786954308231,-5.191484971758305,0.0
-0.4778394739001879,9.053593373860387,0.0
-6.7445392028897455,7.068709071135718,3.0
1.599047724279643,-4.961958865190523,3.0
-4.214235062740519,-8.653156084912116,1.0
-8.109332405465892,7.759224411463457,3.0
7.817919960392434,2.6589579392735008,1.0
8.875119318418093,1.3078474688738222,1.0
8.214382323885882,-4.750857569440745,0.0
8.009973724395469,0.591589778512482,1.0
3.1259520339090603,1.9813050458965176,0.0
-9.497008052751108,2.4422068904055863,2.0
0.44975289911468863,3.9277360928377476,0.0
1.047669602465957,-1.3896959430006017,3.0
1.7209271337333618,-4.696960092802143,3.0
-9.259334556252384,-5.62210116500829,0.0
-1.2000199446323094,7.930345132790691,0.0
-3.219218567425745,-0.17751064203608635,2.0
2.9129690928277068,3.778896783333254,0.0
-2.1046579906452934,-6.276672959642906,1.0
-3.094129223312776,-2.4528176603126584,2.0
7.515715018479856,1.768211294028161,1.0
-6.616243450475849,5.970065607407429,3.0
-2.724361309757879,3.6062518186843207,3.0
-3.102439531074479,4.49570369905123,3.0
-4.936975067300762,4.137339570000583,3.0
-5.030221850615842,8.611543629509605,3.0
0.3829896700356361,-1.5694147408502612,3.0
2.4136574563629303,7.439322286784666,1.0
3.844915341529493,5.33593577602077,1.0
-0.7991381844602756,8.90932928772694,0.0
-6.97735256578709,-5.846329819649068,0.0
3.678777509062513,-0.372922549024711,3.0
0.5647753925556014,5.481783250974225,1.0
-7.942532001751124,7.2749058739003445,3.0
-2.1918399964922592,6.886496390739872,0.0
7.531362073971284,-9.586954251105755,3.0
6.637121750047232,-0.7334437165566108,0.0
2.8906473844616887,-8.343390907860462,2.0
3.8757600087501594,4.097488494906072,0.0
-7.958107464412443,6.250272206196499,3.0
-7.188147614665297,1.2887048819808467,2.0
1.9059751980043504,4.4877654554407584,0.0
-7.776659324757151,0.5371457161058153,2.0
4.030341580292474,4.458339149356444,0.0
5.184153440127993,-1.580361345282725,0.0
3.2535921061294264,3.3660856778498847,0.0
-0.5531082386406787,1.281782015325545,3.0
8.740042052448757,-3.3806596974921472,0.0
0.8762349167094214,-7.278276279315554,2.0
-1.9614684849476856,4.17765357493569,3.0
-7.406772854463528,-0.7446263467250951,1.0
8.765654248978045,-0.9262235764214193,0.0
5.120081168616114,1.1193474582287593,1.0
-0.2632351130778865,-7.082703373897843,1.0
9.076617130148868,3.016681655952622,1.0
-6.380108847364476,-9.752457660295216,0.0
5.84339258019674,-6.899073948909145,3.0
-9.672174102143833,9.287335158686872,3.0
5.2975472368104075,-7.8465705795377065,3.0
3.4017812016324243,-1.0099386959601517,3.0
-6.784602993176485,-9.746293750422891,0.0
-0.1768433960171265,-0.5867085775971148,2.0
2.5130709181750444,-3.0456949541734684,3.0
-6.456072071979855,5.889475155885801,3.0
-8.372201367499805,-6.083789758211699,0.0
-0.3329549822353872,7.8636603988676335,0.0
-8.682984263229338,-6.454792117504358,0.0
6.7868369558723955,6.440776992499277,2.0
-8.926243352035875,-4.973287160210456,1.0
-7.491207415354482,8.632474580375302,3.0
1.7698179121221855,-7.599580217448249,2.0
-3.0867610051308514,5.518385281062326,0.0
-8.531478686731527,1.6014284735892979,2.0
-6.4004852863234145,8.609124432172305,3.0
-3.933451466871716,-6.187622529181695,1.0
6.983868420768118,6.545847250562158,2.0
-9.611880441028411,-3.510570897150595,1.0
9.940869154123778,-9.725198624394435,3.0
-7.623828667624817,0.3841309728136757,2.0
-1.6775859854510635,-3.7295480696327177,2.0
2.083092943083244,-0.22883634749707227,3.0
-8.070701068564077,0.6886917174233105,2.0
-0.9233296447991535,0.09645195164994291,3.0
2.5823509969915257,-3.9420050700534564,3.0
-4.3728324570528,0.30050286392441095,3.0
-6.152844017587828,0.7061046186905546,2.0
-8.465491114514965,-6.146361395266737,0.0
6.329717372738205,2.3625764710186807,1.0
7.739261772021656,1.9156117179688987,1.0
1.5806017966928252,-1.045815185199519,3.0
-5.0446707266115975,4.6769512694377156,2.0
-5.995734940952692,5.8619452587297705,3.0
7.345618577356756,-1.0673823763390367,0.0
0.16253443626528963,6.910388157711992,1.0
7.566852796972896,-6.488923888479445,3.0
5.2867699980730976,-4.1487551973070484,0.0
-0.5268802856365937,1.43967620644748,3.0
6.189688228583488,0.9443821221842228,1.0
3.7029597799492677,5.190766337411301,1.0
-4.140364207253578,-2.197580224002749,2.0
-4.022459314019757,-0.4213788145800823,2.0
0.12295921544665589,-7.050814893143798,2.0
-5.882326563648093,-3.806485844712979,1.0
-7.9501935278796365,2.1776378379416013,2.0
-4.864584057385053,8.84325943440026,0.0
3.834299156355769,3.849276351641519,0.0
3.490757060342437,7.210118224238347,1.0
0.6472715104382214,2.114552368150024,0.0
0.477605311064238,-8.578238740132694,2.0
-4.382397417848008,9.802347956213044,0.0
-1.7952265546670567,-0.25432707587960124,2.0
2.6605751688950647,-4.988052528325304,3.0
0.22267339097086847,9.14891822966257,1.0
8.913398088063992,-3.0175849597150695,0.0
-2.707350650201226,-5.3389245581269655,1.0
-0.6965538237160747,0.5950320983847739,3.0
-3.027504871021658,-6.346916108524221,1.0
-0.7710020058137257,-9.42572428913784,1.0
-1.8345954790262802,4.562330905942751,3.0
-4.861206726839081,6.690782945389536,0.0
-0.9788726684804132,-6.318474268272318,1.0
-5.93962433288048,1.9510289321601508,2.0
-8.081962898328252,7.037458836565804,3.0
2.136278407955988,0.7700443768335408,0.0
3.60436017919435,7.022700166879595,1.0
-8.070020124948655,-4.719386918398117,1.0
-7.166009360395929,-6.057135052584551,0.0
0.7020480630325121,2.177003970745691,0.0
3.587530396677373,-6.25170169362304,2.0
9.133553483801307,-8.821044068267021,3.0
-3.9354261103270405,1.2407947741180063,3.0
4.617757487825365,4.497106123148274,0.0
8.511526408175534,6.695050019679439,2.0
3.165244942725632,4.788646856789127,0.0
-0.06591038982684339,-2.7141156671131643,2.0
-5.561226302005342,-5.164544405719651,0.0
2.552891769729902,-8.81175238102978,2.0
7.66957482287193,-0.7197234950224392,0.0
-8.284811083706634,9.90490325696054,3.0
4.922731845886863,7.103931960786415,1.0
6.13218648270945,4.689871425606299,1.0
3.268994090998733,6.344629256179559,1.0
-4.914660769321532,-2.3341159700394076,2.0
0.9206736049726967,-7.70949413346125,2.0
-1.2629974604056926,8.391022229026035,0.0
-4.864675394472389,7.470481516015216,0.0
-0.11351948753121022,-3.6605628157213506,2.0
3.4415041443524697,1.1766416785550717,0.0
2.213255680314635,3.4419556903284647,0.0
-3.1775689500553987,-1.1696199521040445,2.0
-6.492189595569031,-5.998789279784309,0.0
9.944108250699834,8.040321625007063,2.0
9.918614422477564,6.69996877943408,2.0
8.069488780879063,-9.716675152177881,3.0
-3.842948777962363,-7.539813641201853,1.0
0.8596508001501224,-4.739952698286403,3.0
8.791374879031299,6.466042776163189,2.0
8.76027536292979,-9.59300728831501,3.0
9.549959244226784,0.9128294948148774,1.0
-7.96110309306977,-3.143868757974058,1.0
0.6795299403208652,8.775633400224521,1.0
2.5560941861577646,-8.233422977321096,2.0
-5.494095090443478,-6.019326912869678,0.0
-3.7788390467089306,6.357065080924514,0.0
8.051387609163246,4.921514453997348,1.0
8.593442848476705,-7.056187302988279,3.0
8.817199023772616,-0.3339983483704607,0.0
-0.7418041159553361,5.642508348014307,0.0
6.009636782290876,-4.079630037545843,0.0
1.3585729138475102,6.6097725456217375,1.0
9.362598578885613,3.315815374792141,1.0
4.753773647145753,0.811789495381614,0.0
9.935908281691127,-8.285770435700371,3.0
1.140132515331791,-2.5119983137759228,3.0
3.1296781464052987,-1.6692758415664208,3.0
1.7801116764964497,4.658614288336857,0.0
0.9095056980499105,-2.0756357791835782,3.0
-1.2750590857059958,-9.533918157529463,1.0
-1.9557534388191762,9.922259048184678,0.0
-4.363629086043133,4.57663979226664,3.0
7.35704638698715,9.45250837941931,2.0
-4.1043832931416935,5.2377879186749805,0.0
-8.740179443110899,-1.9856783416581596,1.0
-6.463447308462264,-7.811302478064697,0.0
-1.7104988883757262,4.623670977617021,3.0
2.6656394513432673,-1.0828729970673159,3.0
-0.10767894309187298,-9.10675373225038,1.0
-7.127548523836628,-2.0100342353622613,1.0
4.504873006397201,3.9329714944560905,0.0
-0.4567916780237766,-3.908320310719679,2.0
-2.61324574029916,-3.727522842543114,2.0
-1.6481849863886584,5.72548484140437,0.0
-3.940984759287975,3.1402190115349864,3.0
-1.4392191362420732,-9.471393063664692,1.0
2.8619488523507783,-9.092852538971094,2.0
-4.661652418438411,5.729626445023488,0.0
-9.304721077819655,1.3082720086611328,2.0
8.546711532560195,-9.627590329640128,3.0
6.754266617183966,-2.657833933878015,0.0
4.533506125649463,0.4779164913624392,0.0
8.224364740324429,-1.513523154136145,0.0
-1.1085767578042454,9.465168953563076,0.0
-7.487226203135107,8.290447421713122,3.0
8.207589720254337,8.067433268314932,2.0
5.9299721366417195,8.21356737770832,2.0
-3.591282559687725,9.900435876148464,0.0
1.4425967760405776,-4.169925463290218,3.0
-4.461316742644479,4.753378757470109,3.0
8.512054457510956,1.458004713707643,1.0
-1.9284466138160532,-0.27953935905996374,2.0
-4.703952627204182,-1.6270746994501408,2.0
1.82039097915154,7.809473369623369,1.0
6.0901248382571325,-1.5544282973806247,0.0
9.32452363173623,-9.653072109732815,3.0
4.616200985410014,-7.355410333209722,2.0
-7.960771543054133,-6.534057751356301,0.0
-3.9136660893529545,9.760389990238124,0.0
-4.829961983939041,-0.10385655534330418,2.0
-8.190025805484613,9.020918446149686,3.0
-7.2084806814607845,8.658428051861225,3.0
-5.502424625290285,7.831304208642976,3.0
-8.080714408909543,4.662676280034761,2.0
-5.070768662802195,2.2787735404867675,2.0
-5.486053599811336,9.978928401804136,3.0
1.6549516417466776,0.9754937703373443,0.0
9.246145368966566,1.4836076310766906,1.0
-1.8970675119343596,2.447826413620122,3.0
-0.8253726240120258,-7.9466411022379475,1.0
-6.304365719679421,-9.36625182425985,0.0
1.33358772380452,5.484955906700373,1.0
-8.857843777898287,3.533732463519863,2.0
5.151312121697893,-9.07961803982805,3.0
-6.846523098211406,-7.4251760387928485,0.0
-8.310332688013569,-0.9106618099655766,1.0
2.1159153416291083,-4.186740093866506,3.0
2.338960669667806,-9.639990684805051,2.0
-8.119116844589254,-7.801906096095063,0.0
-1.0358100585384218,3.1985850536057097,3.0
-4.404131655931785,-1.6273843404825783,2.0
-3.6087758064650544,3.2544881618509365,3.0
-2.336985324963184,-9.12946749192178,1.0
7.095100539073609,-7.1897737195692635,3.0
6.437269463177902,-6.871146462621205,3.0
-8.359934188281816,-9.721350046116408,0.0
6.1989424418946015,5.537345083802638,2.0
2.3298501563503464,8.368244145896398,1.0
1.5426118090750336,-2.6250001020347824,3.0
0.06262587480711446,0.7466163450488104,0.0
-1.8933233206421107,-9.977592997558059,1.0
-2.973445799767493,4.184233187536472,3.0
4.686770537942291,7.3783787074727805,1.0
-2.907331265618338,-9.114077980738296,1.0
-6.2458561737916725,-9.244513848555307,0.0
-3.289305646452565,7.162122755322905,0.0
8.757538265142735,5.87185055258149,2.0
6.506133863031373,7.707018064753967,2.0
-3.1196527849717137,6.7002817115668485,0.0
-3.659710099584517,-3.9763766261452975,2.0
9.133996060059474,-8.86884057931664,3.0
3.4099064231500797,6.695186318728339,1.0
2.119896895346887,-4.495865527900751,3.0
1.3652292011620748,-7.690361915881625,2.0
7.56551747131272,-7.581424408125255,3.0
5.407571055512744,-1.395510499236421,0.0
-2.0095603669169932,4.8761031272811355,3.0
-9.894383850824191,-6.506690938468305,0.0
-5.7910853252018635,-1.081264794671311,1.0
-4.3342447514545785,4.098216711276175,3.0
9.215976511751641,-8.708916538603702,3.0
4.837752449950736,3.389789502667316,0.0
-3.0892651875142025,-5.262546696456223,1.0
-6.455728022305543,6.5326131127367795,3.0
-8.134115845715343,-3.9903856184857256,1.0
-8.668063354539239,-1.5593966365335543,1.0
3.0864770553037886,-6.266391203051242,2.0
8.145487363124786,3.8730171164394793,1.0
3.1735069999793737,-0.3938813642749235,3.0
4.4796960841372915,8.089397950028342,1.0
-7.410789525902468,5.06031865888103,3.0
2.6358990949767716,-0.2487697237232247,3.0
-5.743562777929974,-3.446328531273166,1.0
8.922571164102639,8.6251825212141,2.0
2.9789018523095336,-3.687005518463504,3.0
-0.5621954920393417,4.0304809086051545,3.0
-6.643551182296521,-9.980802478521467,0.0
1.92958462150116,7.15635830222697,1.0
9.134294276069397,8.692794358969127,2.0
1.1736310206541827,-3.5596043946260174,3.0
9.189741231982769,-3.0943821176745923,0.0
-7.586154571604203,-4.925358879777639,1.0
-2.5391945696488083,8.641716030903122,0.0
-8.919292439202325,-0.74591994080793,1.0
0.12009006450139381,-6.724808363650898,2.0
2.0761108442629883,-1.2600782809411193,3.0
7.6386214702117385,1.6573194947312295,1.0
-9.033573849020911,-8.826739995368825,0.0
0.6724451167617644,6.755833394252122,1.0
-6.346965203901924,-5.129584330661425,0.0
0.20240926541607074,-2.3072152468935814,3.0
-8.638911790981567,-1.3108251198633525,1.0
0.7148418248464221,6.789045772633564,1.0
-2.473507927190939,-4.961914353619226,2.0
-7.507750835302267,5.198872568749129,3.0
5.562524688347194,2.0332042121942973,1.0
-9.026693063841147,-0.6891564102958405,1.0
-7.430317967498963,6.060965798076342,3.0
-2.3444027377489522,3.251674885828278,3.0
9.578656207417776,3.931885386659374,1.0
-2.0483684536984326,1.0020361554203596,3.0
-2.75949227805585,-6.070025378545758,1.0
5.231370691403633,-6.977143524383433,3.0
-0.36215988889597917,-1.756979617083127,2.0
-0.9570834126343879,-3.6892686100226824,2.0
3.2570282408097526,0.9640390710466953,0.0
3.6239177326443155,-2.3273976893576354,3.0
4.697759843857714,-5.377309039570346,2.0
-8.512123070068007,1.178214780210256,2.0
4.309768996154581,0.8614589757956654,0.0
-8.499720753904567,-0.5039636591619523,1.0
-7.944216054365862,1.5862606700586142,2.0
7.047179758823333,-5.289247062042892,3.0
1.5199192587167936,1.549200332613287,0.0
-5.7038494610817185,-6.565452098956602,0.0
3.288981034129524,-3.40283080224967,3.0
6.9386157596521905,-6.547412422836412,3.0
4.037627768910205,-0.0843258342199178,3.0
-0.8251216762356677,2.23816429718922,3.0
9.438605319573938,-2.561540298757336,0.0
-1.6389974595966539,7.14041878649946,0.0
2.8104312086619565,3.1519256252555365,0.0
8.831671211148073,-6.429757341969397,3.0
-8.125510080830065,-9.449659751954584,0.0
1.0257085100903822,3.9477035796814857,0.0
-8.530472917067343,-9.93946410428822,0.0
-3.5877575521397365,-3.183606353568953,2.0
-9.275952900641196,3.8780484294315514,2.0
3.972856851372386,-9.873750819200337,2.0
-6.890811089582273,4.64814838530981,2.0
4.768085963871595,3.837038990889601,0.0
8.495777637192067,0.7195047656146158,1.0
9.285425900949612,4.345345516044228,1.0
-5.610882082487323,-8.629671682912816,0.0
0.1336144215719859,9.94919156928664,1.0
-8.277745686548702,-9.972571931207593,0.0
-3.632468916558926,2.54106983065836,3.0
3.7679723887386842,4.376220337861261,0.0
5.83645163288776,9.453561950405444,2.0
-2.724806085272842,-6.181823660231071,1.0
-3.6010895347519423,3.8466417101586075,3.0
8.958585059012886,3.3754019048899746,1.0
-1.6813850107241652,-9.742476516099723,1.0
-6.67009306318614,-2.8441842740239025,1.0
-1.1985739883475315,-7.022399002543551,1.0
3.5129244143185723,4.6195189528224905,0.0
0.7561633204545828,-3.830781950784214,3.0
-5.084012490575227,1.8131961949368502,2.0
-7.518618881529995,-3.0856621565169657,1.0
6.332471856462838,-8.201031954860929,3.0
-5.875750289011417,-4.928877810973833,1.0
-0.10749022471392067,8.697430435192025,0.0
0.07961999162235145,-3.982188396609885,3.0
-8.428843846108133,-5.644140336176486,0.0
-1.1595977405581053,-3.660549090579339,2.0
-8.309335547545489,0.614519265184235,2.0
6.828584423932771,-1.3518077134920414,0.0
-7.4710876824560435,0.41370754981700664,2.0
-6.540283793178297,9.498447101180314,3.0
-1.4298416014603212,3.398856638587869,3.0
-0.7949089928231672,-4.485381195095197,2.0
3.946528001635645,7.241081654374291,1.0
-4.785775219335235,-2.3702906278605473,2.0
7.416197253366391,-5.930928288573742,3.0
-6.200944761071245,4.13927853500385,2.0
-4.2907708170358045,7.917900527678864,0.0
-1.83634634178485,7.733288735671373,0.0
-5.134702913460059,8.498042367259991,3.0
7.277110576684301,-1.7721442459049985,0.0
-0.1846474585684259,-4.202096233444463,2.0
-9.107223685226625,9.695196958905491,3.0
1.56729356067126,6.877778313464386,1.0
-5.748342788807637,8.085102196480243,3.0
-2.380357788360583,-8.839309455010918,1.0
-4.133777982619322,3.7282896242419135,3.0
0.93801826824369,1.6856018799316494,0.0
4.7203776336036345,-1.9131938524510446,3.0
-3.0189127798313375,-2.4578683290262404,2.0
-6.508308379658785,-4.475500219706698,1.0
7.811793355525399,-6.321981609974888,3.0
4.847314614423324,-8.78370218663989,2.0
-3.4770146255739887,7.013095656973917,0.0
-2.988879659975421,-4.581141944227307,2.0
-7.315321569532851,-6.946829312325502,0.0
-0.48548607647961006,-7.765811847183308,1.0
-0.2178957059636133,-8.945841556092905,1.0
-3.9288274681619733,-7.1971960410340685,1.0
-5.5520662963728995,-7.575359702754721,0.0
-3.2539359020205687,-1.057082495725794,2.0
2.2964400418912607,-2.459630786947864,3.0
5.304283947965008,3.859364354506427,1.0
8.055421000528987,9.607666415198896,2.0
9.298498536308902,-8.92179074234135,3.0
-9.222645286194727,-9.072032120062811,0.0
-7.738659476699244,-1.5509504952239723,1.0
3.965519834770589,7.751738626614426,1.0
6.252013901507173,3.4523869028128136,1.0
-6.467494714072224,1.2343519850742588,2.0
-3.759179726169397,1.0923025176314098,3.0
-9.886476456783988,-4.775966193301113,1.0
-9.983944208930232,4.693903178544916,2.0
-2.59573339075917,9.50372423127666,0.0
-9.204027110875288,6.335778704940033,3.0
-4.258761128179371,-6.173358820238932,1.0
6.754132096180214,-5.75726267640567,3.0
6.52606696161126,-2.4695126349599867,0.0
1.8292801299311545,-0.6966275510230666,3.0
3.943708965964696,-8.432324113525686,2.0
6.59264564600517,6.083596365741521,2.0
-2.208044287490079,8.797951178949074,0.0
4.238413988118683,-6.493208695595902,2.0
-9.244292986057197,-5.973727942917018,0.0
-4.812668143408141,3.332520198596235,3.0
3.3203766721583463,7.062886923825943,1.0
-5.284681115863938,-9.274256476432654,0.0
-1.7528259789592031,5.5671398442780085,0.0
3.4728533830815707,6.136616103800495,1.0
3.277542489853513,2.3581109045608084,0.0
9.256540627076962,5.022249809901139,2.0
3.6178509951113984,-4.9039612471114875,3.0
0.8724155054596459,-9.404521795159855,2.0
8.281126093736098,9.631091786288714,2.0
-7.356558903725574,1.054454764796315,2.0
-9.17310111594578,3.6910204431646783,2.0
-2.654387659300175,-1.76741316636274,2.0
-6.622249620141892,2.542761948655233,2.0
-4.136992719726438,0.35907337932312267,3.0
1.617683286391621,8.545747952641307,1.0
6.985088378920771,-0.05134772582787406,0.0
-1.0896508661462256,-2.88615305463596,2.0
6.163806560299793,-5.613371973560812,3.0
-4.4682123914493115,6.531275944795063,0.0
-8.091293040354046,-0.21019419032654696,1.0
8.97855932534102,6.254499541021723,2.0
1.9389979174387797,2.7938398393299018,0.0
-7.1037822972013,-3.841878895481967,1.0
1.450941842719562,-8.879693345403387,2.0
0.5623139396096946,4.270982870949361,0.0
-7.616804700920974,-3.8697464443898326,1.0
-2.9588175923637428,0.7572143018057211,3.0
-1.9795041679847198,-1.8472929049606108,2.0
4.590265672777305,5.491829613781007,1.0
9.807200019413244,3.58074822791197,1.0
-5.982698942033576,-0.06853517510344531,1.0
-9.60931098187327,-3.8365240812534163,1.0
0.7157394092655682,-8.207616601910676,2.0
6.926249533562309,-2.052835176312591,0.0
1.9554943821844084,9.911386734486744,1.0
-5.984173422799007,6.059014491406256,3.0
-7.308559568419904,6.485629703594096,3.0
2.286451770542147,4.558854492050532,0.0
7.692658745854722,3.021239569074673,1.0
-3.546119342023106,-6.703492599791547,1.0
4.972772188867694,-3.5088821679913824,3.0
-4.58239986510149,8.670818231120663,0.0
0.2515006014885408,-6.914265849261076,2.0
0.052021073578137234,5.066486574053567,1.0
7.351148396027604,9.471093715417734,2.0
2.989168010921965,-0.20664140820963617,3.0
3.613938203040144,4.486137883884997,0.0
-8.16196861897209,-9.203856482763557,0.0
-9.161817602356237,-7.274777499404836,0.0
6.348665782774251,9.456863280013007,2.0
-9.491907681139608,-4.340042825058634,1.0
-7.389910323435114,-4.224080949617013,1.0
-1.4460235322700594,9.747349643193981,0.0
1.0069094276718698,-2.631017221758462,3.0
-0.39007522821126983,3.5657760117615958,3.0
-1.4473135069553944,8.90874281008444,0.0
-4.158290910633866,-6.957658835865887,1.0
5.25697390873556,-5.951986254304478,3.0
-2.0008307368822953,-8.74530534513439,1.0
-1.3622941694960424,-6.889305660015443,1.0
0.5173718355925523,-5.118640433378287,2.0
-6.333131576407687,3.467496762106512,2.0
8.491375246726783,7.566295471769081,2.0
-4.245370844775824,-4.482078193986636,2.0
-8.224388293208163,3.9354482413366743,2.0
8.47502729485845,-3.7737318330118725,0.0
-6.180432807606699,-3.9538713154122025,1.0
4.845886558175618,5.325101841649529,1.0
-8.445530491053931,-7.593863077208846,0.0
0.38158243201980113,2.291346075418261,0.0
8.467811887304876,-9.828397729761917,3.0
-9.837909996075178,-1.8636979495447665,1.0
9.116365990853971,-4.6514542355218325,0.0
-0.45772032896918624,-2.617777933290018,2.0
7.026352860172047,-4.095191433752124,0.0
-2.3807127216223307,7.628342213491457,0.0
9.970029450074954,7.073554448822797,2.0
0.1368566234514912,-8.236405316893126,2.0
-6.022604872634709,-0.08535487873821523,1.0
-0.3908275205722127,8.353494419110493,0.0
-1.401330990230056,6.105280945057707,0.0
5.56135813471893,-1.6901878863908522,0.0
3.0065865954007194,-5.735767952682361,2.0
3.9159348892190327,5.309694480610023,1.0
-5.283337263271424,-1.9755425216573315,1.0
-9.990036630467467,5.989101187439246,3.0
-8.712410770608143,9.279472790245752,3.0
5.320106592823624,-9.826031702789699,3.0
-7.854456622001765,1.6179280198062678,2.0
-9.4809205212125,-0.1281021449641191,1.0
8.90606642014641,-9.43504983760024,3.0
2.7925283332031157,5.245626155327816,1.0
-9.026689658835167,1.3037180126378285,2.0
6.256071163981812,6.504832918316222,2.0
1.6429648869527895,6.340377613686357,1.0
-5.237546792745118,2.409368844994786,2.0
-8.349730646006313,-3.3001826541541623,1.0
-8.355620117114789,4.234170636504388,2.0
-1.94680395669927,6.6972313077170575,0.0
-3.011817857623673,7.505168820593976,0.0
-1.2852413597268875,-7.493525086167365,1.0
1.2324682789955013,-1.8145778679483975,3.0
-2.060871195353018,8.891161196584008,0.0
-6.763093102461832,-3.6206245561223227,1.0
-2.017622284452189,3.076584932212983,3.0
-2.6184814638674343,2.7579637010366937,3.0
6.1107044497096865,5.620435558015783,2.0
4.167394421151618,-4.968476230170353,3.0
5.282727323496751,-2.063962572807972,0.0
-0.4667695653842294,1.3795507771053295,3.0
9.650349077485416,-4.496321188438603,0.0
9.771648729477839,1.2475186952156072,1.0
-7.325685955655339,-5.347074123081819,0.0
0.20506932097011799,-4.3121683316147275,3.0
5.53857435075779,-1.46886632041765,0.0
-8.156378497506152,-8.971663365794107,0.0
3.1669812500771783,-6.181503260084009,2.0
7.097616733954727,-0.9924507533151683,0.0
9.66789911920987,-5.43919643717222,3.0
-8.52491152416584,-0.6537371407754158,1.0
8.854174317232967,-8.265046340868462,3.0
2.2965248757462255,6.622892264259065,1.0
6.336663669281609,-3.0376755648520204,0.0
-4.43752719773133,9.97597702459479,0.0
-4.45133739187114,7.914132353747821,0.0
-0.6633756371851511,9.458603147129015,0.0
-8.726045494190327,-1.5695069018563945,1.0
-2.5176242566829448,8.342342909562284,0.0
-4.705915461523864,0.4321537304616019,3.0
4.32979505832404,8.055023931626096,1.0
-1.5067006325178252,1.8966128808165372,3.0
-7.57280079769691,-1.7812047695904791,1.0
-4.240356210768512,2.3972980386055553,3.0
-3.5363793948143663,-3.8679554130016403,2.0
5.037670904434826,-5.903935289187765,3.0
6.264973841936282,-0.8491163818263061,0.0
-9.93366248208744,3.9413860302090686,2.0
1.7946331031447862,-6.952387626363552,2.0
-4.733128878023094,-1.180376751126591,2.0
4.6780262201196905,-3.2699866890528178,3.0
7.132067905498932,-0.7788690351568732,0.0
5.524600336453831,6.314708480322885,2.0
6.876408138328237,1.5691418333471177,1.0
2.6979758472553854,-8.707174645525754,2.0
-5.068243062637087,3.3920795415989975,2.0
9.059289190975012,9.82174929483126,2.0
9.540101062249807,6.476997146762461,2.0
-8.490238188194814,2.564006716103597,2.0
-5.6037824212125065,-9.57453261979153,0.0
8.325233121783235,-9.39082289539192,3.0
-7.2162145648368,-1.670224449156061,1.0
2.662489851466095,4.425681430342806,0.0
-8.262740179419188,-3.2930127524327606,1.0
6.64873159335643,3.908486928450735,1.0
3.2284776850212378,-4.993449953753045,3.0
-6.927457933307879,-2.053830111231811,1.0
5.921158304609978,5.316495917691622,2.0
-0.621921533285569,-4.897131243579529,2.0
-8.012745361414835,6.822969969580615,3.0
4.939858696073863,0.8909790828655559,0.0
-0.5898830318656607,2.684890995967457,3.0
-5.911804200380077,-8.999449460519157,0.0
-8.607885815725552,-7.205557342497812,0.0
2.9216097964869103,3.1796139858316845,0.0
3.517157171165211,9.619089308053113,1.0
-0.07556387161041123,1.3032722618717223,3.0
-9.12202043492001,6.038243469134262,3.0
-8.355698418363286,6.366364150390943,3.0
0.15371091455521224,8.002524507285543,1.0
1.2498365372416416,4.948455410780985,0.0
7.897664481931763,6.33748044484533,2.0
-1.7297291406400461,-2.2410907027003857,2.0
8.16273112797148,2.2652870336818225,1.0
-0.15406355576143227,9.892185595684374,0.0
-7.974239210329925,-4.060719022031545,1.0
-7.6715713555289895,6.149554471373982,3.0
7.300034170497284,-1.9594055604143517,0.0
0.9344995897403976,-2.8386550519369136,3.0
-7.84435292622383,1.4977580862222784,2.0
5.7758382552486065,-5.781997376602382,3.0
2.9662910317032996,6.914362550695717,1.0
-2.8642719826820535,5.407115639346253,0.0
-2.4734565830054205,-3.179961758121399,2.0
-7.998990714540859,6.961024894680868,3.0
-8.006576959951863,-3.8266275847472286,1.0
-9.277933121843231,-4.45912174601677,1.0
-4.213084327570673,-4.837432109498496,2.0
2.910367295912577,-7.6434478626896984,2.0
6.00907728918413,-2.2667207091606016,0.0
4.952968195767173,6.5775877061407755,1.0
-0.6279137317906329,-6.5028476029046,1.0
-0.011366361625222865,-9.169632636182499,1.0
-1.301935594785128,-4.751301790828233,2.0
-7.797173086686826,-0.048431283313410844,1.0
1.4739771180529875,6.040613346502969,1.0
0.1789375736198462,-2.16989638658376,3.0
7.277144863054957,-5.294551138187186,3.0
2.9048719534728047,4.948522841367941,0.0
0.16953683220164706,-2.9396642439159004,3.0
-0.7824627931206667,-7.325834545851347,1.0
0.32593956202558516,7.461468620166741,1.0
-8.523052787254352,-8.978604743481156,0.0
7.184342248765631,-5.2274781691538585,3.0
-6.960743184393929,-8.512610786077005,0.0
3.9963929587526685,-1.6546566736875068,3.0
2.337236692039701,4.160350317087808,0.0
-5.314722257832645,-4.841508985364003,1.0
-0.11702711171381175,0.6059601252180276,3.0
-7.153083048992716,3.496274239797625,2.0
8.274790707474445,2.528584794308861,1.0
3.2563929322911314,-1.8808625404502948,3.0
9.146651490706109,9.04044398319455,2.0
-0.2635359164415174,-8.27688100210802,1.0
-4.750641494794201,-8.52322233073499,1.0
-8.212953732118697,9.185172921031935,3.0
-2.810332625627874,-6.954220506345088,1.0
3.4861317082862637,7.341317611859239,1.0
1.685864195634906,8.784043799284404,1.0
-0.1045832732820422,5.405693288310516,0.0
2.033711526207867,-8.274834246015114,2.0
-1.5094379831300753,-8.783112384333744,1.0
0.9400925094244137,-4.547168933890633,3.0
-1.9242198838599993,-1.3283412485545814,2.0
3.3979535545067705,-5.852970055992081,2.0
-4.977196702560917,7.523963811520623,0.0
-1.8148352082958414,2.4253137366246236,3.0
-5.799198969681503,8.752528858263563,3.0
7.871871982355504,0.06140621670008528,1.0
-8.7909625242029,3.956111063490429,2.0
2.0167267774087545,5.710045514011551,1.0
-3.873458006431278,7.703248440984783,0.0
4.8281873860220905,4.567134271795082,0.0
0.3526200771143184,9.836830340897034,1.0
-1.6807863281614956,-1.7785190684731162,2.0
-7.267946593121675,-1.6273848637546724,1.0
-8.248507505535617,-0.8109164063162559,1.0
-6.2927395380673,3.1536452796859002,2.0
1.2157551620503337,8.37712667880741,1.0
2.084598988365464,-2.3218552821805716,3.0
4.648627800514822,9.320768358244798,1.0
-0.10781981923854289,2.3393777800020246,3.0
4.371403951741215,-9.029928867829017,2.0
-7.551441697400884,4.637497758680302,2.0
-4.559803142685716,-4.743781655565289,2.0
4.397994163186674,7.2975704258690755,1.0
4.453619661220214,9.734110995975133,1.0
9.942712484197092,2.903936414006946,1.0
5.446056936158268,-3.8931647567223564,0.0
-5.007097943145659,1.9331691363148629,2.0
1.6930057156260592,-9.249206332581487,2.0
1.5802686744696643,1.2040847431299557,0.0
2.9883336537151894,7.9771297924534394,1.0
4.8199353213253175,0.4265412587969628,0.0
-0.1995492496785083,-7.5548768270994575,1.0
5.682672736379438,-0.03092389652205263,0.0
2.1831913316338873,4.0202934744619245,0.0
8.812483304956395,9.363242790768776,2.0
3.9993853252581815,8.718721725015016,1.0
-7.056020797159439,1.8902693749960857,2.0
9.951359679045034,9.084938667192212,2.0
5.900775621215038,4.6604737463435,1.0
-4.037075043393525,-3.017506241318129,2.0
-8.827968997210732,-9.475161723684629,0.0
9.960184006925061,8.165546505726535,2.0
0.7019404204663111,5.4621929292738525,1.0
4.43053315393869,-1.9391961273208391,3.0
3.565163544583429,4.091691849658929,0.0
-5.462335621047849,2.59774702647098,2.0
-2.9868876327118254,-6.695614991568142,1.0
2.5193401039802623,-7.386379199457506,2.0
7.8233953177081546,-3.82804417366825,0.0
-7.297062496857789,6.792164911271353,3.0
7.03046881983099,-5.393590365771854,3.0
0.19420992567645,-2.838059592729067,3.0
-5.829235778689985,0.49150749602718946,2.0
-6.813141761223173,0.6936373163788296,2.0
-9.11138505367604,8.513072769849515,3.0
-9.478573619320285,-9.627971284244737,0.0
-2.589166325037189,-9.904344942765,1.0
9.788539224355805,-4.984077673225842,0.0
-6.833114221644625,7.290415909245045,3.0
-9.877943402417518,1.335258134040071,2.0
3.1421653941767396,-9.66008259561882,2.0
-2.0522359260350864,4.128935185976735,3.0
-7.32851759129858,4.302118719278312,2.0
6.665862257151712,8.169014509277094,2.0
9.821219727934213,-4.9425871050917,0.0
-5.6523451631059345,5.2948624903064,3.0
-7.714677413800571,2.883110084820542,2.0
-7.832753029546233,5.3486008751802,3.0
3.774225725040626,-8.169794112259796,2.0
-8.944071231144315,5.597529531333375,3.0
3.516341458643513,9.69942014974771,1.0
8.776032010320368,-6.036150354811937,3.0
9.867035436992992,1.5396908939104215,1.0
1.1704773012133707,3.8259066519854947,0.0
7.217588333430875,-4.524469669549265,0.0
8.35247815619362,7.809576772582702,2.0
5.662907265485533,7.55615476466517,2.0
-6.202340865244613,-6.1938752060130975,0.0
1.4696361051358657,6.760001626635873,1.0
2.899269361510333,-8.392918999143777,2.0
9.647003456172214,4.701700443987987,1.0
-0.13021505800107747,5.609195495157325,0.0
-4.303667910103273,-7.474180746298571,1.0
-1.3117127399176614,-1.6755945908094798,2.0
-5.286278331071013,2.978620073564457,2.0
-5.908483446252715,2.4668486039542863,2.0
-6.027766090548372,-7.25562694979139,0.0
0.8250547355070417,2.527338778256432,0.0
4.022133130069697,-9.590965225887697,2.0
-3.3775396627920973,1.7619223767876608,3.0
-1.0550695030291486,8.99831399319337,0.0
0.9346361145660698,8.097975412989602,1.0
5.327482706241522,7.599614130478031,2.0
-4.235376608846472,2.325929651898777,3.0
-1.8800095867435616,-8.111804165467383,1.0
-1.948703262599194,-1.502987677290438,2.0
9.906845665635664,7.817867802348346,2.0
-6.104007756952616,-9.807423932894231,0.0
-6.999779353977753,-0.447520925771844,1.0
-3.2383302469692676,-0.5986502319419102,2.0
-5.514582663673677,-4.457448685938948,1.0
8.260479329782243,-1.2266106032377433,0.0
0.5288436961694405,8.625196806611918,1.0
6.8969887016605576,-9.041963930504513,3.0
2.897019037369331,0.19096870432966995,0.0
-5.05698893930149,1.684629601438452,2.0
-5.479299783146416,-2.1751129167896277,1.0
8.596521715858149,-7.519818435582035,3.0
-8.482043217587611,9.179035692703831,3.0
2.8805490551201096,-8.029185034650277,2.0
7.66944835548356,-5.88712316363236,3.0
-9.32289367038962,-0.06334079771174395,1.0
-1.41969476160134,-5.294871213799843,1.0
8.688836014632642,-8.919881396110709,3.0
9.419479757635195,-8.964929745179909,3.0
6.371117529141273,0.8167725417651095,1.0
-3.549767084346249,-7.290156464554838,1.0
-7.629238700640424,-1.0037930491083014,1.0
-0.10479397889069375,3.0203396940228178,3.0
-9.031336539863288,-5.815938713084064,0.0
-1.1945236052509305,-0.6802351254034527,2.0
4.58920293662533,-6.238119209815496,2.0
4.549408011931217,8.157560239722393,1.0
-8.305939074739555,-1.2056129270567908,1.0
4.405183953057447,-4.610910364842564,3.0
2.0718736738798498,4.1389893785424,0.0
-8.018596436061094,6.252944240727519,3.0
-4.448680767381767,9.949074867072348,0.0
-1.6006121995891025,8.914160081810266,0.0
-6.719693925487387,-7.8870543696495705,0.0
8.084470361602452,-0.6493075735946441,0.0
4.711039787120896,8.761624529861088,1.0
5.797349263881998,-1.905485619023997,0.0
0.6646827193139426,-3.030173262008919,3.0
4.270569659122954,7.1682031878861885,1.0
-0.19579249372397634,7.945662585413743,0.0
5.379144983331713,-2.5216873671737723,0.0
-2.732454149507184,-4.377825707232239,2.0
2.3196753422485656,0.2450149122302392,0.0
7.072792644613429,-4.800347784252825,0.0
9.660546940170388,9.984148250526463,2.0
5.441896003232575,0.6948875619640269,1.0
-5.818268486556999,-2.822174359686514,1.0
-8.976650249459631,-9.047061865829317,0.0
0.05883521942981851,3.507889497367767,0.0
5.422178871298888,6.628183712254383,2.0
5.680269474069984,-9.712583742050017,3.0
-5.866876855855729,-3.815267401353646,1.0
3.329232396930138,-0.6187702528404699,3.0
-7.879465956245468,4.375565976061811,2.0
-7.057173556373131,-5.656418565068906,0.0
7.856684351333609,5.837951162084165,2.0
-7.272842962800514,6.724749250183752,3.0
-5.446015034172909,-3.2850527312198334,1.0
-7.11282307780877,0.2890903945907617,2.0
4.615431648107046,3.8439018737587283,0.0
-1.2886533253094985,-9.677578561993514,1.0
4.695797888544025,4.504032170033561,0.0
7.163265532191211,-8.85668310993158,3.0
-3.9063510424350962,4.46088621128645,3.0
5.40940405754789,0.5598815229378413,1.0
-6.057821505502696,6.586612991201523,3.0
4.445481457482529,-1.5563963046106402,3.0
1.6249465920647275,5.280125835358598,1.0
5.678218237800346,2.657230194201798,1.0
1.2211882381953991,-5.557750682952065,2.0
0.0420476027857859,-9.091291779057467,2.0
-9.498145951992063,-1.5901535783442018,1.0
-4.9144682036939376,-8.411255096623073,1.0
-6.613796217442602,6.525980207984041,3.0
-2.8078236200159807,8.162045291827344,0.0
0.4461254207819323,2.8981298475821013,0.0
3.047082126286508,-9.937125191001526,2.0
7.9912570378925984,7.855208233028797,2.0
5.869422677149249,4.347297322531929,1.0
-5.732700928316207,8.578655120994888,3.0
1.0909190963739022,7.888321452595779,1.0
-8.617810718654804,6.807834520753463,3.0
-9.233738378993607,-3.098021062993781,1.0
-5.710142950459048,-1.8759000694660717,1.0
6.349417002786769,6.996109430133625,2.0
-2.8100888292302395,-6.0170073934835155,1.0
7.74341249059772,0.03126695296909965,1.0
-0.38667975917899255,7.987754547471493,0.0
5.0751702940610635,-3.5120119223524853,0.0
-4.581974473853938,5.138355361097819,0.0
7.931740806132911,-9.107870881500792,3.0
-0.7913483777058143,3.5655720813567484,3.0
7.507489698892218,-0.09165726475272606,0.0
-4.588932830857589,-2.738280676271274,2.0
4.635593743574995,2.6837755041645437,0.0
-3.446419435302306,9.468169834982405,0.0
-6.208002317998651,7.313563163497015,3.0
-8.067321696391378,6.772535097083296,3.0
-5.06237049497722,-4.949206531667283,1.0
-0.7069492114989266,-9.231140014737605,1.0
7.292589164619699,2.5820081597480424,1.0
-8.212353467224622,-6.805343251213378,0.0
8.717474812229845,4.441794985133647,1.0
-5.130385385936274,-8.100928360821701,0.0
3.5386580931262976,-2.5112711234642493,3.0
1.9437251457355167,-5.448320495962609,2.0
-4.83657005759458,-3.7392729376488827,2.0
-9.497017570857443,-7.702263216197249,0.0
6.192639586609374,0.8596229798321815,1.0
3.980016735459291,-4.25329318843743,3.0
-1.6377910207189892,-7.039513802446759,1.0
-8.646889579038287,-5.102272669289107,0.0
-7.831040797155035,-6.318428955726678,0.0
2.154024280053221,7.578408052980624,1.0
5.360491043864581,-8.701614380216993,3.0
5.049208261873076,-4.868251859707009,0.0
-2.610242586271225,-1.8852307071402379,2.0
-1.5403811662604951,-2.0192363594461167,2.0
4.873311298641212,-9.905803425106344,2.0
4.554479538048435,-8.986821461795564,2.0
-2.1584207031174296,-7.239697939058809,1.0
-3.5509379932439327,2.964828241580104,3.0
-5.62280926810824,1.6099522806455564,2.0
7.947480340098792,0.5395488258611643,1.0
-7.690181055809379,9.943974440663549,3.0
0.8747951457642333,7.102582074492798,1.0
-2.4227922787205314,6.957284768644687,0.0
-0.591883334872275,9.292959980340004,0.0
-9.27566309352616,-3.3112649030719226,1.0
-5.16364210559237,-4.492650349783358,1.0
9.19892658761729,4.4788299744100755,1.0
-2.839921709270577,8.070466694788681,0.0
8.575762763797247,-7.296699622141729,3.0
5.844941612165622,-8.496669578017384,3.0
2.939873724122826,4.029043267516331,0.0
-8.858434371026378,1.683640720111729,2.0
9.473179958373422,-5.374070482238529,3.0
-6.930181983391495,-6.847153344771164,0.0
-3.5980455152133555,6.837854271901218,0.0
1.7869899385025647,6.720300654633228,1.0
2.3579067153143427,-0.12139620586081357,3.0
5.673160386536988,5.4655727829343626,2.0
-8.702257498786592,-8.011516772071559,0.0
3.1618232239991144,3.003124376680118,0.0
7.980332471007095,8.876119439931163,2.0
-7.105784042461119,2.543816146099058,2.0
9.497660408421815,1.3113933073579247,1.0
4.835183615575966,6.744706801857909,1.0
-4.560112412659432,-9.10989558009889,1.0
-5.149026026882146,2.129547098770317,2.0
1.997782181479046,8.06028808680415,1.0
8.719016680675267,4.769273315727563,1.0
-4.267397588799278,6.82854860092041,0.0
0.9625605235538224,-0.07271115726699406,3.0
6.541236059372942,5.369288608852942,2.0
0.7182702813290796,2.451021040084596,0.0
-4.166100208408374,-0.7622639151822757,2.0
-5.891581569626929,2.189741633276295,2.0
0.7356306814692033,-9.767693138226786,2.0
7.009471148283083,5.829573941253583,2.0
-7.286455693513574,-4.13381609144523,1.0
6.816013995630584,8.058315814431186,2.0
5.409618449261044,0.9090301049889593,1.0
4.0221317516588755,-3.5359054964464427,3.0
2.575896514921908,-6.5127532841328195,2.0
-9.315104172700563,8.364287707698328,3.0
5.459717641677981,7.853787820463541,2.0
0.7522956119067423,-3.8038899532576753,3.0
4.366330323763991,3.0706525958685216,0.0
5.5728292816577625,-0.5261264789210642,0.0
6.425238746649573,0.5672134854418047,1.0
6.202503548281037,3.275617531204137,1.0
-3.324945169774212,1.5398519564489437,3.0
7.3826573774581234,6.919529633122636,2.0
-7.992809212059358,5.436515037979376,3.0
5.930113809865947,5.44982913935198,2.0
4.357314355332267,-9.079613338377152,2.0
-0.10509509029887631,-9.897554068650807,1.0
-9.928762397309978,-1.8759928332859168,1.0
4.4222412417359696,7.287300776493318,1.0
3.401051186667935,-0.5467716937341276,3.0
-8.409798625664596,-6.31505159095493,0.0
8.51887176824959,-5.974194617969088,3.0
-7.156032352852284,-8.136209217324256,0.0
0.2787914692163369,1.9366225539425592,0.0
-1.8758635002319863,-1.5864661236674067,2.0
-6.564591573637745,-7.700143613793844,0.0
-8.164040304045946,7.070948953247466,3.0
-8.903063376878046,-0.7507781112323535,1.0
4.919203620672011,-6.603271626479388,2.0
0.6583137837817983,5.392310090825099,1.0
7.189399027735,9.732654120233232,2.0
-7.579168586070006,9.080567514127424,3.0
-9.661165384553481,0.6904161005757317,2.0
-8.392465866607965,1.434619625102016,2.0
-9.581828049468333,5.972870439111347,3.0
5.465520047661618,-0.05240671785506912,0.0
7.456536766958845,-7.913678328321943,3.0
-0.6104662036118427,3.53245493627872,3.0
-4.333449413089452,2.131093241183555,3.0
-6.886956823879857,-3.820756153220093,1.0
-2.0304916186730493,0.5075612925030448,3.0
-1.1056081248077572,7.428878222698792,0.0
1.8538143120308863,-5.173568650576645,2.0
-7.866186862968087,-7.891583410394896,0.0
-8.942190274793091,0.4663267040470753,2.0
1.197434570597224,2.0267371135164822,0.0
-9.438460413002332,9.061247123470125,3.0
3.430875852625924,8.178942310274294,1.0
-7.47418377599838,-7.286097472624911,0.0
-4.68308526010305,-3.166325395871336,2.0
-9.855668175812669,1.6986184764603056,2.0
-7.7128510202183715,-5.8845664510840905,0.0
-9.638595792572795,1.0727493333484261,2.0
-1.1166714102628017,-5.1407310212762924,1.0
5.364391271857411,5.739383684351754,2.0
5.928336984664295,7.249220212893871,2.0
-3.3827336585641294,6.140732767427657,0.0
6.480375236646633,-6.706680134179932,3.0
5.10654397638074,-9.986573626403196,3.0
5.970929291834047,-2.4472351939059482,0.0
1.0502949652201679,-1.2852921187225679,3.0
-8.409361119695692,-9.165314092561186,0.0
-0.110841756700232,4.180608084040216,3.0
-6.279880534715074,8.667718530722887,3.0
-7.636005423204177,-9.945773794607383,0.0
4.755303704801893,-7.668551717911516,2.0
-9.922953748924623,-7.859779340342065,0.0
-6.230634966111362,-8.550192675410193,0.0
-6.906390497763546,-0.1989764989003504,1.0
-9.209030548777937,1.6676224665551835,2.0
-1.705623611527006,-5.887657305612633,1.0
2.511292806120533,8.054089154172964,1.0
2.3535875762278096,-2.046187353101992,3.0
2.3523177284217525,7.99722015378353,1.0
-3.6894769898470763,5.317716390038353,0.0
-5.653153406302143,-3.8699759343772033,1.0
-1.6264551008670107,6.481550322616435,0.0
-5.900466484907478,0.108996591914849,2.0
-1.8876080791031207,-4.662185217475383,2.0
-2.258399646390437,-9.800779100849264,1.0
1.7721189478634862,0.39415502213902265,0.0
5.2774977160800525,8.851625276550056,2.0
-7.876038393169518,-8.626882029411966,0.0
9.667709185503227,-8.338534554541477,3.0
9.686679160123173,-4.42528568791551,0.0
9.603324525288766,6.001931092661987,2.0
8.062377683139513,-9.115865247256448,3.0
-3.968439598527125,9.59204741759136,0.0
-0.49021358980351337,7.640888256707392,0.0
4.12401827696171,-7.109835719351847,2.0
-0.4596046104284053,-8.052513753692486,1.0
1.5495116230608161,8.230469790395485,1.0
-5.562819009938362,-1.7357772976274592,1.0
-2.7676396014937055,-2.2354925362710842,2.0
-5.054162042105494,0.24853914506706332,2.0
-9.988247161282688,-6.370027894945325,0.0
-0.060585392713681685,-4.058605642664537,2.0
-1.414600576799451,0.18085861043314289,3.0
-5.788586978951162,3.4447202080243837,2.0
-5.982579280267759,1.8378705893585927,2.0
0.6821642561214176,-2.9388616111557635,3.0
1.6751791881658296,5.851764013000661,1.0
-0.43050434274965355,4.4156621902674615,3.0
-6.84034589865846,-4.79785678541943,1.0
-8.654566856734714,-2.192107574835709,1.0
-3.0275297882243235,-1.110426355464739,2.0
1.1470184036087776,-4.297185481986919,3.0
9.389824187519782,6.178193354033461,2.0
1.5930672499583647,7.7317360673169375,1.0
5.751217420091452,-5.74881890675311,3.0
-9.134326380932169,-7.650608647095685,0.0
-3.123002511578658,5.512964679363613,0.0
-9.891559841792123,-9.117973615653359,0.0
1.5554740598864605,-8.404804995065154,2.0
2.4041078207170674,-4.889330934421672,3.0
-1.4040828999693122,1.054863703358592,3.0
-9.041956286625648,0.3924289215797767,2.0
3.494352317328813,-0.729683987522181,3.0
7.685242916031584,-7.853944247847577,3.0
-7.423635260453834,0.877001667237419,2.0
3.2696041141984633,0.03391564979249573,0.0
2.7895437833743024,-2.603706381769804,3.0
9.002970115419568,5.679985870629016,2.0
4.832239329338311,-8.360354654594015,2.0
3.1249363626901268,-7.69324575876611,2.0
-2.822838751986499,4.1259190239424,3.0
-8.056836836653464,0.46481389636426407,2.0
0.9463672664780134,-4.171065924133401,3.0
3.0336079888420855,6.480623124230615,1.0
2.6495283411691,6.762152415320006,1.0
4.610644626329059,0.935910396352762,0.0
-3.5774035368542467,-4.013201552730202,2.0
-4.630256689286569,1.3271601374265796,3.0
4.479858517661217,6.697205353075727,1.0
7.407101411137408,-2.345716842694296,0.0
-8.84497249597982,3.6525943721130645,2.0
7.458641574446993,-6.988886076013929,3.0
-1.9506125093768567,9.290625639860945,0.0
-6.820998180792952,3.6526279287822874,2.0
8.504385635774184,1.449249890722502,1.0
1.160376361822406,2.988271108373983,0.0
-4.34036379991033,-4.870794335609425,2.0
-2.67730495084046,3.557481751370876,3.0
-8.23086744976695,2.0612804443415556,2.0
9.987768924876217,-9.428970659196779,3.0
9.840435167292576,-7.889733599925708,3.0
0.697384947187647,5.922586157828212,1.0
6.967894719351833,4.546879316172284,1.0
-4.203689629419909,3.669447439673254,3.0
-0.22378707841106404,-4.208390071156305,2.0
-6.1924691787307236,-9.108347234183158,0.0
-8.982589104142747,5.776318394761503,3.0
6.856071537518794,3.644174044589006,1.0
-9.498750565007308,8.924797658211276,3.0
-8.045195598414882,-8.461874437966323,0.0
-6.627098588202345,-7.228745658187423,0.0
-2.614273103433278,0.6192730247545786,3.0
1.8019731464312034,3.4969425529649527,0.0
-7.762414017000427,4.942616705671314,2.0
8.068072965054348,-7.035593369292188,3.0
-0.16538548528352592,-5.241782757738145,1.0
5.708646395871231,6.430845937644648,2.0
1.4084227098450555,-0.7023609191324187,3.0
-5.238006116739051,-1.339159848095008,1.0
-9.32572458631147,-7.1655798059284015,0.0
8.778276511236633,6.825904931719748,2.0
6.548630269706283,-4.997864414154822,0.0
3.938431408034841,-5.7748221259095445,2.0
1.2010289185903833,-9.503633041274997,2.0
-4.615301818912803,-6.945876937659053,1.0
2.8582991465681484,4.985569882458149,0.0
-7.81589172559544,0.31333743011883897,2.0
-7.501654522087717,9.289318376523163,3.0
-5.129941138483051,4.018276977513086,2.0
4.280916660399818,5.1957305981394875,1.0
4.564957866405539,-2.6154117698720203,3.0
-9.148327843508692,-9.69271198379743,0.0
0.7447857274589698,-1.175048617401126,3.0
3.4024045409766313,-4.600772919737515,3.0
5.555984137248792,0.7959557268456745,1.0
8.227859785898733,-2.1217024660948347,0.0
-3.1435807041434494,1.7930630523579634,3.0
2.720631214458649,-5.264568516426542,2.0
3.204990958150397,2.8612568592691865,0.0
4.192195843497011,2.889430356711891,0.0
4.159546999373491,9.465393832084306,1.0
6.874591025736866,-6.7878026225250965,3.0
2.2723027224822197,-5.723042541957419,2.0
1.3960605368799186,-1.5236030666284641,3.0
-1.602998023089416,-4.541963310432388,2.0
6.502680770487466,0.9943263008440351,1.0
5.945945323234408,2.445942340424679,1.0
1.871393867328381,-4.536661145032754,3.0
5.7061631062510365,8.300056639108327,2.0
-6.992344389101035,-0.2615885020583839,1.0
0.9153108691615408,5.298284359063421,1.0
-7.705879335158445,6.539511637898446,3.0
-5.590837261640624,2.1839109689929987,2.0
7.449330483573885,-0.8478832324130448,0.0
-0.11235218261295365,-5.94519525579414,1.0
9.163021114923026,8.736053337690947,2.0
-5.85643707531184,-0.13528331729143872,1.0
-8.098455684489625,-2.360720037795769,1.0
-9.582911872773039,2.4816407653190016,2.0
-5.775020628423418,-2.5343470722267263,1.0
1.4845893312874523,1.6168291036502822,0.0
-6.300388241343892,-0.7850769292481274,1.0
-4.016772684528862,-9.758914197459061,1.0
-6.213842983377074,-0.6590286290609182,1.0
-7.01630893523938,5.437390650506327,3.0
-6.541466105831734,1.0952421964628112,2.0
3.5272636879194152,8.659917213615039,1.0
0.4112281132802025,-8.640896296671457,2.0
-6.984680372609937,-8.322313511672004,0.0
3.224899777774242,7.547916334749331,1.0
-0.30375093811873377,-6.023902740271967,1.0
6.73414456932252,-4.527867536075949,0.0
9.476607276927094,5.842482989453288,2.0
5.85086364159298,1.6901112410328505,1.0
2.505010606584845,0.9705011604569158,0.0
9.86076055157875,5.1915721855062795,2.0
-4.29096462478573,4.909477959178723,3.0
5.460503526421663,-7.23221382833472,3.0
-4.783499350983784,8.1328396026456,0.0
8.143008254104359,-8.364256033489957,3.0
0.46294963865071637,7.9673755828656,1.0
-8.325999490167412,-7.781825385101198,0.0
0.10079202806646315,-9.469703501933841,2.0
3.3859457184402473,-7.040870193166093,2.0
0.3797284681691018,-2.1430043407137456,3.0
3.3501860513248047,4.429030891133717,0.0
-0.7537194116852035,-9.19420699486171,1.0
1.5634251732655162,0.6892387789827517,0.0
-2.9252571543223738,2.983353624906579,3.0
-6.717405159748582,-6.253422071212933,0.0
8.98548610998817,3.7557125054589484,1.0
8.21592166849955,-9.250698276655143,3.0
-4.591424104114969,4.029863475555782,3.0
-2.248408887020008,-0.1838276214019281,2.0
7.527648091230795,6.450032441750221,2.0
9.858616195384098,5.639540899894236,2.0
-0.18153434781781286,-2.161304245420908,2.0
5.437967326950734,4.109735720836698,1.0
4.276524069760248,5.742409923958441,1.0
-4.2653391018466325,-3.6099570806741372,2.0
0.3715214567968843,-8.99733790600006,2.0
8.096208923808746,-7.409768073433023,3.0
-7.303572679311962,-0.3086344511573955,1.0
-2.4200674993635634,-6.590496969186168,1.0
-2.2545849359341723,9.77438341099624,0.0
-7.1331775108432005,-2.6348667562579102,1.0
5.19582767484366,-5.942402994737259,3.0
8.444297990801314,2.5260119078595515,1.0
-9.071626625351074,-0.9188519826768697,1.0
-8.335824574044086,3.6304381648034028,2.0
-5.634844543391666,1.02528555585649,2.0
7.350972336601281,-1.0766262662405541,0.0
-9.992697934047545,-8.56279271321557,0.0
8.916114431239354,8.749338589158416,2.0
-3.176625979241992,-0.3756523388842492,2.0
-5.001164817056778,5.671589515126188,3.0
7.15917313685803,4.718102403709816,1.0
-1.8015599498107964,4.137345179651298,3.0
2.738703575579006,5.605145723143574,1.0
8.94001572173298,7.825514806730396,2.0
9.975446176935158,-4.8971845204509705,0.0
8.980561834948585,-6.357828259288409,3.0
4.297597754788907,-1.4168951637173812,3.0
-1.241054877063517,3.4091605042109165,3.0
5.488756778705195,9.977586725883562,2.0
-0.7592535999767929,3.805451027862773,3.0
0.20257236858632233,-6.290513563896962,2.0
9.771190993869038,-0.9159556583507662,0.0
0.3817323525659049,-5.558646172278221,2.0
7.421413648715223,6.41744686207138,2.0
7.974590909486796,-8.427235769431888,3.0
-8.700586381588211,-6.45245050706444,0.0
-1.8765822530531047,-9.37363982088886,1.0
1.2988214056099352,1.356733079517321,0.0
-2.8853200341853835,-0.7074021441075544,2.0
5.968191742177302,-1.2133568395693235,0.0
-7.718254489804757,-8.766192422284975,0.0
1.887350361989986,-7.313277314754158,2.0
-3.9653656699064292,6.759214020341073,0.0
-0.00892357128785548,8.877567735161232,0.0
6.755170295816061,5.443143508082143,2.0
-9.924202193586463,-5.31453995458868,0.0
-6.464587673703535,3.450519386647951,2.0
-2.0866702092333718,-9.311493698994205,1.0
-7.337081480114094,-3.0723443684771956,1.0
-8.528580242248832,4.150774262024433,2.0
5.21079086992251,9.103209444723255,2.0
9.799662786560127,4.619007872733826,1.0
-6.922414398604804,-6.727218401422279,0.0
-0.8961434623971769,5.655755465318617,0.0
-2.4111205671274316,6.626067633349653,0.0
-8.700889657650952,-4.375657059445803,1.0
-4.435066393871345,-6.364556569183534,1.0
-3.643673944065937,-7.237311980932743,1.0
-8.619505097249817,2.5451449547475296,2.0
-7.629482657331465,-7.334610131355737,0.0
8.29426554580397,4.023219641444818,1.0
4.338606894126633,2.3307373629841557,0.0
-1.4169881297387317,0.8618316560482082,3.0
9.879424428555183,-2.9776872530326166,0.0
0.3921839587156217,3.480139638335478,0.0
9.303806832160845,-3.322074116456757,0.0
-1.2033398619898605,9.088278486092069,0.0
-8.488468054078314,-0.571485001097523,1.0
2.281238462182971,8.779184201334697,1.0
4.0662470013664365,-2.980873734635418,3.0
4.21053064180108,8.932910074374327,1.0
3.421044548832171,6.255141738995526,1.0
0.9197245462691335,-5.612271126398762,2.0
-1.5132221051384072,2.406702991516605,3.0
7.769782702939402,4.294807482586307,1.0
-7.839709175220227,-4.825358915270719,1.0
-2.713868453521206,6.099736214648878,0.0
-4.379184953894033,9.518777541274165,0.0
-7.898824933876858,-9.883329283505141,0.0
-9.005636746964587,5.909433932476311,3.0
7.365489681250079,5.894462478515321,2.0
-1.2170788460622646,2.6118894075953243,3.0
-8.661224087906396,8.822025425274862,3.0
-6.3304831356666575,-0.6565160426132088,1.0
9.016575448698838,4.675562903323131,1.0
0.9009013125703476,-9.091857144356567,2.0
5.972407554069008,-0.6577905353961135,0.0
-1.9454144707037013,-9.21704303560446,1.0
-9.399695834928979,-1.3547359004908426,1.0
-1.0801139607983963,1.2693004679192814,3.0
-7.569621790877552,2.7007281094093116,2.0
7.980494416410334,6.077238892542024,2.0
-9.221230374260767,-6.190114902858406,0.0
-7.587610930464015,-4.286256635301637,1.0
1.0378568773778856,-7.944474021502894,2.0
2.120865175287026,-1.2809960541621663,3.0
-3.782121846312208,7.005234380312096,0.0
4.425074750095382,-3.006974325596121,3.0
0.20542706677844436,2.331297670715486,0.0
-7.797275498699974,-8.788749208318949,0.0
-7.717501893170637,2.6446608337821527,2.0
-1.7159418793029602,9.070053622456097,0.0
1.866047059218447,9.68139707025238,1.0
2.0881972415369923,7.651060644098202,1.0
1.5405132600776135,4.682839003025681,0.0
-2.5842140945239267,-8.214845195631169,1.0
-8.865992974353407,-8.706817965084054,0.0
-6.73892700005108,1.884030257753647,2.0
9.255705416377047,-0.09469343163539357,0.0
3.5548060266029697,6.315596296445015,1.0
1.7619850089431992,3.480260886256467,0.0
-6.45136376429277,0.9791960896010004,2.0
9.255299340526179,0.4144095295340495,1.0
-0.17468806461691955,3.114031437554859,3.0
8.19830879528125,7.0601207206457595,2.0
-2.8792957383869773,-8.089208366945845,1.0
-1.7174429406342782,-3.230140967565278,2.0
-8.285768005377838,-7.501240611509738,0.0
2.734198289963457,0.8670142383976209,0.0
-2.614239392818522,-6.13524344572582,1.0
6.045023028451382,-2.400546528854301,0.0
-3.4632824522316596,6.754711702454262,0.0
7.669429323205101,-4.849765658581053,0.0
-5.863410692268265,1.614786687505024,2.0
-8.17124805298494,-9.81531322267962,0.0
-5.516518580881671,-7.70453784689741,0.0
5.582136672490943,9.60733714116418,2.0
-6.806845604132706,-4.89415296520135,1.0
-6.908854709862242,0.018684648312270014,2.0
-2.7993456196092215,6.818975574761144,0.0
-9.24439822630439,-3.608785928289908,1.0
0.6165647077558951,-8.859330412458588,2.0
7.850257199421215,-9.964557844183213,3.0
5.551596918577539,3.564604831431925,1.0
7.270486411141551,-3.826133085368843,0.0
1.0074152886748085,-8.219852233431785,2.0
-1.0838702503792526,-6.722766907544995,1.0
0.0004349374601346767,-9.290107115008048,2.0
3.038920108026117,0.40398229091090343,0.0
9.895369320902379,0.9722719214756204,1.0
6.7236431234022085,-0.722199477633211,0.0
-7.416862431847355,4.500584601213539,2.0
-2.450494956636562,-9.603718151698137,1.0
6.8277991691089674,6.696153332436733,2.0
7.660107672124894,4.477161730979338,1.0
1.6245237800264327,-6.99965278685402,2.0
-9.149361289313124,2.34633945823364,2.0
4.738006756246012,0.9113751964463734,0.0
0.026607298769638632,5.058366497548954,1.0
4.12046751062088,1.9758823362188593,0.0
0.9907209287156924,3.523714444282394,0.0
5.673300138511088,9.179623602749935,2.0
-5.214280778171812,-0.42330641817047265,1.0
-4.152979657747946,9.660145242809048,0.0
6.608822364643164,-1.1406122094916782,0.0
9.216718520165998,-5.125675585823886,3.0
-5.5184295028331265,8.375367006710562,3.0
2.148420231696015,8.303001435760034,1.0
-9.42920232292228,-5.036316494779576,0.0
6.8876553519275845,4.701620287937029,1.0
-3.5178370228708893,-2.405369938820849,2.0
-8.619998715301978,5.774746530917913,3.0
-4.008264217840988,-9.84830396494022,1.0
-2.2472765812066964,6.322311443673062,0.0
9.922684621226438,7.41397064589097,2.0
-5.318278741640084,3.752841317088439,2.0
8.536673561989257,1.0416693649017006,1.0
-4.151822407608177,7.230656440154746,0.0
1.9613204184434458,-8.515961485394499,2.0
-5.344547014065533,-7.8824406418031305,0.0
7.237471295072794,-7.511465982879415,3.0
7.374107560654622,0.7279422733954313,1.0
-2.183147582862059,1.316629948849224,3.0
2.763294007456489,-7.0725500023133385,2.0
1.0899200499949586,0.5980379679244319,0.0
-0.8451727149394905,2.747756556523937,3.0
-4.649939518499277,-3.569849358890571,2.0
7.1805752583399105,2.1417090749546723,1.0
-5.84688112531752,2.5215172471834553,2.0
-5.611115102890576,2.8976731417436348,2.0
4.544905544890334,-3.722801270602818,3.0
3.2685825249862592,9.187386962369398,1.0
9.50560931273256,-0.9785155645863277,0.0
7.776278576498715,1.4382898699031088,1.0
-4.57561341766227,-5.815842501638107,1.0
-7.331300533818967,-8.241309654324347,0.0
-8.440998994463317,9.894831700897495,3.0
-2.4335146966224563,-2.489040239849918,2.0
0.8094457580095344,-1.0669149372723048,3.0
3.0791725989106755,-1.743622724833207,3.0
0.5801759661737815,-9.061153087346822,2.0
5.362584578612616,-6.574040249850062,3.0
-6.2198602900999145,6.945672225502484,3.0
3.9333992306895027,-3.744609862948785,3.0
-0.5910066129825609,-4.534962045461805,2.0
5.670557720523956,-5.4119705472568285,3.0
-8.375726313362787,-3.9476048980358414,1.0
-3.9070679134026314,8.851639615270898,0.0
2.302796738258319,-2.1902530329793324,3.0
-5.114096324305031,-6.90828379591731,0.0
-8.386099379165854,-4.3363375673379645,1.0
-6.489211400053554,3.033866660656832,2.0
7.281256886538504,2.111450992537126,1.0
4.443852696798171,-3.9137755802403618,3.0
-5.001092443082149,-9.715554359715446,0.0
-0.6696933027690086,5.267716217629266,0.0
8.734795086874612,-4.003730128664962,0.0
-3.770305403864203,4.580775055261837,3.0
-1.5592491148896404,6.143822037691592,0.0
6.898695196600258,-5.467819974372601,3.0
-6.493489332248508,-1.1242587882823187,1.0
8.827660709884267,8.099318020672474,2.0
-2.4212183238583513,-2.578433346958504,2.0
2.3171731299568172,2.8614940967311,0.0
-1.8284806360018564,8.83837974327886,0.0
-3.5320867197494383,4.2511859844894815,3.0
-3.2527411849879844,8.45925526851757,0.0
-1.137347046259551,0.008409456611552457,3.0
-0.5207053249159479,-4.705540335451788,2.0
9.062684265107443,8.738337110784471,2.0
-0.10017417015148844,5.918312493452815,0.0
7.25922818550174,7.777874392118619,2.0
6.281487164302533,-5.158589458005521,3.0
3.907622548076713,0.5510488158244122,0.0
0.9408318168061509,0.9361272999307761,0.0
9.560299077058986,0.39461565952632327,1.0
-5.261571480969145,-4.317423110402114,1.0
3.587227082241407,9.57031028291853,1.0
-1.3542848322568055,8.113115643801063,0.0
-0.1403764044117306,0.4545928938255468,3.0
6.769145133253964,-8.619337270584172,3.0
-8.813607026925032,-2.818453201281672,1.0
-8.855870793588604,2.292742704462146,2.0
-0.1884029230025348,0.44402326892133104,3.0
8.733942421191486,3.72280018595783,1.0
9.130257003845085,7.15192113228726,2.0
-4.925189390582836,7.20364116133705,0.0
0.32037290397646245,-0.03835064758775886,3.0
-7.4515481812495965,0.505123028027123,2.0
-0.9643630405494434,8.973923851728756,0.0
5.944351040381516,6.309122230588233,2.0
-7.614171265439465,8.80695333138144,3.0
5.71167309290297,8.076502704386655,2.0
7.3019294553773015,7.1682881327194785,2.0
6.170440970318751,-5.9184635147584945,3.0
9.89154433030592,9.38641153712777,2.0
-7.860615306865908,6.255061286591889,3.0
-1.2387425335850448,3.03173342683305,3.0
7.719363880816921,3.9195582008500747,1.0
-6.393830236673493,0.733752246903661,2.0
1.332227736262242,6.67595835993415,1.0
-2.413687809804932,-7.733053328525738,1.0
-8.711979183584644,3.814807005611897,2.0
7.101691537742283,2.374664305039257,1.0
-6.1400922960723054,2.8215294826178123,2.0
-9.825617377062821,5.192295937001957,3.0
-8.924771109023732,-5.248610572548868,0.0
-7.063882818725586,6.600191383746406,3.0
3.718409276918347,6.310152693781635,1.0
-4.848151154832225,-4.404280443538973,2.0
-6.234573512578576,9.574866783510224,3.0
-9.621937418319854,-0.6528365451797704,1.0
9.52799089951608,-0.7715213605439359,0.0
4.099929504706644,-0.3955810571718903,3.0
-0.08353560199962651,5.3116476248544835,0.0
-6.027057139153181,-7.45796298984529,0.0
-8.264113525781408,4.01219450682361,2.0
-1.8116086376554534,-2.645449171427952,2.0
8.7435083522399,7.660309210430341,2.0
1.0208138225614398,-5.677535726922014,2.0
-5.543192016612997,-2.86317776676505,1.0
8.014775302795176,6.040801862925743,2.0
8.909966721038835,9.034034109335078,2.0
-0.81809405615153,-3.2514862316994737,2.0
-1.0051358612301424,-2.48125727392154,2.0
9.027764255222934,2.86246716292332,1.0
-1.1398503310868335,-9.289234096132969,1.0
-9.14203725137681,-2.7467349493770277,1.0
-7.978751731020905,-1.6142882058351304,1.0
6.53983697023871,-4.865467843234946,0.0
-8.98392165519304,-7.487459549470056,0.0
-5.281471834839104,-7.228465002084965,0.0
7.5475461644308375,6.465402143651652,2.0
-0.9571643780896935,9.405273699894483,0.0
6.472000374926289,-6.910458420739671,3.0
3.9203704420079752,-7.453771359155359,2.0
8.60471175435994,0.015335662819689233,1.0
3.2112149979497424,7.369104159573574,1.0
6.859839092493743,-5.846007840647427,3.0
2.027413193065348,1.1596129780439455,0.0
-3.581794315542388,-4.627715228494253,2.0
-0.03187835970934039,-9.55355061336546,1.0
-0.01761320664033761,3.9378723924209673,3.0
-6.747760625229942,-6.946130889612436,0.0
-1.448107824784877,5.260537990977731,0.0
1.7913761220557802,9.488733678029263,1.0
-9.047134454493095,8.351325257860225,3.0
3.1973151436351426,2.8475259998437217,0.0
-4.056005677032659,8.116058652442753,0.0
3.951242465292788,0.9629906042995735,0.0
-6.547325797368053,-9.036605324219003,0.0
-9.146268303100191,-9.497135258121084,0.0
-0.9602139538175081,5.502948123946112,0.0
7.37568953040115,-6.2633856344925265,3.0
9.518111923742147,-8.59762967613201,3.0
-2.2781815646495645,-1.3946005690413479,2.0
-1.7498817358437346,-8.896890049955735,1.0
1.7192298442008003,-3.6126630778955127,3.0
-6.327657363660551,7.202128861314371,3.0
-6.358361337192669,6.319545625325716,3.0
2.3494824662921694,0.6643020627109415,0.0
-4.533203165429938,5.518646075812477,0.0
-5.021041480998187,-2.7023369038037455,1.0
5.880227136281688,-7.833260641250563,3.0
-7.547565325042857,5.881784650821551,3.0
5.2824539885909605,2.963326434947014,1.0
-9.556635057263186,2.933021279672232,2.0
-9.029633043318796,-5.195152870767097,0.0
6.448420906882653,-8.57909004098157,3.0
-3.73483075483896,-6.922395304750529,1.0
-5.129950552676665,0.2307793844914805,2.0
-1.3855184396345095,-0.7700497131340036,2.0
5.278782173489047,7.977772773000382,2.0
9.454900971877247,9.586909271773955,2.0
8.079295228496616,1.355783700786242,1.0
6.833164563344688,-0.2944729042426193,0.0
-3.651739558638991,-8.23861856459326,1.0
9.667453486022136,-5.260410790292751,3.0
-3.0539054409933852,9.990477701094918,0.0
0.28722344176854975,-4.885689830806783,3.0
-1.1249924206240713,-2.774141377926349,2.0
-3.3664487262357845,1.0162642708309981,3.0
9.214422831986248,-4.035886122685842,0.0
-4.1893093042948575,5.99804139160247,0.0
-2.7386475676357485,-7.536376601169832,1.0
-0.2238002816208926,8.419644329620962,0.0
2.870856832862799,0.0843963703692232,0.0
1.9586465920962333,6.3401192073351424,1.0
-4.432321617394146,-3.3770407116939305,2.0
-0.12076118035919237,-5.90637262406813,1.0
-5.732096219281882,-7.022150133867473,0.0
-7.840720435541975,-6.667387923405858,0.0
-5.506098353091879,-7.9251000052922365,0.0
5.199279515907705,-5.944096515051696,3.0
-1.7626205780657873,1.2368005808779152,3.0
-4.612062126717462,-5.0079651469793,1.0
-9.031066045765886,2.633442529703988,2.0
8.493780539319115,-0.7022812486761598,0.0
-3.634601556265846,-3.6768522811722937,2.0
4.911371185160938,9.618627785545492,1.0
-6.5240788996174555,-3.3200226745463883,1.0
0.15580057258868152,3.3156116038955403,0.0
2.2503887963721674,-8.74892786427126,2.0
-0.45097642954262085,-2.4151618472209506,2.0
-3.1165500247722067,-0.19094981552172285,2.0
2.7458582717545177,-4.252012456223007,3.0
6.539238077379071,2.2057346590128564,1.0
5.110303843699754,9.386452796612016,2.0
-2.240398051992985,-4.886799945717413,2.0
-1.0558670324940032,2.1623479837351045,3.0
-8.134330219308818,-0.9715102933316331,1.0
7.585877616964684,-3.9387957841745465,0.0
-2.4845055146985313,1.7036828888320983,3.0
6.167135855866807,2.6790111069936593,1.0
8.98071984813977,1.5421136439309713,1.0
1.7576834126761316,0.2888040591712766,0.0
3.569362774127745,-7.228629012449897,2.0
-9.61803789618859,3.748875539426013,2.0
6.650522806550384,-2.823344785473143,0.0
0.8980926977120802,-3.3311495488227916,3.0
1.1059410491031407,-8.41842090233056,2.0
2.343494550343433,-6.12134705800599,2.0
-8.723879836647546,5.762134170261582,3.0
1.6362766413104026,-0.6879514536629738,3.0
-9.660298457684519,-0.7867461541549421,1.0
-4.8148750771038635,8.643598620168675,0.0
3.5063337418402813,6.558837159596791,1.0
-1.1264981022388234,-0.2802537684637141,2.0
-3.129658184912117,-0.5032441768383027,2.0
5.073423427164702,-1.9921337753106254,0.0
8.975008959542787,-9.495627021019503,3.0
9.16492542314273,-5.8448986720482825,3.0
9.786495438667846,-3.290050275404206,0.0
-5.718100624487466,-1.91156814945845,1.0
-3.470703620334204,-0.42693114060752,2.0
4.326063205441603,-7.756360542668983,2.0
4.394576534568181,6.92225113504993,1.0
-7.46169096406337,5.817621804034214,3.0
-3.937167155493575,8.526125299417089,0.0
-9.934197534368561,4.32803247848873,2.0
2.652704872127398,-1.9954211786026317,3.0
6.835215724977438,6.364269088277624,2.0
-1.5327095728039097,9.405786175636997,0.0
-6.145962774874423,1.427824434266654,2.0
-9.005095196904593,8.20589480774769,3.0
-1.1223864086728774,-6.317293772607437,1.0
3.5531603534730607,-4.410007167077135,3.0
-5.808394181192666,-0.5185513655047718,1.0
-0.029835527225891667,-9.298776490773069,1.0
0.2580154831016941,3.7159489915776707,0.0
-2.9913896897736407,4.738259707276736,3.0
0.5358461782669988,3.604022909889812,0.0
9.76556622232836,9.253301608901012,2.0
6.903718346105286,0.7061046096881345,1.0
6.941765790321476,4.235303265033695,1.0
9.084545865677612,9.516737759144103,2.0
2.579070468259717,-7.2049150087393805,2.0
6.517625299402042,4.700455940106076,1.0
-4.279675514964321,9.487148122019274,0.0
8.932338623226133,-6.801390742413556,3.0
2.59302660563006,-4.532618186360162,3.0
3.159883734486602,9.431528981111235,1.0
1.3980543878591085,7.9071756823088215,1.0
8.684407514322213,3.307871441813507,1.0
-5.7826785018345745,-6.748963275839417,0.0
5.984978555785521,-7.3551789059308454,3.0
4.697116102447573,0.19512887415070246,0.0
-8.608724428126441,4.5980426224439785,2.0
-1.1305230218976998,0.2264440359576234,3.0
8.026151610866112,2.2804620575031542,1.0
-2.1297189118862425,-9.89618264239359,1.0
-7.852833705209974,9.759660674979848,3.0
9.315731978622658,-2.765169638993708,0.0
-9.553319978517177,-3.028466231774047,1.0
9.220364750361313,-3.981935781878607,0.0
4.761737755980743,9.418255771387102,1.0
-4.001721883676979,-7.26945745666991,1.0
-9.745906017595091,6.151429060398684,3.0
-6.5671097893543395,-0.6998223154963803,1.0
4.371178299538709,-2.989474902861666,3.0
8.286501768742973,-0.8464285875093793,0.0
1.6830719722736198,-4.015587023305942,3.0
9.723292755467156,9.579020900841414,2.0
-4.504258432989323,6.959658137474417,0.0
8.249748944167756,6.677404804747713,2.0
9.288862427215967,6.252050234664029,2.0
-6.571956310311389,9.156292673666787,3.0
-0.1647063096081176,-5.17356837592192,1.0
-1.7725271737331934,1.621360994096598,3.0
7.057465189623336,5.136148643309127,2.0
-2.4928050688448034,8.098578192126386,0.0
-2.441380859709435,0.9610660918694904,3.0
-3.3069735849608843,6.784380358830596,0.0
-9.668369231159096,6.92721149031015,3.0
-9.977097023930366,-9.057544538056327,0.0
4.483085887083007,4.177589187010646,0.0
7.213605036275197,-6.407531288815105,3.0
6.888151529980028,-2.8785960457744704,0.0
-1.56152159890536,0.9327245530223127,3.0
5.772318300101759,9.735576411237531,2.0
0.7568013305428511,-1.8053790423073206,3.0
-7.6073584325252135,7.510622957814839,3.0
1.9543236701006954,9.739077810953532,1.0
7.3901731829468496,-8.115053229188176,3.0
0.7352834779549671,5.7032707845248805,1.0
7.199001848677774,9.349165882809409,2.0
5.721950855162598,4.6394647223784915,1.0
-1.0386227340497634,-8.463256301050121,1.0
-3.880823410800824,-4.245070418762964,2.0
-7.835148738440896,9.382585838601813,3.0
9.106720993679286,-5.245167175684156,3.0
-2.998847734946639,-0.8224968060999096,2.0
-7.661651506466043,8.409281136275439,3.0
8.312716436047921,7.67110906801766,2.0
9.95441810723548,2.936393065956935,1.0
4.586077250360878,0.3870225385685071,0.0
-1.5673887140508942,2.3738951024648394,3.0
-7.760667963543135,-7.881925348363145,0.0
2.854055461779943,4.273552659441711,0.0
0.8165252040411541,4.661969383760805,0.0
8.421482775274399,-6.507410889694776,3.0
1.696207064462957,-3.610170009375415,3.0
-4.8082538741187,3.7438338499623285,3.0
-9.894220183178211,5.798014751254417,3.0
4.709997057075459,-5.08328012959415,2.0
7.8255117653572555,3.4602279615416833,1.0
-0.2875153212930499,4.785696870165664,3.0
3.553094595761632,1.7426932583872823,0.0
1.3388698505970567,-0.6141114795455316,3.0
9.430251741992851,5.677861793185004,2.0
-2.6205270749400515,-0.06261305954362406,2.0
-1.5998276319287648,-8.665313806037226,1.0
-7.90629296252577,-2.830557773857003,1.0
-1.775123019833341,-6.679896521763724,1.0
1.6226053989089415,0.9662715276724203,0.0
-2.99654694176124,0.13843285094247904,3.0
7.7516277590651015,8.31171837473714,2.0
-1.9923970708944587,-8.563347815851571,1.0
-3.585155401457383,-1.789788681799088,2.0
7.347230674188893,5.898503713451941,2.0
-8.418484757383556,-3.80001928573747,1.0
-6.948126662088601,-6.691888272610427,0.0
-1.7940579158428491,-7.254498626784319,1.0
-1.5617764824086962,4.668446852872263,3.0
-0.3480833869358886,-6.047241976532649,1.0
1.3567425307722125,6.750967710662934,1.0
-5.187221808437172,-9.71782590316251,0.0
-6.922429160168814,6.565445038718352,3.0
-6.45463045411595,-7.707936723474351,0.0
6.275085002736901,-0.3370269204061884,0.0
2.8972373327104517,-4.006547373886287,3.0
5.920773402575254,-7.012844672122689,3.0
-4.991939990146701,2.8543040594271663,3.0
-7.0715879489141376,-9.98755267720597,0.0
-0.12263925234910644,-3.14272306661731,2.0
1.877443054933142,6.339886704355102,1.0
-0.09178856286189152,-6.65832569680499,1.0
5.5824280733418075,-0.9407250265772849,0.0
4.159854095470642,-6.058117126891496,2.0
1.2956546950254086,0.002701026580666621,0.0
4.9479760671144035,4.5263165197082245,0.0
-3.039956696063417,-6.011491972037007,1.0
-4.630240545333841,-1.4805485315469706,2.0
5.126499649384451,5.8534794816735705,2.0
7.135692093417386,-7.972608994558055,3.0
-2.613182456086851,3.1916645723729786,3.0
3.6031548889114067,0.5517975713533474,0.0
-8.65118151208458,-4.682370139169672,1.0
-2.6402839810000645,7.514641809872696,0.0
7.291944713625554,6.954925670129121,2.0
-2.3810986372316423,2.7151290008901245,3.0
7.032684656464326,-8.017224873330989,3.0
-9.043703511253437,6.104521756766374,3.0
-1.911374135373043,-5.6255535031387405,1.0
-9.593627774638778,4.297442156390918,2.0
-4.754090299271894,8.679491852853737,0.0
-2.2713594345031733,-0.510430985142996,2.0
9.36348483083136,-8.612697612930457,3.0
-5.308509154913645,8.750517276451962,3.0
5.017286032049215,-8.709363102973706,3.0
2.0941005407412376,9.623675750615941,1.0
-4.944006795730413,-1.7742978575013915,2.0
5.747158499106234,0.8444030207862809,1.0
4.2136218678222885,9.550089347362366,1.0
-3.3788973735876304,-9.571683715638326,1.0
-6.461837793919596,6.073383228179512,3.0
8.336161602467108,-4.871185603206012,0.0
-1.1759222187836826,-7.571989036059106,1.0
5.234306317071226,-9.597361186025966,3.0
-4.380271481886499,-9.210720715481632,1.0
1.9455811720688239,7.831545476777361,1.0
6.865464017111822,9.162761573671997,2.0
5.274236292172933,-6.346077009957627,3.0
-4.0363964393862855,-1.5945565560106427,2.0
5.951028684787529,9.618411916331237,2.0
8.594436391758336,-1.615986614133904,0.0
8.931581028955161,5.447293846206806,2.0
5.16392225493783,2.436487159636048,1.0
9.354297296691001,-4.4298472472873,0.0
3.9470051400772768,1.1029373352607603,0.0
9.795189915624164,9.978313933724372,2.0
9.124323146283903,-4.270111434742272,0.0
-8.463257664524448,1.5878453394652485,2.0
4.403499913865556,-8.977932628279603,2.0
8.829391052188111,-0.8841721184425744,0.0
-9.125070209608936,9.441468147232357,3.0
5.90065316883226,-9.63215528151445,3.0
-5.371167610299703,-6.247609239453311,0.0
-4.241662293738841,-4.091683980140244,2.0
-5.8537973160212475,-7.701237029674126,0.0
6.198160798912777,-1.7448298414023569,0.0
1.0209345393992635,-8.23683641863285,2.0
-7.222918885431033,-2.478819689920062,1.0
-2.546136504883247,-8.50781027545278,1.0
-9.533973781543484,-9.62169557284578,0.0
-9.436680488028106,-0.8534581878720928,1.0
1.698477117337232,6.3432363416863495,1.0
9.563264727960547,-4.882409723273611,0.0
-8.886287970181064,-6.410007495990757,0.0
-2.574468412098172,3.329934253930551,3.0
3.9861335889113843,0.620821970034207,0.0
9.256928298423098,-9.092049342308389,3.0
1.5605794278201675,8.778082609691037,1.0
-3.0137799985976033,-8.479819813537748,1.0
7.202209489192541,4.772246414788835,1.0
5.083888768236346,-6.374811694513829,3.0
5.132768967083221,1.7566464993344297,1.0
8.897412655390696,-4.510580358074279,0.0
2.535782237112862,-6.552879579044577,2.0
9.006793348562454,0.9166490994421412,1.0
0.022473829185376104,-0.07031224488530796,3.0
-5.0557702420371475,9.526398848139603,3.0
-1.7275864710578972,4.736548708602346,3.0
8.270316158773163,4.408241612795207,1.0
-4.193835449932378,3.729175541411342,3.0
-4.671767044374979,5.496037280421255,0.0
-2.2046822818218352,-6.983663748094829,1.0
9.232610800981739,9.70928684244861,2.0
2.7175449033702073,-6.944702617274185,2.0
6.833444408164052,7.864777364111447,2.0
-5.327806473901989,-2.6944133502308905,1.0
-2.0772945785319568,-7.983998231181015,1.0
6.9709399618759775,1.6383918002404698,1.0
-5.583424028502064,-2.8543041288004556,1.0
-6.972070369646611,7.522112998793919,3.0
3.4604667438555285,6.674131446697839,1.0
-3.9220591477460705,-8.287440977351952,1.0
6.919332308340966,9.762606973425527,2.0
5.797630991640535,9.017924977500307,2.0
-3.579123618849847,-9.37612193197804,1.0
1.8415165006210508,9.050751799610737,1.0
-4.647161808712104,2.8947543018850315,3.0
-2.774602932160935,0.7542330619436282,3.0
5.01945993897362,-5.779621789487839,3.0
1.928217098418557,-7.174794820881281,2.0
1.705635725087289,3.4350518633667964,0.0
7.303709507635684,-7.3225551045108865,3.0
0.808329660782519,5.010634162290193,1.0
1.9482956744249478,7.281688441453316,1.0
6.266529994425063,6.760090618008483,2.0
1.3433900043856326,7.8965358740961165,1.0
-0.6446182411362482,1.4264873764651682,3.0
-0.09858765772600542,-4.8675812056757195,2.0
-6.768636740404721,8.008523348047078,3.0
-3.2941327454635605,4.830907394035545,3.0
-0.6439184525992996,-6.4393622142190265,1.0
-9.76134607481428,-0.4292736951236158,1.0
-9.89756077980008,7.865593302532314,3.0
-3.848725075273027,-2.2082942402914263,2.0
-7.968233502714737,3.385743836445643,2.0
-4.986801257321631,2.710273157968146,3.0
-4.477424474116571,-9.167274132360825,1.0
-1.4699309290751756,0.8923785761579062,3.0
-4.174936558747985,-0.2693309671225279,2.0
7.5301860883079,-2.8098537525820966,0.0
1.9961548932732178,-6.456307317880237,2.0
-9.791391973160135,-2.891797300971568,1.0
5.489791808930979,6.927927680461167,2.0
-0.2069718001112193,3.968971649171621,3.0
9.020434855490947,-7.187218455739051,3.0
-6.385164646710313,2.0675165274784764,2.0
2.2074158302218,-7.637034864133989,2.0
5.872708082085275,-0.4919082017897569,0.0
5.305533670352462,-7.518920867168124,3.0
-0.6662440587817251,2.8234035800235358,3.0
-2.059598219079895,4.734946579902864,3.0
-8.18502609311639,8.626033352468234,3.0
-9.401526608414033,5.513403195172664,3.0
6.980339777180056,-1.1858112832087535,0.0
-6.002512244595934,-8.575184499770135,0.0
6.428793910126952,9.000337920736953,2.0
0.7947826325940799,2.5570721074054354,0.0
6.7959828001896945,4.186122719587836,1.0
6.254753918636837,-7.852919109219476,3.0
-8.110930946814754,5.90113548067796,3.0
5.0659082007666925,5.472322001734511,2.0
0.5505970128497477,-1.9171692986140858,3.0
3.3178942738314774,8.95360415739308,1.0
3.682131036870345,-9.381505790410529,2.0
3.0997768103948964,4.352560563058244,0.0
-2.2746642298280833,2.9546301213185426,3.0
8.364681124142901,5.669082440291348,2.0
-9.05984002365047,1.3681217900445226,2.0
9.447921952909866,3.162623090340837,1.0
7.043746106797105,5.6371867335116495,2.0
8.975119599791583,5.028277480187855,2.0
-1.2965811901857816,5.560231613918759,0.0
-1.6673215751202086,3.7006341201109016,3.0
-9.685875979971502,1.1823051019566435,2.0
7.46533664553526,-6.859472605527232,3.0
2.636001942951813,-2.2135528001497295,3.0
-8.3764667153789,-7.470306644117746,0.0
1.8682898951735023,3.3315111714779704,0.0
9.426440508796876,-6.639776995658768,3.0
9.672667552574595,0.012161282010845653,1.0
3.146123367927343,-0.3941674320023658,3.0
-1.1845480549016312,-8.40573272779475,1.0
7.452132614885233,4.093544748634939,1.0
-7.263010232607597,7.205624563924637,3.0
-2.8399343399375576,-6.731240827828929,1.0
-7.8639264919728635,1.0178456746170355,2.0
-1.2337771294041726,3.4759992865382934,3.0
4.91281141429541,0.8554166811852895,0.0
-9.528419912651353,-6.029947622108454,0.0
9.529925094068325,4.382375159148724,1.0
5.303870281048894,-5.165790521089555,3.0
-2.9227668481100366,-1.3772481833227879,2.0
-7.127805701990464,3.1378500695109963,2.0
1.5109055995232783,6.60481221927737,1.0
2.8864670362966365,9.820235705600979,1.0
8.140131189949312,8.738558712035847,2.0
-9.730099959904067,-2.2538846463900857,1.0
-5.581971539007851,-1.2959810347231056,1.0
-1.5995334898965439,7.05775110809078,0.0
-9.043406680335268,-2.4881497074864667,1.0
-1.1064992655690613,3.3107586176177843,3.0
-0.04412952575898643,1.2533245546261718,3.0
5.592852490288427,3.734353798185584,1.0
8.12330046933209,9.564636226938884,2.0
1.089938582302164,9.673628100746459,1.0
9.179650725124183,6.2705772244581865,2.0
0.7662707038266863,8.976230968261309,1.0
-1.851033032485132,1.6777439295399095,3.0
5.012297298804665,-0.09836910450282943,0.0
-7.020169296881786,-5.641788177823878,0.0
-8.77299836901634,6.3674917306679575,3.0
-5.337305959045382,-1.2848007419616092,1.0
-9.125526030502565,-7.375699391386226,0.0
6.629270350836244,-4.229450562475215,0.0
9.031364661071489,0.8446223478645898,1.0
-2.771202922799329,-0.12485945268331022,2.0
-5.337412360602281,-6.211306300048822,0.0
9.557188452273195,4.757737293189226,1.0
-8.465234860014629,2.9372128787510796,2.0
-8.2134992387378,-2.081865567385899,1.0
-1.0133445539009305,8.947234237208054,0.0
5.677196717214894,3.2903636856381553,1.0
-4.1193403312554855,5.986790906333852,0.0
2.197681271768488,-9.31600363281823,2.0
2.8972242060314173,-6.091489894391888,2.0
6.238091273770724,9.368539827796305,2.0
-4.537320093882908,0.3417185092725177,3.0
-3.40659161880361,3.108991431976234,3.0
7.031308849623731,-7.513044091378999,3.0
-7.105983626076613,8.239541407936027,3.0
4.087728247686584,5.634772869217182,1.0
5.154040622729161,0.5061409182702388,1.0
-8.723832080180028,-2.3236089558855744,1.0
-1.255561697977118,-8.55718996352947,1.0
-2.9250229330469875,-3.067077658433921,2.0
-3.3482147831837565,9.48347455850407,0.0
1.3940532771918495,-7.1524973673787855,2.0
-9.55311627991758,-6.302194049230119,0.0
-0.6735065782456733,-6.59304044475596,1.0
1.5616304704322577,6.277722859926278,1.0
-2.642969115730674,3.565699954488455,3.0
1.5881588476472999,-0.22780880506814682,3.0
-1.1652391319336495,5.155035020363716,0.0
9.417338022456903,-3.633825987155193,0.0
4.619270022715408,1.5167230610876992,0.0
6.730731360013035,2.6211064751528834,1.0
4.112734122544143,-0.743327514342349,3.0
-9.44276273042573,-6.380226525468755,0.0
-0.17874019749644354,-5.000464899156594,1.0
8.94532413474564,-1.1757383037814328,0.0
3.5243753235901885,-0.2238669022169386,3.0
4.755294525776062,-0.2612679007867751,3.0
0.2805450996992853,-1.6782329285176285,3.0
-0.011939187301670984,0.4420094340522347,3.0
3.2111368110221505,-2.642494846527077,3.0
-5.7854018925901745,-8.712858422442277,0.0
5.555466440453609,-8.600527493248984,3.0
7.4724159795467,4.691051319061712,1.0
-8.269442595209393,-2.8357881869651465,1.0
6.788812352906099,2.846833857167093,1.0
9.226501367188714,1.3685351624653848,1.0
7.985109394011719,5.639542422161874,2.0
-0.8971831175426423,0.46018362952673897,3.0
-6.245635148446347,-7.02176194425266,0.0
5.207006058329878,-5.916322397162908,3.0
3.922718857611315,3.383013877701318,0.0
3.86807052334359,-3.5799653332833614,3.0
-8.550005521234016,-2.89128505321957,1.0
-5.719279528857513,6.527937666611123,3.0
-9.120256843826935,-9.832515900262567,0.0
2.8547993590956526,3.8022571433485,0.0
-7.21168058989619,6.3827821315271684,3.0
3.1955957412272618,-0.9808092815725331,3.0
-7.554632213365284,3.9622745628504763,2.0
9.593309693127129,9.101893337035317,2.0
-4.741961970998776,8.405293309463055,0.0
-2.9646365246011497,3.992646910095136,3.0
-8.810027309039587,-0.9954562394238398,1.0
9.35606278634122,9.254217497795047,2.0
-4.301529242061132,8.786580337058037,0.0
-8.522651724499985,-8.463752956594778,0.0
-9.369766156538637,-7.049431753292835,0.0
-9.521080182987342,-2.2653388175032703,1.0
3.4037047126236057,9.954372023563273,1.0
9.91960680950848,-6.135714219019119,3.0
4.057803569957269,1.971464323943998,0.0
4.660350733697387,-9.23836071972078,2.0
9.392108484512427,-1.6702196424937732,0.0
7.808714040415559,1.5922719522440367,1.0
-1.4344462285953075,1.0911891107681235,3.0
-6.378891079587783,4.965091548286997,2.0
-0.46888108845558385,-9.453833569174051,1.0
-2.5873004651070852,-2.4165036856726996,2.0
2.1224363759414793,-1.3173943143361235,3.0
5.912895373099737,-6.400537162380693,3.0
-1.6629985036406225,9.353406353664408,0.0
-6.979590891262221,4.895986232075751,2.0
-3.078923104557944,-8.32329596276269,1.0
-4.699677206653215,-6.6639569415008815,1.0
6.089273432491062,6.673920431860129,2.0
-0.6618966055810667,-6.42570044724245,1.0
-7.91265626400212,-8.63650694995118,0.0
-0.7076550593206115,4.0778301207565235,3.0
-3.467533841317369,-3.8411640197309023,2.0
7.750139156429224,-4.648006535408964,0.0
5.637498421992689,-2.0718149885538324,0.0
4.777606994128279,-4.672082582497548,3.0
3.2589359077631848,-3.597603312614037,3.0
7.895957050330111,6.851445413890001,2.0
-5.025700831227173,-5.946114963874207,0.0
0.7586890572723721,-7.70677187738706,2.0
0.7875756658603699,-0.5246424615676659,3.0
-5.884787511722552,6.863701217477665,3.0
5.673826271413663,3.6524131476966595,1.0
0.3110978413176966,-1.716234596936971,3.0
6.628143183786733,9.710245042401361,2.0
-0.2784733495027609,5.88181511850941,0.0
-0.3330125492671616,8.649882632521972,0.0
3.118795920732092,-8.682758373344788,2.0
-7.682451782603668,-4.17657066613808,1.0
-8.781020657236752,7.846786752898197,3.0
-4.394753916766634,4.046950567332839,3.0
-8.149603352820293,7.838545628840855,3.0
2.4088334623301026,-0.3538260504581281,3.0
2.7020569155226575,3.6673547809797746,0.0
9.768473307288762,1.7523367494054547,1.0
8.31772177616645,6.794413726629422,2.0
-5.48936314233214,5.578151612720845,3.0
2.3709902196721604,8.942507781742865,1.0
-7.058458258156852,3.3475263510917124,2.0
9.818701408732338,-4.464112966269833,0.0
9.299286269323563,9.566007479566249,2.0
1.5760726510958207,8.546591792590927,1.0
-6.420808653248049,-9.288686322859306,0.0
4.270301739470877,-8.627371598129795,2.0
-7.315982399104453,7.159854722512094,3.0
-1.5265416333282449,-1.8542056170991668,2.0
-7.04928675352313,5.378993203953339,3.0
4.079235856060514,-0.28385313960696834,3.0
-5.8695328729622,-1.6491228588506246,1.0
-0.23709736608098453,-0.28802160188167747,2.0
-0.7453858559240789,9.364986902586562,0.0
-1.9004271841534877,4.18559242016131,3.0
4.137626317918555,5.198533236424062,1.0
3.9129870616736895,-5.418951859700321,2.0
-3.662271250027085,8.914472866492254,0.0
-6.7208212013466895,4.082520862054865,2.0
-1.4643658375740856,-1.0580405675739168,2.0
-7.452103939441999,-5.234011740468906,0.0
7.177866111023036,4.972747181349227,1.0
8.137891681225351,-1.4660851173200058,0.0
-5.104073791451523,-5.328448957694194,0.0
-1.083690054778927,3.535048925653019,3.0
-2.159839588132062,-0.13574422769722005,2.0
3.2892892031814824,9.648132514859686,1.0
-4.972653200936774,6.129799499050282,0.0
-7.231762041025609,7.599516563325704,3.0
1.9447378173048886,-7.053066978443172,2.0
-5.134006459972856,-0.30834434477879036,1.0
7.735625776616303,-3.195506568711652,0.0
-1.8821127426832192,-4.950314369638365,2.0
1.6822170757669692,-0.7286982315529382,3.0
-1.1224967434683002,-6.924715087093219,1.0
-5.315048556389739,4.377625523524271,2.0
6.397112042548649,-3.970194609948374,0.0
-5.57909347420007,3.687942472100316,2.0
3.7944754219167702,3.869267504653555,0.0
0.3927637405482738,1.4495474663828283,0.0
0.994636790513038,8.18347045075037,1.0
4.907797611153388,-7.958415003126806,2.0
5.209494558087467,7.027872760906163,2.0
9.990117749767428,0.6699132822153651,1.0
3.4821743882768317,7.993359305277085,1.0
9.78488147353227,1.229805792755652,1.0
-2.7723377634257673,8.4449170083167,0.0
-9.672956868492824,2.6604275205964374,2.0
0.47877434941154995,3.383860403143551,0.0
8.136170191801284,-5.930804667617169,3.0
9.505599174495384,5.234290475157216,2.0
2.7961215722843846,2.590096152394244,0.0
9.646115765684979,7.068827882685799,2.0
-8.83275981753597,0.9776272384056917,2.0
3.1891731589503536,-7.06813408202154,2.0
0.617061003207537,1.5174901556170148,0.0
5.9697247428335825,-8.302685902493081,3.0
-1.7865750085907095,4.234148711948908,3.0
-7.204163810021029,4.8209142506793246,2.0
-1.9690955791221185,5.935819248237031,0.0
-4.6539779605350295,2.4037245669147786,3.0
-0.1848426785297903,-1.4614862869946208,2.0
1.1177731572346552,8.635137837683608,1.0
2.3210027788642513,-8.148310308041735,2.0
0.7730463744737204,8.621377226228969,1.0
4.277459790100863,-0.22808713106330458,3.0
-1.0589980560903989,0.8893718156505557,3.0
6.368468575182192,1.60354357435941,1.0
1.9295422484579419,7.702706767394332,1.0
5.633119777772791,-7.425739970021869,3.0
4.790441440970243,4.147926914778132,0.0
-0.6759997925295131,5.145070303586866,0.0
7.861004383691622,6.582522403411378,2.0
-2.734479571144613,2.062144117492755,3.0
-8.822754009870179,-3.4926201603807687,1.0
4.974429672363183,-0.6013591858004617,3.0
4.4625423374646385,4.328684737419779,0.0
-7.293146511597033,-0.3687753713450519,1.0
-8.31596698365952,-2.375212448232702,1.0
5.870869307176733,-3.489895561598275,0.0
-5.6196208914626595,-6.101470764254988,0.0
3.619021616508924,7.125290300439719,1.0
1.2236762722242638,7.985259817298505,1.0
6.712837365382221,-2.5225071945723254,0.0
-9.808673454325332,2.6274158907364953,2.0
9.32121712681526,2.444689674588334,1.0
7.631748216490749,-6.0830184298034755,3.0
-7.320632222614567,8.546963009847634,3.0
-4.380639469445359,8.216154070635874,0.0
3.69859259071049,-4.244913118572198,3.0
8.550042724484548,-7.90616546668657,3.0
-5.4940878026915225,-3.474249150770068,1.0
-4.967425493483022,-5.002543428781319,1.0
-5.751143075879373,-5.027540777529738,0.0
5.403214412288621,4.1374702529318235,1.0
3.2293095333525166,-6.794063086001751,2.0
7.81263622387052,3.9255301112152186,1.0
1.0329354587677368,8.23037132049124,1.0
3.0000169039378406,-7.267004802106696,2.0
1.963597306825779,-5.544846786435354,2.0
-3.5752447620705468,8.582543240913814,0.0
3.0312506880831958,6.609152215412401,1.0
-1.7126974213959034,1.1713579054048129,3.0
-3.0255555348654983,1.0465116661642924,3.0
-9.163674655693937,4.7811441436257045,2.0
4.001041496066705,-9.86553311848869,2.0
-2.5671790907370635,-4.879482286428245,2.0
9.796825008460136,-7.3576747564153955,3.0
-2.9112627285758315,3.7865950854971437,3.0
1.9249986026649424,0.7115494037773118,0.0
-5.186676975148352,9.446393024813744,3.0
-0.699603125484618,-9.376103654299882,1.0
-4.842895174710193,-0.09256723045148085,2.0
-1.7631594405289857,1.8495617035258398,3.0
7.397868249105258,9.13649257818902,2.0
3.511603313900519,9.269844370616728,1.0
3.8441014918321663,-4.325652816850811,3.0
6.476672690571309,2.8681735144891434,1.0
6.128644981484534,-1.6888220207447056,0.0
9.893917444301795,-2.4776246636769024,0.0
-6.43514197777413,-2.5819208507114784,1.0
-6.89535918981707,-4.236013860543184,1.0
9.358381393505827,1.3433079420395,1.0
-1.4251327165664325,1.7199520500170724,3.0
-0.9458702456282211,3.9096891668057143,3.0
-5.598683511444634,-0.41288910104796805,1.0
6.397030830973186,-1.8331554455808803,0.0
2.259395487287396,-7.256580795873129,2.0
-8.329602672123013,0.39164710969302874,2.0
-7.545497154888274,-4.421426582405545,1.0
4.958805961902385,4.2554014659305786,0.0
3.0296873682131586,5.302653637841564,1.0
-9.63358605931304,1.0118140046975892,2.0
-6.0923809152580795,-2.3176561374165257,1.0
7.28819099215189,-2.9346829791813622,0.0
9.873349133992221,6.829025388396975,2.0
-0.32725165101776454,8.85846664356708,0.0
1.5989666307475847,5.771940150076301,1.0
3.1556064946475253,-5.029734885017241,2.0
8.073334041601438,-9.385597681907168,3.0
4.36828504694428,-8.079857824247764,2.0
-7.789587752837566,3.2555004771424993,2.0
7.6511602975529485,6.540692204103632,2.0
9.534503051210557,5.7882419058481425,2.0
-6.920541611515261,1.6316196525372995,2.0
-1.9728537408895725,-2.14497698928853,2.0
-9.68875059459075,-5.796307513114709,0.0
-5.443793336297585,-5.362551719021356,0.0
-7.280444727373771,4.552814099918859,2.0
0.45750707869245844,9.928480028309387,1.0
1.5123733115597169,4.841588074492133,0.0
-2.9057177334704747,4.6358393088265455,3.0
6.4215759019458964,9.67701498321983,2.0
0.6437321054205114,-5.510370169732122,2.0
-4.055432405334738,7.760841873204313,0.0
0.06561263530488759,3.2921693865603032,0.0
-3.526398090897713,-2.8841830573517786,2.0
8.952520956943339,5.999506154847856,2.0
0.23753560206338875,6.608939877151233,1.0
4.790066247995215,-1.9556856798337048,3.0
2.894101507048177,7.682192681854588,1.0
-5.634413713800863,0.8509327997194411,2.0
-8.579917359387023,5.301681253941471,3.0
6.372540026445662,9.118004354358451,2.0
3.9608078027508355,-8.92729515786107,2.0
-5.695520938690595,-1.9901615307315605,1.0
-3.9866968851833295,7.609963613024398,0.0
6.459083730264286,4.3414642180348455,1.0
-5.179786954268812,2.7476784601836375,2.0
-6.056393744745659,6.790476362762515,3.0
-3.989764089304937,4.783071995231161,3.0
-4.74429589043339,3.60722710086241,3.0
1.7798241096276506,3.1222354226718867,0.0
2.7504039092901937,-7.2381583491136325,2.0
1.2327204496120139,2.314050304016197,0.0
9.904310397898254,5.725481532172376,2.0
-3.833213540025559,7.022992169286802,0.0
5.411699641130101,-9.271519452429972,3.0
7.10861476779511,-2.2579306592880606,0.0
4.075464522949815,6.484563175262231,1.0
-6.621320069913108,9.162815707535778,3.0
1.7291147620627338,-8.56908689830037,2.0
-0.08053268988240703,3.3128033839896567,3.0
-4.666207363391052,6.900446739025927,0.0
-1.4741896744262295,0.7630144810791979,3.0
-3.065633749540682,7.6319325640752,0.0
6.552033665163567,-3.258983755709666,0.0
3.8496095164399904,-8.032277858905,2.0
-9.149272734855664,4.274586884418195,2.0
-8.781801906431173,4.667534475844132,2.0
-2.6170153708577963,-3.585891464228159,2.0
-8.09735370366393,5.022793843398482,3.0
9.21891866647793,8.767114892664484,2.0
1.3581098951611068,-2.4140314908945886,3.0
-8.54006118251171,-1.5958929168462017,1.0
-2.583410954137884,2.14160691308658,3.0
7.240995867895901,-1.324364500453461,0.0
6.8365616294720795,-9.250999470583622,3.0
5.080001297817196,4.9431877043162675,1.0
9.0432974640275,4.400541859403626,1.0
0.6871709700784212,6.351962115067174,1.0
9.37476048027991,-6.520044278052534,3.0
-9.673851008248375,-5.251631010387017,0.0
-3.049407928832717,-6.0220286359546975,1.0
-5.116804676643179,-6.391514366920983,0.0
1.3390688956916499,-6.621289731106145,2.0
-2.1527107705666104,-1.3457358559386918,2.0
-1.3091780532372255,-4.145021341986244,2.0
1.1318733976351751,6.5359647244935175,1.0
-5.511728154542526,0.14308910015705933,2.0
0.38269631297019835,9.260604417289908,1.0
9.51679605367423,-3.5824819384451416,0.0
-4.993368497525084,6.892670427700754,0.0
5.714162753009708,-1.8649684611267254,0.0
-6.9353968158324975,-4.055489639371621,1.0
1.4846920790036844,1.6997528323304838,0.0
2.0239739114338384,-3.4799243210475073,3.0
-1.9110259080550094,9.07667020677988,0.0
-6.114610502905138,3.9005600535108975,2.0
3.0444966023105557,-0.6997239005774532,3.0
-3.0984029338647945,-2.3204592679583547,2.0
7.605067715990483,3.8710288351602955,1.0
-3.9759135689869822,-8.93293974720037,1.0
1.1986040340753927,-2.6450247392906228,3.0
-3.0874937070188118,6.35419550206764,0.0
1.033829687521079,2.9927147049543574,0.0
-9.759560656308203,5.238075618880128,3.0
7.498373033296147,-7.699242446410999,3.0
3.7111094177729047,8.60921466258884,1.0
6.090968375678976,9.739427571220073,2.0
8.146795390237614,3.8418488164471007,1.0
9.45848104230788,-6.494571006502441,3.0
9.945526363541834,-9.939243350157607,3.0
2.826262918253395,7.651558972347374,1.0
-0.8367533172346402,-4.331074932224334,2.0
5.252361966925507,3.600362596609326,1.0
-2.417005592217489,0.8746877131023574,3.0
-0.9307845050270167,8.445869345081398,0.0
6.807091588241178,5.39548304068415,2.0
0.772152403806281,-8.808594349430205,2.0
-9.853423482120194,4.909028672940517,2.0
9.319339097922818,7.472198935644506,2.0
-7.950949623961463,7.7035252791792,3.0
-8.862634659835456,5.931813186526176,3.0
9.656106497615063,2.9944213895401344,1.0
-6.425451723343681,5.680356456996716,3.0
7.68774320180912,-1.3775428220675927,0.0
0.6398057024700385,-7.817256706568811,2.0
6.999238394313338,-2.772151781176733,0.0
7.4226580826551185,-1.5245093285914706,0.0
-1.7817537747521506,1.0017598450128062,3.0
-5.473956952763526,-4.90926923810457,1.0
6.6949457075479515,0.14559928016153023,1.0
-0.6310729104631143,0.5385590404383258,3.0
-0.9899563367434805,5.982199452583746,0.0
-8.892075460386499,-0.8996138853853548,1.0
-2.5563544610119227,-2.816702174464143,2.0
1.8345124399044188,-8.300918310637993,2.0
-5.01634280212754,4.387441013630262,2.0
-2.177485517928379,4.40433496771929,3.0
-7.871472128093897,0.9302679951037103,2.0
-3.3264835820727434,7.951228667232225,0.0
3.8608447182310375,-0.818964348643533,3.0
-7.487801841878785,2.0146029997759065,2.0
-5.954546199034514,4.471876538287303,2.0
-0.2530763054585883,5.74624699196403,0.0
-9.87250958623909,9.826827565072492,3.0
7.888261666767683,7.960204336727369,2.0
-6.2494234994128295,-7.422210330899157,0.0
0.5477163312129978,0.4677122144389898,0.0
-2.9088445840831483,-5.831624504356439,1.0
3.5510690579676307,-3.1702607212728617,3.0
2.4981891057857535,-7.770384128497023,2.0
5.4521607116526045,-9.379331082630918,3.0
-8.604039761872135,-8.145859588715993,0.0
7.013207579594269,-9.569521473122592,3.0
0.17600268746708636,8.398971149384252,1.0
5.694463906890466,-2.761397636218044,0.0
9.91333367924869,-8.6258052092358,3.0
-5.588999969531059,-9.52559540689056,0.0
-8.216270186093729,-4.171761214451594,1.0
-6.428227119178032,-1.3103626547143712,1.0
3.8785182579332034,-4.502636225036509,3.0
-5.016143755245803,4.275535833668975,2.0
3.51375070631798,9.64430608311434,1.0
8.797115419125724,-3.9132439157312326,0.0
-2.052126182032284,-4.177951209380297,2.0
-4.825910831479538,-9.844215892542252,1.0
9.019084046678639,7.48603950509229,2.0
-1.2203901239264798,-1.1367094159765863,2.0
-6.289355124417455,9.45877430748817,3.0
-5.854939824913348,-8.670458413555915,0.0
-7.7867201833282085,-1.269780775523932,1.0
8.988343509866496,-0.8361918150929899,0.0
-6.09285905130114,-6.89358184281587,0.0
-6.1506708667680465,-8.490844813377,0.0
5.583475042324517,-3.046879420412896,0.0
8.981029905742954,-8.402947058123601,3.0
6.191806367967466,-2.8029144340758645,0.0
-4.029893843685124,5.180160769903587,0.0
-2.349431531395383,8.525667586145623,0.0
-1.2042166704998074,1.231781124137738,3.0
-1.1591947953194328,6.849848728571658,0.0
7.536173507559397,8.252365954835536,2.0
